"argentina" 0 0 0 0 0 0 534.108996391296 1617.70856380463 1573.0984210968 1340.22331237793 0 2295.35984992981 24.3665780872107 129.674166440964 120.731167495251 0 0 0
"bolivia" 0 0 122.954994440079 -330.821245908737 -823.428750038147 -1505.53417205811 0 0 -51.5329129993916 -65.9504607319832 -17.0060470700264 -33.2476645708084 0 0 0 0 0 0
"brasil" 0 0 0 1946.8412399292 16587.4481201172 8523.59580993652 0 0 0 0 0 1404.07192707062 0 0 0 0 0 0
"oceania" 0 0 0 20.6812657415867 -39.3799245357513 -916.940987110138 0 0 6.13067671656609 48.1491535902023 -37.1243357658386 -152.451813220978 0 0 0 0 0 0
"newzealand" 0 0 0 0 0 0 0 0 0 0 894.888401031494 2683.57467651367 0 0 0 -139.755427837372 0 0
"china" 0 0 0 0 106.304943561554 154.949605464935 3.99736454710364 12.3961260542274 1238.60955238342 3380.5193901062 4601.08327865601 3984.7776889801 4.64780209586024 0.814762257505208 716.095149517059 0 0 0
"japan" 0 0 0 0 0 0 0 0 39.1235016286373 534.606277942657 439.623564481735 331.698954105377 0 0 8.25254339724779 0 0 0
"korea" 0 0 0 0 0 0 0 0 0 30.935887247324 59.4133511185646 0 0 0 0 0 0 0
"indonesia" 0 0 0 -42.6506958901882 -39.9026088416576 1006.04581832886 0 0 0 0 0 0 0 0 0 0 0 0
"madagascar" 0 0 0 424.753606319427 181.123360991478 2819.1397190094 0 0 0 0 0 0 0 0 0 0 0 0
"eastasia" 0 0 0 0 0 13.8641856610775 0 0 374.996662139893 4045.02296447754 875.856220722198 0 0 -9.52936429530382 111.930660903454 0 0 0
"seasia" 0 0 0 5320.81890106201 7928.0366897583 6614.45951461792 0 0 0 0 39.3030308187008 1717.40639209747 0 0 0 0 0 0
"malasya" 0 0 0 0 0 97.812108695507 0 0 0 0 0 0 0 0 0 0 0 0
"myanmar" 0 0 0 1435.57345867157 2313.43626976013 257.23260641098 0 0 0 0 476.095080375671 430.662155151367 0 0 0 0 0 0
"southasia" 0 0 0 1065.69802761078 5050.61769485474 358.757704496384 0 -0.14264605124481 1.24832917936146 1017.42506027222 54.847214370966 0 0 0 0 0 0 0
"india" 0 402.376115322113 7654.71458435059 12525.9437561035 2408.17499160767 661.677896976471 0 729.725241661072 2043.34688186646 357.557535171509 244.287937879562 897.51273393631 0 0 0 0 0 0
"canada" 0 0 0 0 0 0 0 -1966.01140499115 187043.62487793 62713.7756347656 137.12839782238 0 0 404.845356941223 5836.7748260498 1.80292816367 0 0
"us" 0 0 0 0 0 0 -734.038233757019 -5403.72276306152 -2665.5809879303 17748.5122680664 10063.8656616211 4175.34303665161 39.1249693930149 287.221074104309 15.6961120665073 0 0 0
"mexico" 0 2130.82981109619 9730.26180267334 7980.22556304932 5277.09722518921 4580.73759078979 371.064513921738 1698.25863838196 8875.16403198242 5862.08820343018 1627.809882164 187.868356704712 0 0 0 0 0 0
"colombia" 0 0 0 0.339811434969306 -13.2551826536655 -1601.72963142395 0 0 0 0 -0.0753838467062451 -223.170638084412 0 0 0 0 0 0
"latinamer" 0 108.436897397041 28.5294111818075 428.38391661644 194.79064643383 4879.42743301392 -92.7949100732803 -46.5418621897697 -52.6268854737282 -158.68504345417 165.882647037506 1495.11671066284 3.34317283704877 97.7262780070305 471.292674541473 1287.43696212769 46.5561673045158 0
"paraguay" 0 0 0 0 0 -121.555060148239 0 0 0 0 0 126.974493265152 0 0 0 0 0 0
"peru" 11.4818513393402 39.8696884512901 31.7363142967224 7.71486619487405 80.4871022701263 1063.88998031616 38.0174480378628 32.0148579776287 41.6777469217777 59.8889365792274 343.305706977844 1510.93602180481 0 0 0 0 0 0
"uruguay" 0 0 0 0 0 0 0 0 0 0 0 -335.056781768799 0 0 0 0 0 0
"venezuela" 0 0.0398429619963281 0 -6.9199618883431 -22.6965583860874 -24.8347762972116 0 0 0 0 0 0 0 0 0 0 0 0
"eu27" 0 0 0 0 0 0 0 0 -19275.7205963135 -266373.626708984 -58613.2888793945 -11490.177154541 0 -615.936398506165 -9784.95788574219 -330.355405807495 0 0
"uk" 0 0 0 0 0 0 0 0 0 222.671002149582 4947.16739654541 77.0320296287537 0 0 0 -23.5442016273737 0 0
"efta" 0 0 0 0 0 0 0 0 0 864.165127277374 0 0 0 778.448343276978 502.552092075348 12.1374558657408 0 0
"restofworld" 0 0 0 0 0 0 1934.23140048981 192.937344312668 5295.1397895813 46691.7419433594 3443.69053840637 408.30534696579 26.9761998206377 335.117071866989 871.381342411041 18.4396766126156 0 0
"russia" 0 0 0 0 0 0 0 315.471172332764 26885.3492736816 8091.33338928223 257.329493761063 0 700.480222702026 2528.44405174255 9569.68879699707 0 0 0
"mena" -320.530414581299 0 0 0 0 0 -213.14200758934 -1376.50370597839 587.0600938797 3328.47428321838 388.258635997772 0 0 0 -1.79875653702766 0 0 0
"angola" 0 0 129.563927650452 2872.89762496948 3074.90015029907 0 0 0 1.70039758086205 419.731378555298 0 0 0 0 0 0 0 0
"drc" 0 0 0 0 3931.6258430481 5100.65650939941 0 0 0 0 0 0 0 0 0 0 0 0
"nafr" 9.19975899159908 0 0 0 0 0 61.3960921764374 68.5372799634933 14.0241552144289 5.04755508154631 0 0 0 0 0 0 0 0
"wafr" 0 0 738.237857818604 4960.58654785156 2842.64898300171 1731.41992092133 0 0 0 0 0 0 0 0 0 0 0 0
"cafr" 0 5.43213868513703 0 426.137268543243 2709.89727973938 6891.92867279053 0 0 0 0 0 0 0 0 0 0 0 0
"eafr" -0.177883834112436 -12.1420789510012 -4.48974268510938 1691.87951087952 1020.35903930664 2755.01823425293 0 0 0 0 747.379958629608 1225.5265712738 0 0 0 0 0 0
"safr" 0 0 -2274.07264709473 -1161.52274608612 -0.144645542604849 195.878073573112 0 -0.0148969265865162 -132.548004388809 158.297926187515 -61.7409013211727 0 0 0 0 0 0 0
"ivorycoast" 0 0 0 -1449.82016086578 -3354.87079620361 -6788.16270828247 0 0 0 0 0 0 0 0 0 0 0 0
"ghana" 0 0 0 34.2657379806042 1359.74097251892 2079.2076587677 0 0 0 0 0 0 0 0 0 0 0 0
"nigeria" 0 0 0 65.5708387494087 2149.21379089355 1579.27489280701 0 0 0 0 0 0 0 0 0 0 0 0
"mozambique" 0 0 1568.21203231812 4939.83554840088 2288.12742233276 0 0 0 0 0 0 0 0 0 0 0 0 0
