"argentina" 0 0 0 0 0 0 674.875557422638 2045.98760604858 2007.55143165588 1739.19308185577 0 3023.30422401428 30.6811779737473 163.658857345581 152.59812772274 0 0 0
"bolivia" 0 0 103.37670147419 -238.131016492844 -561.58447265625 -992.442011833191 0 0 -30.0292670726776 -45.6781387329102 -7.02193565666676 -15.9352850168943 0 0 0 0 0 0
"brasil" 0 0 0 3293.38312149048 24067.4915313721 12580.0647735596 0 0 0 0 0 2065.33122062683 0 0 0 0 0 0
"oceania" 0 0 0 27.6399813592434 -35.2534167468548 -997.561812400818 0 0 8.81493650376797 99.421925842762 23.1839008629322 2.76518077589571 0 0 0 0 0 0
"newzealand" 0 0 0 0 0 0 0 0 0 0 1165.7702922821 3517.70401000977 0 0 0 -116.283588111401 0 0
"china" 0 0 0 0 180.110484361649 218.753203749657 6.87712756916881 18.7217369675636 2146.01016044617 4340.16609191895 5227.52904891968 6184.34381484985 12.6864491030574 1.31882389541715 828.887701034546 0 0 0
"japan" 0 0 0 0 0 0 0 0 30.2665252238512 418.068945407867 330.31964302063 249.725937843323 0 0 7.23098311573267 0 0 0
"korea" 0 0 0 0 0 0 0 0 0 31.6798165440559 60.9960556030273 0 0 0 0 0 0 0
"indonesia" 0 0 0 -25.1724123954773 -19.2390009760857 970.660626888275 0 0 0 0 0 0 0 0 0 0 0 0
"madagascar" 0 0 0 -4.55008074641228 -69.0759569406509 -5.82914799451828 0 0 0 0 0 0 0 0 0 0 0 0
"eastasia" 0 0 0 0 0 23.0256132781506 0 0 343.002647161484 3210.94942092896 698.317050933838 0 0 19.5286273956299 201.093167066574 0 0 0
"seasia" 0 0 0 4838.54293823242 7823.30894470215 6144.61660385132 0 0 0 0 50.0176772475243 1573.27997684479 0 0 0 0 0 0
"malasya" 0 0 0 0 0 379.523158073425 0 0 0 0 0 0 0 0 0 0 0 0
"myanmar" 0 0 0 963.212609291077 1523.13232421875 161.70272231102 0 0 0 0 313.090682029724 276.395916938782 0 0 0 0 0 0
"southasia" 0 0 0 1064.41450119019 4893.48268508911 384.549081325531 0 0.14045657007955 1.42339407466352 945.617437362671 51.6684465110302 0 0 0 0 0 0 0
"india" 0 387.020349502563 6303.00045013428 10508.5830688477 2104.13670539856 551.558136940002 0 494.891405105591 1155.99918365479 258.728206157684 259.567975997925 764.949202537537 0 0 0 0 0 0
"canada" 0 0 0 0 0 0 0 -1464.16687965393 160023.590087891 53938.346862793 114.077255129814 0 0 359.148025512695 5087.37564086914 1.94158498197794 0 0
"us" 0 0 0 0 0 0 -367.111504077911 -2880.07497787476 -1482.53059387207 17771.5301513672 10639.6865844727 5710.75868606567 44.1189520061016 340.961962938309 16.1578804254532 0 0 0
"mexico" 0 2243.24226379395 10114.7327423096 8192.2607421875 5300.21667480469 4683.72440338135 387.834697961807 1769.69730854034 9119.20166015625 5995.27168273926 1652.72736549377 168.493002653122 0 0 0 0 0 0
"colombia" 0 0 0 0.875999976415187 8.44116322696209 -283.742338418961 0 0 0 0 0.194238527910784 -80.2500694990158 0 0 0 0 0 0
"latinamer" 0 106.876328587532 89.398592710495 737.983524799347 857.424914836884 7133.35514068604 -1.81385059840977 106.214538216591 156.070381402969 74.8059153556824 354.346454143524 1873.15142154694 3.97024489939213 134.848862886429 600.254356861115 1411.56876087189 87.8724455833435 0
"paraguay" 0 0 0 0 0 -126.687094569206 0 0 0 0 0 108.458131551743 0 0 0 0 0 0
"peru" 14.2150269821286 45.8640903234482 34.989058971405 7.70382583141327 90.7152071595192 1138.91661167145 52.185982465744 41.2745401263237 50.0037893652916 72.5308582186699 385.682910680771 1562.31927871704 0 0 0 0 0 0
"uruguay" 0 0 0 0 0 0 0 0 0 0 0 -22.433876991272 0 0 0 0 0 0
"venezuela" 0 0.152442924445495 0 17.3894837498665 108.359605073929 312.384068965912 0 0 0 0 0 0 0 0 0 0 0 0
"eu27" 0 0 0 0 0 0 0 0 -19644.5331573486 -272996.520996094 -59202.1446228027 -11631.2980651855 0 -637.5333070755 -10046.3428497314 -334.527969360352 0 0
"uk" 0 0 0 0 0 0 0 0 0 288.20675611496 5312.05368041992 91.3095325231552 0 0 0 -22.174134850502 0 0
"efta" 0 0 0 0 0 0 0 0 0 803.973197937012 0 0 0 798.849284648895 487.99929022789 12.8051554784179 0 0
"restofworld" 0 0 0 0 0 0 2151.24797821045 209.591791033745 5420.4568862915 46547.2755432129 3490.77415466309 408.149898052216 29.107253998518 357.4438393116 880.355358123779 19.4236598908901 0 0
"russia" 0 0 0 0 0 0 0 340.599775314331 29322.3991394043 8978.36303710938 275.192141532898 0 697.100102901459 2380.02157211304 8357.63168334961 0 0 0
"mena" -171.928539872169 0 0 0 0 0 -130.067244172096 -815.255343914032 1054.39496040344 2710.75487136841 308.564633131027 0 0 0 -0.339145655743778 0 0 0
"angola" 0 0 219.495326280594 4915.36903381348 5241.01638793945 0 0 0 2.62446282431483 729.490637779236 0 0 0 0 0 0 0 0
"drc" 0 0 0 0 4331.4380645752 5484.34638977051 0 0 0 0 0 0 0 0 0 0 0 0
"nafr" 9.72857885062695 0 0 0 0 0 110.795848071575 119.630791246891 16.3663700222969 6.18117209523916 0 0 0 0 0 0 0 0
"wafr" 0 0 779.238343238831 4632.57360458374 2629.02426719666 636.242866516113 0 0 0 0 0 0 0 0 0 0 0 0
"cafr" 0 6.14517694339156 0 505.341291427612 3334.76161956787 8701.75170898438 0 0 0 0 0 0 0 0 0 0 0 0
"eafr" -0.0460215414932463 -6.29737880080938 28.42210046947 1975.04007816315 1083.70792865753 2626.34944915771 0 0 0 0 708.44841003418 1157.46605396271 0 0 0 0 0 0
"safr" 0 0 -1450.46842098236 -409.242480993271 1.51893263682723 190.262347459793 0 0.005258895271254 -60.1356253027916 219.569772481918 61.2765997648239 0 0 0 0 0 0 0
"ivorycoast" 0 0 0 -1434.11922454834 -3323.44245910645 -6702.77833938599 0 0 0 0 0 0 0 0 0 0 0 0
"ghana" 0 0 0 4773.09465408325 66267.5170898438 -25243.3319091797 0 0 0 0 0 0 0 0 0 0 0 0
"nigeria" 0 0 0 73.6831277608871 1907.142162323 1349.06768798828 0 0 0 0 0 0 0 0 0 0 0 0
"mozambique" 0 0 1573.10545444489 4900.19226074219 2255.2661895752 0 0 0 0 0 0 0 0 0 0 0 0 0
