"argentina" 0 0 0 0 0 0 666.065812110901 2025.19655227661 1998.19898605347 1771.5904712677 0 3105.21101951599 30.8504868298769 164.072245359421 152.221024036407 0 0 0
"bolivia" 0 0 96.3057279586792 -211.673781275749 -500.763714313507 -887.199282646179 0 0 -27.8765428811312 -40.005762130022 -6.25019380822778 -13.9984283596277 0 0 0 0 0 0
"brasil" 0 0 0 2961.96365356445 20960.9756469727 12494.1740036011 0 0 0 0 0 1967.44251251221 0 0 0 0 0 0
"oceania" 0 0 0 13.9646008610725 75.1667991280556 723.755776882172 0 0 8.40271636843681 242.914929986 401.705622673035 1104.60901260376 0 0 0 0 0 0
"newzealand" 0 0 0 0 0 0 0 0 0 0 -244.88265812397 -665.488064289093 0 0 0 212.458476424217 0 0
"china" 0 0 0 0 140.906572341919 183.854416012764 5.12071512639523 15.3024373576045 1645.69997787476 3803.35235595703 4862.52117156982 4998.19564819336 8.17575491964817 1.04995688889176 765.559732913971 0 0 0
"japan" 0 0 0 0 0 0 0 0 45.9687672555447 641.842484474182 477.202653884888 362.202256917953 0 0 12.5760044902563 0 0 0
"korea" 0 0 0 0 0 0 0 0 0 26.8827080726624 53.0622601509094 0 0 0 0 0 0 0
"indonesia" 0 0 0 32.667264342308 72.8989690542221 3132.61461257935 0 0 0 0 0 0 0 0 0 0 0 0
"madagascar" 0 0 0 -36.071814596653 -81.4782679080963 -278.048187494278 0 0 0 0 0 0 0 0 0 0 0 0
"eastasia" 0 0 0 0 0 14.9053474888206 0 0 322.060108184814 3429.59380149841 752.313077449799 0 0 -2.27194698527455 115.779899060726 0 0 0
"seasia" 0 0 0 4900.06637573242 8120.51582336426 6346.02069854736 0 0 0 0 53.8312494754791 1617.19286441803 0 0 0 0 0 0
"malasya" 0 0 0 0 0 131.704360246658 0 0 0 0 0 0 0 0 0 0 0 0
"myanmar" 0 0 0 1277.05240249634 2142.49467849731 232.493430376053 0 0 0 0 443.830788135529 395.030975341797 0 0 0 0 0 0
"southasia" 0 0 0 970.210075378418 4586.99369430542 324.478417634964 0 -0.100314020528458 1.13756745122373 918.95318031311 49.4519770145416 0 0 0 0 0 0 0
"india" 0 374.576807022095 7083.87565612793 11620.7065582275 2237.70475387573 613.694548606873 0 662.655830383301 1869.58408355713 331.097841262817 229.209944605827 834.386706352234 0 0 0 0 0 0
"canada" 0 0 0 0 0 0 0 -1289.16811943054 142046.279907227 49480.4000854492 114.326402544975 0 0 340.095371007919 5103.75499725342 1.4960658736527 0 0
"us" 0 0 0 0 0 0 -126.370996236801 -1955.30390739441 -1242.51055717468 14395.6394195557 10081.8557739258 6542.15335845947 41.9046357274055 328.981280326843 15.362317673862 0 0 0
"mexico" 0 -233.829528093338 -849.574327468872 -219.632834196091 554.500222206116 5.15011372044683 -36.5661904215813 -171.82195186615 -392.868429422379 86.7852866649628 117.123834788799 175.802603363991 0 0 0 0 0 0
"colombia" 0 0 0 0.45997864799574 -7.83668830990791 -1246.03271484375 0 0 0 0 -0.00691940113028977 -181.676670908928 0 0 0 0 0 0
"latinamer" 0 104.257360100746 44.1604740917683 507.573127746582 396.367251873016 5464.69068527222 -67.8723901510239 -8.07191338390112 1.1498685926199 -89.3592536449432 224.246054887772 1560.83524227142 3.3923452720046 104.106090962887 490.062266588211 1282.35578536987 55.8594092726707 0
"paraguay" 0 0 0 0 0 -36.3682359457016 0 0 0 0 0 126.560300588608 0 0 0 0 0 0
"peru" 11.6913020610809 39.6296493709087 30.0802830606699 7.35984090715647 81.3400745391846 1087.25643157959 40.7799556851387 32.7436625957489 42.3944108188152 61.3557323813438 341.624647378922 1470.89457511902 0 0 0 0 0 0
"uruguay" 0 0 0 0 0 0 0 0 0 0 0 95.6267565488815 0 0 0 0 0 0
"venezuela" 0 0.0207470002351329 0 -22.0380909740925 -77.5714963674545 -169.909834861755 0 0 0 0 0 0 0 0 0 0 0 0
"eu27" 0 0 0 0 0 0 0 0 -19857.385635376 -276166.198730469 -59689.9337768555 -11743.1774139404 0 -635.281801223755 -10168.8108444214 -337.683796882629 0 0
"uk" 0 0 0 0 0 0 0 0 0 292.652457952499 5314.55612182617 92.0245200395584 0 0 0 -21.8227561563253 0 0
"efta" 0 0 0 0 0 0 0 0 0 866.102635860443 0 0 0 803.200364112854 510.011196136475 12.6319024711847 0 0
"restofworld" 0 0 0 0 0 0 2082.5297832489 203.940123319626 5362.86878585815 46325.2182006836 3458.56666564941 405.893385410309 28.287298977375 349.274933338165 872.872471809387 19.0503671765327 0 0
"russia" 0 0 0 0 0 0 0 305.362224578857 26076.0841369629 7838.36984634399 245.528489351273 0 629.72754240036 2174.50952529907 7739.49480056763 0 0 0
"mena" -225.295320153236 0 0 0 0 0 -165.92313349247 -1045.77374458313 1028.94127368927 3109.63153839111 357.094347476959 0 0 0 -0.623887113761157 0 0 0
"angola" 0 0 133.782312273979 2986.26708984375 3197.11422920227 0 0 0 1.57997442875057 436.743885278702 0 0 0 0 0 0 0 0
"drc" 0 0 0 0 4049.84283447266 5209.97619628906 0 0 0 0 0 0 0 0 0 0 0 0
"nafr" 9.27830394357443 0 0 0 0 0 86.2926840782166 93.386635184288 14.9549013003707 5.52950613200665 0 0 0 0 0 0 0 0
"wafr" 0 0 728.725910186768 4876.31273269653 2800.75001716614 1649.19078350067 0 0 0 0 0 0 0 0 0 0 0 0
"cafr" 0 5.32757490873337 0 419.687688350677 2678.39503288269 6847.68199920654 0 0 0 0 0 0 0 0 0 0 0 0
"eafr" -0.103909565950744 -8.50898213684559 16.0242654383183 1849.79963302612 1050.04096031189 2658.38479995728 0 0 0 0 717.031598091125 1166.26882553101 0 0 0 0 0 0
"safr" 0 0 -2005.56492805481 -935.703754425049 0.286189140751958 189.185500144958 0 -0.0086071549958433 -108.599215745926 171.857580542564 -27.8154741972685 0 0 0 0 0 0 0
"ivorycoast" 0 0 0 -1425.17709732056 -3298.2223033905 -6666.03755950928 0 0 0 0 0 0 0 0 0 0 0 0
"ghana" 0 0 0 33.1933721899986 1306.85031414032 1986.56058311462 0 0 0 0 0 0 0 0 0 0 0 0
"nigeria" 0 0 0 63.5944977402687 2052.74295806885 1505.03289699554 0 0 0 0 0 0 0 0 0 0 0 0
"mozambique" 0 0 1476.12535953522 4643.86987686157 2147.04513549805 0 0 0 0 0 0 0 0 0 0 0 0 0
