"argentina" 0 0 0 0 0 0 1445.16479969025 4061.0237121582 4174.42083358765 3606.41121864319 0 6309.36241149902 18.4917654842138 152.540102601051 209.703803062439 0 0 0
"bolivia" 0 0 -213.846921920776 699.042916297913 1937.62814998627 3520.43914794922 0 0 139.567881822586 121.185965836048 53.205668926239 91.7077660560608 0 0 0 0 0 0
"brasil" 0 0 0 8061.52725219727 77966.5985107422 -3621.52409553528 0 0 0 0 0 2054.00896072388 0 0 0 0 0 0
"oceania" 0 0 0 10.4306638240814 -0.948118977248669 -236.835658550262 0 0 3.0324172694236 53.4112490713596 60.9480813145638 156.515657901764 0 0 0 0 0 0
"newzealand" 0 0 0 0 0 0 0 0 0 0 102.350331842899 314.635545015335 0 0 0 5.69191202521324 0 0
"china" 0 0 0 0 152.972728013992 117.240272462368 6.64413860067725 13.5895600542426 2031.35871887207 1653.98061275482 509.989857673645 4462.95213699341 18.4393227100372 1.20554736349732 131.557255983353 0 0 0
"japan" 0 0 0 0 0 0 0 0 -27.2856391966343 -362.286657094955 -329.19442653656 -246.829599142075 0 0 -3.5843497607857 0 0 0
"korea" 0 0 0 0 0 0 0 0 0 8.17762687802315 16.339598223567 0 0 0 0 0 0 0
"indonesia" 0 0 0 91.9642075896263 31.6076539456844 -8903.53584289551 0 0 0 0 0 0 0 0 0 0 0 0
"madagascar" 0 0 0 137.814730405807 56.173212826252 1171.76008224487 0 0 0 0 0 0 0 0 0 0 0 0
"eastasia" 0 0 0 0 0 29.7243259847164 0 0 -109.686866402626 -2758.03542137146 -578.019559383392 0 0 94.26249563694 286.584466695786 0 0 0
"seasia" 0 0 0 -1348.91867637634 -230.697080492973 -1578.33170890808 0 0 0 0 32.5571447610855 -409.863829612732 0 0 0 0 0 0
"malasya" 0 0 0 0 0 -1928.89881134033 0 0 0 0 0 0 0 0 0 0 0 0
"myanmar" 0 0 0 -653.672218322754 -1310.48989295959 -167.929634451866 0 0 0 0 -278.885632753372 -263.791680335999 0 0 0 0 0 0
"southasia" 0 0 0 -390.868246555328 -2131.91199302673 -83.7935581803322 0 0.717314193025231 -0.220444038859569 -589.121460914612 -29.9536045640707 0 0 0 0 0 0 0
"india" 0 -172.678649425507 -4767.28582382202 -7052.29091644287 -1221.54176235199 -376.999735832214 0 -666.281819343567 -2069.31066513062 -263.801395893097 -55.3816445171833 -474.898904561996 0 0 0 0 0 0
"canada" 0 0 0 0 0 0 0 2670.44615745544 -88397.346496582 -26606.3270568848 -71.9631314277649 0 0 -183.219417929649 -2805.1426410675 -0.302267319057137 0 0
"us" 0 0 0 0 0 0 1353.75845432281 8871.9425201416 2599.62177276611 -763.307332992554 1330.78908920288 5895.9436416626 14.0521209686995 135.051667690277 0.376897456590086 0 0 0
"mexico" 0 232.107311487198 780.123233795166 469.908148050308 92.8935110569 236.305311322212 37.2513644397259 158.262878656387 555.838167667389 264.732301235199 42.5175800919533 -46.9659864902496 0 0 0 0 0 0
"colombia" 0 0 0 1.14632933400571 73.5169053077698 5153.54156494141 0 0 0 0 0.801666465122253 587.599515914917 0 0 0 0 0 0
"latinamer" 0 3.23399039916694 99.0747511386871 577.616989612579 1261.86370849609 4935.76717376709 117.903023958206 204.472303390503 290.440022945404 350.975871086121 380.764603614807 768.93138885498 1.08729698695242 58.6474984884262 216.58556163311 278.52788567543 62.4502636492252 0
"paraguay" 0 0 0 0 0 -12858.6864471436 0 0 0 0 0 -4078.96518707275 0 0 0 0 0 0
"peru" 4.97576221823692 13.7780234217644 14.198325574398 1.94486940745264 18.4991918504238 89.4874185323715 17.1500407159328 15.0542818009853 14.9084720760584 19.9927892535925 106.374971568584 355.413168668747 0 0 0 0 0 0
"uruguay" 0 0 0 0 0 0 0 0 0 0 0 -494.148671627045 0 0 0 0 0 0
"venezuela" 0 0.312160758767277 0 83.8960632681847 445.313930511475 1085.39819717407 0 0 0 0 0 0 0 0 0 0 0 0
"eu27" 0 0 0 0 0 0 0 0 -6407.142162323 -102348.419189453 -14767.5189971924 -3156.27121925354 0 -102.60496288538 -3782.7455997467 -74.8903304338455 0 0
"uk" 0 0 0 0 0 0 0 0 0 1083.16731452942 2292.90843009949 198.915541172028 0 0 0 53.8633540272713 0 0
"efta" 0 0 0 0 0 0 0 0 0 -16.3328945636749 0 0 0 269.019275903702 69.4490075111389 5.5403234437108 0 0
"restofworld" 0 0 0 0 0 0 1056.33115768433 95.1204001903534 1795.08531093597 13318.1924819946 1107.39994049072 119.487896561623 12.7623006701469 147.727221250534 274.898737668991 7.58741237223148 0 0
"russia" 0 0 0 0 0 0 0 62.6966878771782 5818.08185577393 1908.31124782562 23.0522528290749 0 -251.148581504822 -1699.83422756195 -10281.566619873 0 0 0
"mena" 217.695817351341 0 0 0 0 0 164.182335138321 1130.5718421936 343.979239463806 -1810.02378463745 -224.561840295792 0 0 0 1.69315177481622 0 0 0
"angola" 0 0 194.159105420113 4571.28953933716 4906.92329406738 0 0 0 0.271328637609258 676.686108112335 0 0 0 0 0 0 0 0
"drc" 0 0 0 0 1954.14078235626 2295.54510116577 0 0 0 0 0 0 0 0 0 0 0 0
"nafr" 3.74378659762442 0 0 0 0 0 171.760931611061 178.172528743744 11.4744808524847 4.9242340028286 0 0 0 0 0 0 0 0
"wafr" 0 0 966.247081756592 5030.19094467163 3194.60368156433 -1107.60462284088 0 0 0 0 0 0 0 0 0 0 0 0
"cafr" 0 2.58399453014135 0 275.758922100067 1901.8018245697 5321.22039794922 0 0 0 0 0 0 0 0 0 0 0 0
"eafr" 0.32785497023724 14.5547213032842 88.7892842292786 908.046841621399 253.906667232513 -81.4760029315948 0 0 0 0 -37.8559418022633 -79.9688324332237 0 0 0 0 0 0
"safr" 0 0 2136.54899597168 1525.5218744278 3.00600077025592 -5.83570031449199 0 0.0453921020380221 166.592240333557 158.557891845703 223.492577672005 0 0 0 0 0 0 0
"ivorycoast" 0 0 0 9735.96096038818 18455.3108215332 52911.5829467773 0 0 0 0 0 0 0 0 0 0 0 0
"ghana" 0 0 0 4862.78867721558 67337.2039794922 -25292.2706604004 0 0 0 0 0 0 0 0 0 0 0 0
"nigeria" 0 0 0 15.1300020515919 -216.083228588104 -244.004979729652 0 0 0 0 0 0 0 0 0 0 0 0
"mozambique" 0 0 410.115540027618 1074.81861114502 417.30809211731 0 0 0 0 0 0 0 0 0 0 0 0 0
