"argentina" 0 0 0 0 0 0 663.491249084473 1539.99710083008 1855.99160194397 1471.77684307098 0 2254.28581237793 -39.3814891576767 -130.051955580711 -21.4699618518353 0 0 0
"bolivia" 0 0 -2.63224402442575 88.4704738855362 317.187190055847 465.031117200851 0 0 17.6030341535807 0.352546107023954 8.63042566925287 12.8745175898075 0 0 0 0 0 0
"brasil" 0 0 0 11595.7317352295 81491.7755126953 36914.9703979492 0 0 0 0 0 6363.20209503174 0 0 0 0 0 0
"oceania" 0 0 0 -3.35412821732461 -99.000446498394 -1094.22850608826 0 0 -4.96643595397472 -223.854675889015 -445.462912321091 -1262.75229454041 0 0 0 0 0 0
"newzealand" 0 0 0 0 0 0 0 0 0 0 -332.046240568161 -1149.16110038757 0 0 0 -400.783270597458 0 0
"china" 0 0 0 0 0.962456106208265 9.53676644712687 2.84820701926947 6.7049702629447 538.137972354889 1008.63754749298 1168.02263259888 701.565742492676 -1.90344289876521 1.07126450166106 273.322820663452 0 0 0
"japan" 0 0 0 0 0 0 0 0 8.38616862893105 102.275684475899 143.268376588821 103.748746216297 0 0 -1.16503180470318 0 0 0
"korea" 0 0 0 0 0 0 0 0 0 41.4426624774933 76.5730142593384 0 0 0 0 0 0 0
"indonesia" 0 0 0 -68.7864720821381 -103.254944086075 -2691.99442863464 0 0 0 0 0 0 0 0 0 0 0 0
"madagascar" 0 0 0 538.018107414246 233.648002147675 3778.65886688232 0 0 0 0 0 0 0 0 0 0 0 0
"eastasia" 0 0 0 0 0 21.0133194923401 0 0 258.017688989639 2461.01808547974 553.825974464417 0 0 19.5099711418152 165.570750832558 0 0 0
"seasia" 0 0 0 4322.37911224365 6237.01667785645 4964.99633789062 0 0 0 0 28.6468416452408 1396.98934555054 0 0 0 0 0 0
"malasya" 0 0 0 0 0 -906.132698059082 0 0 0 0 0 0 0 0 0 0 0 0
"myanmar" 0 0 0 864.203095436096 1108.1690788269 98.7980365753174 0 0 0 0 206.423118710518 197.886377573013 0 0 0 0 0 0
"southasia" 0 0 0 340.298414230347 1549.44729804993 161.036565899849 0 0.337280856911093 0.222559232497588 86.4302441477776 6.93354662507772 0 0 0 0 0 0 0
"india" 0 186.153471469879 4075.27208328247 7410.51197052002 1496.06883525848 427.964746952057 0 398.409128189087 1322.96073436737 219.259649515152 127.480715513229 601.068675518036 0 0 0 0 0 0
"canada" 0 0 0 0 0 0 0 -1564.10360336304 -19640.2473449707 201.020240783691 -9.33049712330103 0 0 -101.380303502083 -1768.41855049133 -1.76486000418663 0 0
"us" 0 0 0 0 0 0 565.85282087326 -1376.45745277405 -1132.38394260406 4389.56928253174 4163.01393508911 5244.57216262817 13.690298423171 104.194574058056 6.95344153791666 0 0 0
"mexico" 0 2191.00427627563 9704.69951629639 7687.38126754761 4570.97244262695 4220.44944763184 391.042828559875 1740.24522304535 8779.46853637695 5513.35906982422 1460.74223518372 59.2821650207043 0 0 0 0 0 0
"colombia" 0 0 0 0.650253961794078 10.0143533200026 136.687636375427 0 0 0 0 0.179633032530546 -20.0843792408705 0 0 0 0 0 0
"latinamer" 0 81.0919851064682 -68.3833807706833 -147.974103689194 -876.325368881226 4.93528693914413 -195.797592401505 -245.302021503448 -327.470362186432 -438.236594200134 -153.033316135406 549.234390258789 1.61998230032623 23.921974003315 182.448923587799 804.231762886047 -18.964409828186 0
"paraguay" 0 0 0 0 0 -4393.71967315674 0 0 0 0 0 -826.13068819046 0 0 0 0 0 0
"peru" 14.3090728670359 44.4433614611626 33.5036218166351 7.16771231964231 86.0507413744926 1040.28141498566 52.9601573944092 40.5590496957302 49.1251647472382 70.650689303875 371.860682964325 1461.17639541626 0 0 0 0 0 0
"uruguay" 0 0 0 0 0 0 0 0 0 0 0 -4766.9882774353 0 0 0 0 0 0
"venezuela" 0 0.264925154624507 0 66.1169439554214 354.287803173065 874.734103679657 0 0 0 0 0 0 0 0 0 0 0 0
"eu27" 0 0 0 0 0 0 0 0 -22469.6254730225 -301172.485351562 -71624.51171875 -13865.2076721191 0 -924.712300300598 -10973.76537323 -414.907276630402 0 0
"uk" 0 0 0 0 0 0 0 0 0 150.999441742897 5031.54706954956 66.1705434322357 0 0 0 -29.0610957890749 0 0
"efta" 0 0 0 0 0 0 0 0 0 515.565156936646 0 0 0 771.729290485382 385.23006439209 13.4678734466434 0 0
"restofworld" 0 0 0 0 0 0 2308.51697921753 216.708183288574 4838.81378173828 38296.142578125 3014.10317420959 338.335573673248 29.1353967040777 348.862618207932 752.410888671875 18.3490179479122 0 0
"russia" 0 0 0 0 0 0 0 182.256475090981 15905.2391052246 4588.72127532959 104.781314730644 0 -110.450766980648 -1387.65454292297 -10231.9030761719 0 0 0
"mena" -545.35984992981 0 0 0 0 0 -215.172484517097 -1510.58459281921 -3167.76251792908 12.0509564876556 23.4102513641119 0 0 0 -8.56790971010923 0 0 0
"angola" 0 0 207.907870411873 4535.32648086548 4794.14939880371 0 0 0 3.8313923869282 684.393882751465 0 0 0 0 0 0 0 0
"drc" 0 0 0 0 4398.0073928833 5604.01010513306 0 0 0 0 0 0 0 0 0 0 0 0
"nafr" 7.24170124158263 0 0 0 0 0 120.553478598595 91.608352959156 12.3457117006183 4.54264879226685 0 0 0 0 0 0 0 0
"wafr" 0 0 923.64639043808 5448.52828979492 3113.84677886963 1311.33306026459 0 0 0 0 0 0 0 0 0 0 0 0
"cafr" 0 5.85886649787426 0 518.131256103516 3035.84289550781 7805.08661270142 0 0 0 0 0 0 0 0 0 0 0 0
"eafr" -0.117668787424918 -11.4851705729961 -36.7176346480846 607.040643692017 481.762856245041 1919.99650001526 0 0 0 0 520.188570022583 939.695417881012 0 0 0 0 0 0
"safr" 0 0 -1295.6166267395 -703.177690505981 0.298956379992887 149.567782878876 0 -0.00115619195639738 -68.553552031517 156.237423419952 -24.1240449249744 0 0 0 0 0 0 0
"ivorycoast" 0 0 0 -1488.31415176392 -3461.918592453 -7040.18115997314 0 0 0 0 0 0 0 0 0 0 0 0
"ghana" 0 0 0 45.9312461316586 1469.49887275696 1959.27500724792 0 0 0 0 0 0 0 0 0 0 0 0
"nigeria" 0 0 0 53.9061613380909 1768.723487854 1286.86356544495 0 0 0 0 0 0 0 0 0 0 0 0
"mozambique" 0 0 1345.71671485901 3669.84891891479 1450.7337808609 0 0 0 0 0 0 0 0 0 0 0 0 0
