"argentina" 0 0 0 0 0 0 1044.79849338531 3090.5613899231 3189.00036811829 2837.41021156311 0 5111.68956756592 34.3687012791634 199.780136346817 205.594912171364 0 0 0
"bolivia" 0 0 4.03157901018858 116.096958518028 405.972540378571 511.205315589905 0 0 12.5558916479349 -4.25489153712988 7.75466021150351 12.3080015182495 0 0 0 0 0 0
"brasil" 0 0 0 4549.23343658447 38121.6087341309 6198.55976104736 0 0 0 0 0 1817.25776195526 0 0 0 0 0 0
"oceania" 0 0 0 23.4985686838627 -61.3527446985245 -1275.16770362854 0 0 5.98197057843208 18.245205283165 -109.626635909081 -360.815733671188 0 0 0 0 0 0
"newzealand" 0 0 0 0 0 0 0 0 0 0 1072.2244977951 3212.39113807678 0 0 0 -176.743403077126 0 0
"china" 0 0 0 0 185.912281274796 199.056550860405 7.60476803407073 18.1377269327641 2280.77363967896 3657.14764595032 3838.48714828491 6056.09607696533 16.1160044372082 1.36192177888006 624.310553073883 0 0 0
"japan" 0 0 0 0 0 0 0 0 11.0713336616755 155.116260051727 120.472222566605 91.281458735466 0 0 2.97859730198979 0 0 0
"korea" 0 0 0 0 0 0 0 0 0 26.8996823579073 52.0683415234089 0 0 0 0 0 0 0
"indonesia" 0 0 0 5.9129698202014 -34.2613607645035 -4486.02342605591 0 0 0 0 0 0 0 0 0 0 0 0
"madagascar" 0 0 0 525.853455066681 238.743752241135 3687.07537651062 0 0 0 0 0 0 0 0 0 0 0 0
"eastasia" 0 0 0 0 0 25.9830057621002 0 0 195.532590150833 1162.23764419556 259.279906749725 0 0 47.3553314805031 241.773039102554 0 0 0
"seasia" 0 0 0 2941.79725646973 5261.65008544922 3553.71761322021 0 0 0 0 44.5243418216705 935.439586639404 0 0 0 0 0 0
"malasya" 0 0 0 0 0 -898.510694503784 0 0 0 0 0 0 0 0 0 0 0 0
"myanmar" 0 0 0 788.063824176788 1079.99181747437 110.235452651978 0 0 0 0 217.05624461174 190.579727292061 0 0 0 0 0 0
"southasia" 0 0 0 390.61114192009 1746.52123451233 152.790263295174 0 0.233625411055982 0.452146399766207 250.056147575378 13.9354765415192 0 0 0 0 0 0 0
"india" 0 139.638230204582 2250.07724761963 4290.67516326904 871.804118156433 224.73219037056 0 158.094465732574 374.68558549881 99.6334627270699 113.690450787544 316.654175519943 0 0 0 0 0 0
"canada" 0 0 0 0 0 0 0 666.65780544281 91744.5373535156 32487.922668457 64.1377717256546 0 0 198.116108775139 2835.14142036438 1.12744118086994 0 0
"us" 0 0 0 0 0 0 296.716749668121 1850.90208053589 -782.982051372528 13692.0862197876 8221.6625213623 6800.01163482666 38.3931025862694 290.633022785187 11.6391256451607 0 0 0
"mexico" 0 2310.39190292358 10353.5480499268 8303.73191833496 5225.35514831543 4730.00335693359 402.469992637634 1834.48338508606 9279.51240539551 5990.59200286865 1624.54497814178 122.585482895374 0 0 0 0 0 0
"colombia" 0 0 0 0.824587885290384 25.5369748920202 1184.14545059204 0 0 0 0 0.326074106851593 94.405472278595 0 0 0 0 0 0
"latinamer" 0 83.2971185445786 66.1584809422493 615.354299545288 824.105620384216 6513.63563537598 -30.1006510853767 34.3045517802238 65.8050253987312 25.3405049443245 331.346273422241 1511.94751262665 2.9409434646368 95.2834486961365 438.866198062897 1093.75929832458 58.1275671720505 0
"paraguay" 0 0 0 0 0 -12692.5487518311 0 0 0 0 0 -3885.97226142883 0 0 0 0 0 0
"peru" 13.3392745628953 42.6098629832268 31.3751250505447 7.06891529262066 85.4220539331436 1085.73651313782 49.6704690158367 38.1506681442261 46.9128079712391 68.1300759315491 359.827756881714 1448.62604141235 0 0 0 0 0 0
"uruguay" 0 0 0 0 0 0 0 0 0 0 0 -192.337781190872 0 0 0 0 0 0
"venezuela" 0 0.208319557714276 0 50.9065240621567 266.636610031128 665.094137191772 0 0 0 0 0 0 0 0 0 0 0 0
"eu27" 0 0 0 0 0 0 0 0 -19911.3159179688 -274852.905273438 -60677.5283813477 -11894.9270248413 0 -731.23574256897 -10070.5194473267 -346.450239419937 0 0
"uk" 0 0 0 0 0 0 0 0 0 266.79539680481 5179.66604232788 86.5640640258789 0 0 0 -22.5677080452442 0 0
"efta" 0 0 0 0 0 0 0 0 0 738.718748092651 0 0 0 786.275267601013 462.92632818222 12.8480922430754 0 0
"restofworld" 0 0 0 0 0 0 2192.48366355896 211.046740412712 5211.89546585083 43867.431640625 3333.43315124512 385.657608509064 29.0386602282524 353.861808776855 838.409185409546 19.0574191510677 0 0
"russia" 0 0 0 0 0 0 0 297.796905040741 25612.5621795654 7799.71981048584 227.933660149574 0 455.693662166595 1231.18710517883 2646.25072479248 0 0 0
"mena" -102.287426590919 0 0 0 0 0 -62.9823058843613 -324.862331151962 1081.12931251526 1668.39635372162 183.453783392906 0 0 0 0.441210751887411 0 0 0
"angola" 0 0 219.046488404274 4871.29878997803 5184.30948257446 0 0 0 2.95106740668416 724.677622318268 0 0 0 0 0 0 0 0
"drc" 0 0 0 0 3998.60858917236 4871.09184265137 0 0 0 0 0 0 0 0 0 0 0 0
"nafr" 9.20853763818741 0 0 0 0 0 137.445867061615 148.433282971382 17.5137370824814 6.675124168396 0 0 0 0 0 0 0 0
"wafr" 0 0 1313.81928920746 8026.41296386719 4900.60329437256 1079.88452911377 0 0 0 0 0 0 0 0 0 0 0 0
"cafr" 0 5.43009955435991 0 473.847925662994 3018.88513565063 7880.02347946167 0 0 0 0 0 0 0 0 0 0 0 0
"eafr" 0.041975701606134 -1.36349629610777 50.571508705616 1977.15866565704 1013.09764385223 2233.1907749176 0 0 0 0 595.744729042053 958.833694458008 0 0 0 0 0 0
"safr" 0 0 -787.046313285828 -283.018112182617 1.21623429004103 163.388788700104 0 0.00663605396766798 -34.5000773668289 204.280853271484 43.2174652814865 0 0 0 0 0 0 0
"ivorycoast" 0 0 0 9494.30656433105 17942.3904418945 51837.6922607422 0 0 0 0 0 0 0 0 0 0 0 0
"ghana" 0 0 0 40.5779853463173 1121.83630466461 1343.03796291351 0 0 0 0 0 0 0 0 0 0 0 0
"nigeria" 0 0 0 55.6796528398991 1483.84499549866 1046.41485214233 0 0 0 0 0 0 0 0 0 0 0 0
"mozambique" 0 0 1477.43201255798 4539.87312316895 2064.12935256958 0 0 0 0 0 0 0 0 0 0 0 0 0
