"argentina" 0 0 0 0 0 0 612.055897712708 1859.26055908203 1812.27004528046 1582.82470703125 0 2745.9933757782 28.4657366573811 150.969281792641 139.772415161133 0 0 0
"bolivia" 0 0 104.685455560684 -245.39914727211 -592.463552951813 -1065.20223617554 0 0 -35.0394174456596 -47.3509021103382 -9.30600613355637 -19.3255059421062 0 0 0 0 0 0
"brasil" 0 0 0 2658.94460678101 20068.7141418457 11479.4273376465 0 0 0 0 0 1832.80634880066 0 0 0 0 0 0
"oceania" 0 0 0 12.749407440424 78.9670646190643 785.653591156006 0 0 8.14018957316875 244.519874453545 411.622583866119 1135.38908958435 0 0 0 0 0 0
"newzealand" 0 0 0 0 0 0 0 0 0 0 1051.61738395691 3178.09367179871 0 0 0 -85.6062695384026 0 0
"china" 0 0 0 0 128.221064805984 174.594596028328 4.60258172824979 14.143405482173 1477.64611244202 3671.30160331726 4831.08329772949 4627.67934799194 6.81097479537129 0.94540003919974 755.403876304626 0 0 0
"japan" 0 0 0 0 0 0 0 0 43.4155240654945 605.153203010559 452.276289463043 343.23051571846 0 0 11.6556929424405 0 0 0
"korea" 0 0 0 0 0 0 0 0 0 29.265895485878 58.2481101155281 0 0 0 0 0 0 0
"indonesia" 0 0 0 26.7620962113142 63.9489814639091 2964.08557891846 0 0 0 0 0 0 0 0 0 0 0 0
"madagascar" 0 0 0 425.989478826523 181.507498025894 2829.3924331665 0 0 0 0 0 0 0 0 0 0 0 0
"eastasia" 0 0 0 0 0 15.3179923072457 0 0 350.070357322693 3603.17373275757 774.64097738266 0 0 -0.637284247204661 133.862689137459 0 0 0
"seasia" 0 0 0 4957.93390274048 8105.08060455322 6370.14102935791 0 0 0 0 52.3479469120502 1627.23422050476 0 0 0 0 0 0
"malasya" 0 0 0 0 0 135.69264113903 0 0 0 0 0 0 0 0 0 0 0 0
"myanmar" 0 0 0 1395.21050453186 2308.424949646 252.021998167038 0 0 0 0 477.523505687714 426.142513751984 0 0 0 0 0 0
"southasia" 0 0 0 1069.14734840393 5059.84830856323 355.879306793213 0 -0.136332921101712 1.26504735089839 1025.92980861664 55.1262497901917 0 0 0 0 0 0 0
"india" 0 389.902025461197 7360.72683334351 12044.8999404907 2314.90039825439 634.481072425842 0 689.776659011841 1935.21094322205 342.869132757187 237.491518259048 861.112833023071 0 0 0 0 0 0
"canada" 0 0 0 0 0 0 0 -1695.35636901855 176104.81262207 59549.2324829102 130.969986319542 0 0 392.784476280212 5703.96900177002 1.83397927321494 0 0
"us" 0 0 0 0 0 0 -585.226535797119 -4361.32383346558 -2102.46586799622 18059.0515136719 10622.9362487793 5103.47127914429 42.7687391638756 321.169137954712 16.3390561938286 0 0 0
"mexico" 0 2216.45474433899 10098.3095169067 8270.27797698975 5476.64594650269 4763.27323913574 383.381426334381 1757.9174041748 9143.48030090332 6069.77510452271 1688.82691860199 197.769582271576 0 0 0 0 0 0
"colombia" 0 0 0 0.374931783881038 -11.1762229353189 -1453.21917533875 0 0 0 0 -0.0516000218340196 -205.637782812119 0 0 0 0 0 0
"latinamer" 0 105.923712253571 36.8774719536304 469.112426042557 302.7703166008 5178.60126495361 -78.946515917778 -25.5834516137838 -24.0112952888012 -121.674507856369 196.009665727615 1524.54543113708 3.35524650290608 100.461423397064 478.06841135025 1276.5998840332 50.9049482643604 0
"paraguay" 0 0 0 0 0 -62.5980421900749 0 0 0 0 0 133.148521184921 0 0 0 0 0 0
"peru" 11.5971947088838 39.8683398962021 31.4553715288639 7.58306961506605 80.4555863142014 1059.36145782471 39.0502512454987 32.4867591261864 41.9503673911095 60.3776499629021 342.559278011322 1492.67315864563 0 0 0 0 0 0
"uruguay" 0 0 0 0 0 0 0 0 0 0 0 -74.4472742080688 0 0 0 0 0 0
"venezuela" 0 0.0379243429051712 0 -7.03752180561423 -23.6013438552618 -27.3628551512957 0 0 0 0 0 0 0 0 0 0 0 0
"eu27" 0 0 0 0 0 0 0 0 -19541.9902801514 -270338.256835938 -59265.3465270996 -11641.6454315186 0 -632.755279541016 -9930.60970306396 -335.124641656876 0 0
"uk" 0 0 0 0 0 0 0 0 0 248.386785387993 5064.8512840271 82.3614150285721 0 0 0 -22.7452293038368 0 0
"efta" 0 0 0 0 0 0 0 0 0 862.718939781189 0 0 0 787.907361984253 504.649579524994 12.338669039309 0 0
"restofworld" 0 0 0 0 0 0 1989.76016044617 196.767643094063 5328.64046096802 46617.7749633789 3453.77612113953 407.920062541962 27.4531710892916 340.731233358383 872.9287981987 18.6973121017218 0 0
"russia" 0 0 0 0 0 0 0 316.643387079239 26983.0646514893 8132.75909423828 257.721602916718 0 695.217847824097 2495.52726745605 9383.4285736084 0 0 0
"mena" -271.096527576447 0 0 0 0 0 -191.498041152954 -1218.57833862305 881.640136241913 3298.95925521851 381.428897380829 0 0 0 -1.08044326771051 0 0 0
"angola" 0 0 130.056291818619 2891.94440841675 3095.73173522949 0 0 0 1.63798988796771 422.761857509613 0 0 0 0 0 0 0 0
"drc" 0 0 0 0 3970.61729431152 5130.01823425293 0 0 0 0 0 0 0 0 0 0 0 0
"nafr" 9.27218049764633 0 0 0 0 0 69.0214112401009 76.8069475889206 14.4142135977745 5.23152248933911 0 0 0 0 0 0 0 0
"wafr" 0 0 730.02815246582 4908.65135192871 2814.55540657043 1700.40678977966 0 0 0 0 0 0 0 0 0 0 0 0
"cafr" 0 5.38855697959661 0 421.87488079071 2691.92552566528 6855.50689697266 0 0 0 0 0 0 0 0 0 0 0 0
"eafr" -0.134053072542883 -9.9328625947237 8.54125339537859 1804.43358421326 1046.91767692566 2709.46264266968 0 0 0 0 732.839405536652 1193.3741569519 0 0 0 0 0 0
"safr" 0 0 -2160.81309318542 -1060.51862239838 0.074978219345212 194.718986749649 0 -0.0123576755868271 -122.827291488647 165.344431996346 -45.8096042275429 0 0 0 0 0 0 0
"ivorycoast" 0 0 0 -1447.16513156891 -3348.94561767578 -6772.08995819092 0 0 0 0 0 0 0 0 0 0 0 0
"ghana" 0 0 0 33.2424268126488 1331.97557926178 2046.18406295776 0 0 0 0 0 0 0 0 0 0 0 0
"nigeria" 0 0 0 65.0467872619629 2122.35021591187 1558.67910385132 0 0 0 0 0 0 0 0 0 0 0 0
"mozambique" 0 0 1522.00865745544 4800.61292648315 2225.48389434814 0 0 0 0 0 0 0 0 0 0 0 0 0
