"argentina" 0 0 0 0 0 0 -29764.0132904053 -8449.22542572021 -116463.081359863 -167400.924682617 0 -48999.3476867676 -296.721041202545 -2539.43872451782 1908.56993198395 0 0 0
"bolivia" 0 0 37877.2506713867 290944.091796875 868295.959472656 1127139.52636719 0 0 221933.547973633 32092.399597168 121097.023010254 123208.312988281 0 0 0 0 0 0
"brasil" 0 0 0 717301.513671875 2914299.31640625 2717934.08203125 0 0 0 0 0 654446.166992188 0 0 0 0 0 0
"oceania" 0 0 0 37.91743516922 300.839185714722 2360.11242866516 0 0 28.7330206483603 933.048784732819 1607.17582702637 4468.63698959351 0 0 0 0 0 0
"newzealand" 0 0 0 0 0 0 0 0 0 0 1928.39777469635 6165.7247543335 0 0 0 727.749705314636 0 0
"china" 0 0 0 0 -249.639287590981 -21.4064978063107 -15.9859247505665 -25.3206137567759 -4713.60874176025 1463.05167675018 8345.94440460205 -6143.15843582153 -55.8481402695179 -3.85615113191307 951.211929321289 0 0 0
"japan" 0 0 0 0 0 0 0 0 243.846714496613 3327.632188797 2577.13627815247 1970.8890914917 0 0 58.1958703696728 0 0 0
"korea" 0 0 0 0 0 0 0 0 0 49.4229719042778 105.641193687916 0 0 0 0 0 0 0
"indonesia" 0 0 0 -57.9288899898529 66.1908239126205 18318.6626434326 0 0 0 0 0 0 0 0 0 0 0 0
"madagascar" 0 0 0 -419.151365756989 -194.133713841438 -4567.32988357544 0 0 0 0 0 0 0 0 0 0 0 0
"eastasia" 0 0 0 0 0 -93.2274386286736 0 0 1765.26963710785 23598.2818603516 4845.13902664185 0 0 -402.583986520767 -696.646988391876 0 0 0
"seasia" 0 0 0 13645.0977325439 17950.8743286133 19246.2596893311 0 0 0 0 22.9085721075535 4567.51775741577 0 0 0 0 0 0
"malasya" 0 0 0 0 0 8605.57270050049 0 0 0 0 0 0 0 0 0 0 0 0
"myanmar" 0 0 0 4854.84743118286 8831.97212219238 1082.36253261566 0 0 0 0 1881.59930706024 1693.89665126801 0 0 0 0 0 0
"southasia" 0 0 0 3996.66213989258 19876.7051696777 1024.40989017487 0 -3.25737125240266 4.73359320312738 5099.95746612549 261.039316654205 0 0 0 0 0 0 0
"india" 0 1222.18835353851 24308.5174560547 35415.2297973633 6387.10451126099 1803.55286598206 0 2972.31841087341 7088.07563781738 1058.42804908752 580.519676208496 2242.42830276489 0 0 0 0 0 0
"canada" 0 0 0 0 0 0 0 -7415.88163375854 1199843.99414062 347601.287841797 863.967061042786 0 0 2539.84618186951 39934.8754882812 11.9272256270051 0 0
"us" 0 0 0 0 0 0 -9812.19100952148 -55667.96875 -31970.1156616211 90208.251953125 43485.4354858398 2266.47901535034 141.848236322403 646.740198135376 65.2278885245323 0 0 0
"mexico" 0 -2829.39720153809 -6467.8168296814 -9.78124141693115 6301.57566070557 1462.69178390503 -363.539338111877 -1305.01592159271 -1080.58261871338 1071.09081745148 975.330531597137 1323.6368894577 0 0 0 0 0 0
"colombia" 0 0 0 -6.92106084898114 -359.988331794739 -24960.9394073486 0 0 0 0 -4.35069343075156 -2929.31914329529 0 0 0 0 0 0
"latinamer" 0 419.621586799622 -284.969598054886 212.692961096764 -1488.8231754303 14574.6831893921 -1189.17894363403 -1618.48378181458 -2099.365234375 -2474.03311729431 -31.2729440629482 3664.76535797119 6.26564910635352 -18.5211431235075 437.697321176529 3443.67098808289 -246.71246111393 0
"paraguay" 0 0 0 0 0 236107.849121094 0 0 0 0 0 291489.074707031 0 0 0 0 0 0
"peru" 12820.5146789551 32288.6505126953 7739.53723907471 409.922361373901 17466.6900634766 610356.93359375 66211.1434936523 50958.8661193848 13349.6742248535 21137.0468139648 79445.0912475586 249401.428222656 0 0 0 0 0 0
"uruguay" 0 0 0 0 0 0 0 0 0 0 0 11704.0138244629 0 0 0 0 0 0
"venezuela" 0 -1.758863334544 0 -455.494552850723 -2432.91997909546 -6111.03343963623 0 0 0 0 0 0 0 0 0 0 0 0
"eu27" 0 0 0 0 0 0 0 0 5850.06809234619 73636.4440917969 20567.6345825195 3834.22923088074 0 1207.39781856537 2169.55900192261 145.847141742706 0 0
"uk" 0 0 0 0 0 0 0 0 0 -457.592397928238 -1896.7661857605 -91.0778865218163 0 0 0 -13.5897984728217 0 0
"efta" 0 0 0 0 0 0 0 0 0 1981.87875747681 0 0 0 160.022273659706 677.96391248703 -4.79961466044188 0 0
"restofworld" 0 0 0 0 0 0 -2384.68384742737 -179.221659898758 62.1337294578552 20925.7144927979 782.921433448792 170.062556862831 -16.2013173103333 -160.441800951958 232.345551252365 -4.30581253021955 0 0
"russia" 0 0 0 0 0 0 0 1260.81025600433 101578.407287598 30807.0011138916 1333.84907245636 0 6756.77490234375 32330.451965332 162772.216796875 0 0 0
"mena" -2074.56302642822 0 0 0 0 0 -1554.81493473053 -9837.91542053223 4870.03755569458 23426.8169403076 2817.04568862915 0 0 0 -4.29029995575547 0 0 0
"angola" 0 0 -838.032007217407 -18727.912902832 -19668.6973571777 0 0 0 -12.8233460709453 -2901.79252624512 0 0 0 0 0 0 0 0
"drc" 0 0 0 0 -4265.20586013794 -3007.71474838257 0 0 0 0 0 0 0 0 0 0 0 0
"nafr" 8.54603387415409 0 0 0 0 0 -969.321250915527 -860.387444496155 -16.0121098160744 -11.2518696114421 0 0 0 0 0 0 0 0
"wafr" 0 0 -663.906276226044 -1620.84531784058 -1265.48361778259 3044.77667808533 0 0 0 0 0 0 0 0 0 0 0 0
"cafr" 0 -2.46140197850764 0 -560.49656867981 -3803.19166183472 -12050.0526428223 0 0 0 0 0 0 0 0 0 0 0 0
"eafr" -0.21001321147196 -1.15299317985773 58.783270418644 1862.2761964798 810.475289821625 858.492612838745 0 0 0 0 247.206941246986 212.833747267723 0 0 0 0 0 0
"safr" 0 0 -15500.3633499146 -11098.2131958008 -15.9187521785498 572.246015071869 0 -0.31110507552512 -1238.31033706665 -443.621248006821 -1406.853556633 0 0 0 0 0 0 0
"ivorycoast" 0 0 0 3488.73782157898 -39873.8784790039 329956.024169922 0 0 0 0 0 0 0 0 0 0 0 0
"ghana" 0 0 0 -87.1431306004524 -234.184086322784 2741.64342880249 0 0 0 0 0 0 0 0 0 0 0 0
"nigeria" 0 0 0 86.6309925913811 4244.96459960938 3300.92644691467 0 0 0 0 0 0 0 0 0 0 0 0
"mozambique" 0 0 -1089.29133415222 -1811.4857673645 -228.427320718765 0 0 0 0 0 0 0 0 0 0 0 0 0
