"argentina" 0 0 0 0 0 0 -29605.978012085 -7951.90334320068 -115922.866821289 -166811.996459961 0 -47820.5146789551 -281.935036182404 -2466.16625785828 1908.58018398285 0 0 0
"bolivia" 0 0 1193.26639175415 -6801.09071731567 -19040.4434204102 -32672.8286743164 0 0 -1094.94948387146 -1102.79500484467 -497.290462255478 -882.535755634308 0 0 0 0 0 0
"brasil" 0 0 0 715700.317382812 2909099.12109375 2714732.91015625 0 0 0 0 0 654688.232421875 0 0 0 0 0 0
"oceania" 0 0 0 61.9926229119301 464.448004961014 3518.46504211426 0 0 47.1070855855942 1471.88711166382 2511.55042648315 6997.04933166504 0 0 0 0 0 0
"newzealand" 0 0 0 0 0 0 0 0 0 0 2341.11618995667 7421.83494567871 0 0 0 736.524939537048 0 0
"china" 0 0 0 0 -245.031490921974 -210.951715707779 -7.59158190339804 -31.4046889543533 -4075.35743713379 -4042.84811019897 -2293.8060760498 -8513.23699951172 -32.7995531260967 -3.27466474846005 -585.11209487915 0 0 0
"japan" 0 0 0 0 0 0 0 0 304.196417331696 4165.81344604492 3170.00246047974 2426.82719230652 0 0 76.4249935746193 0 0 0
"korea" 0 0 0 0 0 0 0 0 0 68.4543251991272 147.864744067192 0 0 0 0 0 0 0
"indonesia" 0 0 0 17.4326281994581 186.465337872505 21560.3218078613 0 0 0 0 0 0 0 0 0 0 0 0
"madagascar" 0 0 0 -483.969569206238 -224.102064967155 -4960.862159729 0 0 0 0 0 0 0 0 0 0 0 0
"eastasia" 0 0 0 0 0 -86.5275859832764 0 0 2551.56636238098 32359.3482971191 6707.15761184692 0 0 -466.716527938843 -608.273386955261 0 0 0
"seasia" 0 0 0 19824.7127532959 28457.4356079102 28998.6038208008 0 0 0 0 74.9448239803314 6852.20146179199 0 0 0 0 0 0
"malasya" 0 0 0 0 0 9061.85913085938 0 0 0 0 0 0 0 0 0 0 0 0
"myanmar" 0 0 0 9388.20552825928 16467.1516418457 2041.588306427 0 0 0 0 3483.57558250427 3164.26682472229 0 0 0 0 0 0
"southasia" 0 0 0 4660.78948974609 23111.8316650391 1217.73171424866 0 -3.58356744982302 5.50907896831632 5851.77326202393 299.419760704041 0 0 0 0 0 0 0
"india" 0 1558.10701847076 30063.9266967773 43584.9418640137 7942.93212890625 2224.88164901733 0 3507.50851631165 8353.02448272705 1279.9506187439 741.69385433197 2802.5803565979 0 0 0 0 0 0
"canada" 0 0 0 0 0 0 0 -6333.01973342896 1278336.9140625 366119.659423828 907.874822616577 0 0 2753.03745269775 43182.0411682129 14.2672909423709 0 0
"us" 0 0 0 0 0 0 -11506.7472457886 -59811.4128112793 -34447.4868774414 126929.85534668 61381.5269470215 4068.98164749146 207.510724663734 1147.59600162506 86.6043940186501 0 0 0
"mexico" 0 -3033.28108787537 -6922.75953292847 21.8378901481628 6938.64154815674 1681.98931217194 -372.892260551453 -1353.55770587921 -1248.63266944885 1282.03105926514 1105.12232780457 1472.33688831329 0 0 0 0 0 0
"colombia" 0 0 0 -7.61613715440035 -387.917846441269 -26514.5301818848 0 0 0 0 -4.70223324373364 -3090.38734436035 0 0 0 0 0 0
"latinamer" 0 488.647550344467 -359.029084444046 124.770775437355 -1986.77468299866 16223.165512085 -1428.39598655701 -1956.97069168091 -2540.46297073364 -2982.57756233215 -101.709470152855 4127.06565856934 6.96565117686987 -38.6554040014744 450.193971395493 3938.86280059814 -305.252283811569 0
"paraguay" 0 0 0 0 0 236596.313476562 0 0 0 0 0 291374.328613281 0 0 0 0 0 0
"peru" 12857.3150634766 32305.4618835449 7768.43976974487 414.106786251068 17479.5684814453 610468.139648438 66402.9922485352 50984.8670959473 13369.4362640381 21168.1137084961 79553.0624389648 249677.459716797 0 0 0 0 0 0
"uruguay" 0 0 0 0 0 0 0 0 0 0 0 12140.9683227539 0 0 0 0 0 0
"venezuela" 0 -1.78205862175673 0 -468.293100595474 -2489.33553695679 -6243.22462081909 0 0 0 0 0 0 0 0 0 0 0 0
"eu27" 0 0 0 0 0 0 0 0 8055.40752410889 99996.7346191406 28305.2082061768 5274.7802734375 0 1322.65532016754 3037.12368011475 191.400408744812 0 0
"uk" 0 0 0 0 0 0 0 0 0 -488.307416439056 -2219.82479095459 -98.2760041952133 0 0 0 -13.4004121646285 0 0
"efta" 0 0 0 0 0 0 0 0 0 2029.80542182922 0 0 0 129.394695162773 683.582484722137 -5.61359757557511 0 0
"restofworld" 0 0 0 0 0 0 -2749.31716918945 -206.612288951874 -83.7988033890724 21333.7383270264 741.960883140564 171.576231718063 -19.168870523572 -193.253695964813 222.308292984962 -5.69189246743917 0 0
"russia" 0 0 0 0 0 0 0 1479.3438911438 120740.249633789 36963.7145996094 1561.527967453 0 7774.1379737854 36954.0672302246 185195.510864258 0 0 0
"mena" -2397.16148376465 0 0 0 0 0 -1753.69894504547 -11153.1105041504 4193.8796043396 25375.4138946533 3065.85597991943 0 0 0 -7.06126727163792 0 0 0
"angola" 0 0 -927.777707576752 -20782.3257446289 -21843.1015014648 0 0 0 -13.6814042925835 -3215.81196784973 0 0 0 0 0 0 0 0
"drc" 0 0 0 0 -4841.65000915527 -3518.08404922485 0 0 0 0 0 0 0 0 0 0 0 0
"nafr" 8.35197698324919 0 0 0 0 0 -1068.61853599548 -955.087423324585 -19.2564185708761 -12.9912542179227 0 0 0 0 0 0 0 0
"wafr" 0 0 -511.241257190704 1066.36238098145 526.301980018616 4842.44728088379 0 0 0 0 0 0 0 0 0 0 0 0
"cafr" 0 -2.08095577545464 0 -586.406707763672 -3525.75731277466 -11305.8528900146 0 0 0 0 0 0 0 0 0 0 0 0
"eafr" -0.225434778258204 -3.62488394603133 39.0839986503124 1573.72355461121 724.294602870941 942.296922206879 0 0 0 0 273.689359426498 292.105883359909 0 0 0 0 0 0
"safr" 0 0 -17592.7543640137 -12283.7934494019 -16.8945156037807 660.79044342041 0 -0.341926992405206 -1384.7975730896 -455.497264862061 -1524.22690391541 0 0 0 0 0 0 0
"ivorycoast" 0 0 0 3533.84375572205 -39720.0088500977 330323.822021484 0 0 0 0 0 0 0 0 0 0 0 0
"ghana" 0 0 0 -78.7684544920921 152.936786413193 3336.23075485229 0 0 0 0 0 0 0 0 0 0 0 0
"nigeria" 0 0 0 84.7828239202499 4617.92898178101 3618.12329292297 0 0 0 0 0 0 0 0 0 0 0 0
"mozambique" 0 0 -1061.69474124908 -1980.06880283356 -417.932718992233 0 0 0 0 0 0 0 0 0 0 0 0 0
