"argentina" 0 0 0 0 0 0 -29740.2420043945 -8370.92971801758 -116378.356933594 -167336.944580078 0 -49265.8500671387 -293.459504842758 -2514.79816436768 1909.23166275024 0 0 0
"bolivia" 0 0 37993.1678771973 291192.047119141 869785.034179688 1127777.22167969 0 0 222169.830322266 32137.1231079102 121222.08404541 123201.629638672 0 0 0 0 0 0
"brasil" 0 0 0 721209.716796875 2925399.65820312 2724903.80859375 0 0 0 0 0 656524.230957031 0 0 0 0 0 0
"oceania" 0 0 0 61.4783689379692 422.456651926041 2438.50421905518 0 0 44.9559651315212 1398.28217029572 2388.34404945374 6656.37826919556 0 0 0 0 0 0
"newzealand" 0 0 0 0 0 0 0 0 0 0 2299.04866218567 7288.44690322876 0 0 0 686.940670013428 0 0
"china" 0 0 0 0 -216.842725872993 -219.649493694305 -6.62759738042951 -30.8193489909172 -3738.65675926208 -4699.42092895508 -3904.67929840088 -8007.95936584473 -30.2343554794788 -3.22656729258597 -827.885448932648 0 0 0
"japan" 0 0 0 0 0 0 0 0 227.493360638618 3132.65800476074 2306.80799484253 1782.69600868225 0 0 61.1934512853622 0 0 0
"korea" 0 0 0 0 0 0 0 0 0 51.4608733355999 115.688048303127 0 0 0 0 0 0 0
"indonesia" 0 0 0 49.8063154518604 152.142822742462 14451.5743255615 0 0 0 0 0 0 0 0 0 0 0 0
"madagascar" 0 0 0 -220.982700586319 -21.5642862021923 -2634.00173187256 0 0 0 0 0 0 0 0 0 0 0 0
"eastasia" 0 0 0 0 0 -88.7289196252823 0 0 2278.62620353699 28159.9559783936 5760.41126251221 0 0 -417.406141757965 -534.029603004456 0 0 0
"seasia" 0 0 0 16852.8022766113 24993.6275482178 26269.2451477051 0 0 0 0 64.8332014679909 6053.03001403809 0 0 0 0 0 0
"malasya" 0 0 0 0 0 8538.20991516113 0 0 0 0 0 0 0 0 0 0 0 0
"myanmar" 0 0 0 9069.6907043457 15830.023765564 1972.70333766937 0 0 0 0 3353.2383441925 3044.27933692932 0 0 0 0 0 0
"southasia" 0 0 0 3619.2581653595 18157.8903198242 779.87140417099 0 -3.43956798315048 4.43137297406793 4904.12044525146 248.269647359848 0 0 0 0 0 0 0
"india" 0 1214.03431892395 23593.3284759521 33058.6814880371 5772.8419303894 1616.67478084564 0 2866.2633895874 6647.84669876099 987.655937671661 522.964358329773 1956.34245872498 0 0 0 0 0 0
"canada" 0 0 0 0 0 0 0 4872.43938446045 1204398.68164062 341524.169921875 869.135975837708 0 0 2540.52639007568 41348.949432373 12.8184156492352 0 0
"us" 0 0 0 0 0 0 -11837.6188278198 -48308.8836669922 -37015.1557922363 123019.561767578 55783.4587097168 3059.15069580078 203.815326094627 1016.39759540558 74.3027180433273 0 0 0
"mexico" 0 -3557.20996856689 -8767.24720001221 -1210.39021015167 6332.1008682251 1200.85382461548 -452.083200216293 -1598.61433506012 -2352.65684127808 98.8686382770538 732.378661632538 1365.95511436462 0 0 0 0 0 0
"colombia" 0 0 0 2892.13275909424 44801.3763427734 2176725.5859375 0 0 0 0 3425.13012886047 200709.228515625 0 0 0 0 0 0
"latinamer" 0 424.293726682663 -603.127062320709 -922.179818153381 -3203.56893539429 12527.5325775146 -1857.94234275818 -2767.41647720337 -3571.13265991211 -3912.12868690491 -514.134228229523 2208.68992805481 1.64545839652419 -298.41822385788 -502.956449985504 2611.42611503601 -550.025522708893 0
"paraguay" 0 0 0 0 0 235630.722045898 0 0 0 0 0 290359.619140625 0 0 0 0 0 0
"peru" 12771.3766098022 33106.819152832 7366.00112915039 356.836497783661 17464.8971557617 610341.857910156 65958.9309692383 52574.5010375977 13347.4245071411 21133.4247589111 79432.2204589844 249369.262695312 0 0 0 0 0 0
"uruguay" 0 0 0 0 0 0 0 0 0 0 0 12573.1983184814 0 0 0 0 0 0
"venezuela" 0 -1.9964633975178 0 -497.34166264534 -2661.27729415894 -6755.03969192505 0 0 0 0 0 0 0 0 0 0 0 0
"eu27" 0 0 0 0 0 0 0 0 9121.9367980957 111080.619812012 32791.1758422852 5923.93445968628 0 2028.53846549988 3209.17797088623 232.494011521339 0 0
"uk" 0 0 0 0 0 0 0 0 0 -455.753296613693 -2748.37732315063 -97.3156169056892 0 0 0 -5.84400771185756 0 0
"efta" 0 0 0 0 0 0 0 0 0 1921.69272899628 0 0 0 86.8775695562363 635.942697525024 -5.84367522969842 0 0
"restofworld" 0 0 0 0 0 0 -2723.82307052612 -201.80182158947 1.63107737898827 21908.2431793213 833.638310432434 178.459420800209 -18.3925740420818 -184.243455529213 235.04002392292 -4.59410483017564 0 0
"russia" 0 0 0 0 0 0 0 1537.36591339111 125580.284118652 38511.8942260742 1609.17437076569 0 7913.96617889404 37493.6752319336 187418.243408203 0 0 0
"mena" -1384.69481468201 0 0 0 0 0 -1315.53173065186 -7709.38634872437 12648.509979248 26282.2170257568 3074.02181625366 0 0 0 11.6984797641635 0 0 0
"angola" 0 0 -1003.70311737061 -22540.3461456299 -23707.7674865723 0 0 0 -14.1950212419033 -3483.60896110535 0 0 0 0 0 0 0 0
"drc" 0 0 0 0 -7980.80921173096 -7287.17279434204 0 0 0 0 0 0 0 0 0 0 0 0
"nafr" 8.89945868402719 0 0 0 0 0 -1096.2872505188 -963.112235069275 -17.1674452722073 -12.5028975307941 0 0 0 0 0 0 0 0
"wafr" 0 0 -661.409318447113 86.6823047399521 43.0658981204033 4491.58811569214 0 0 0 0 0 0 0 0 0 0 0 0
"cafr" 0 -3.80181916989386 0 -729.173541069031 -4246.07038497925 -13195.9323883057 0 0 0 0 0 0 0 0 0 0 0 0
"eafr" 0.831347075290978 49.8634465038776 366.587728261948 4593.00804138184 1516.41869544983 157.175362110138 0 0 0 0 8.26111063361168 -354.44775223732 0 0 0 0 0 0
"safr" 0 0 -16586.0996246338 -12429.6779632568 -17.8569741547108 647.543609142303 0 -0.354923511622474 -1386.43825054169 -490.999311208725 -1622.90644645691 0 0 0 0 0 0 0
"ivorycoast" 0 0 0 3370.0168132782 -41014.7361755371 329010.192871094 0 0 0 0 0 0 0 0 0 0 0 0
"ghana" 0 0 0 -118.335396051407 -1282.31310844421 1688.60387802124 0 0 0 0 0 0 0 0 0 0 0 0
"nigeria" 0 0 0 47.582671046257 3757.25245475769 3019.28448677063 0 0 0 0 0 0 0 0 0 0 0 0
"mozambique" 0 0 2925.68397521973 12372.1036911011 7086.48920059204 0 0 0 0 0 0 0 0 0 0 0 0 0
