"argentina" 0 0 0 0 0 0 -29660.6330871582 -8123.10600280762 -116108.985900879 -167020.111083984 0 -48326.545715332 -286.787509918213 -2487.67757415771 1908.44345092773 0 0 0
"bolivia" 0 0 37868.1640625 290940.399169922 868267.333984375 1127120.36132812 0 0 221931.137084961 32090.5838012695 121087.425231934 123162.101745605 0 0 0 0 0 0
"brasil" 0 0 0 715548.583984375 2908583.49609375 2714417.23632812 0 0 0 0 0 654746.826171875 0 0 0 0 0 0
"oceania" 0 0 0 64.662329852581 466.849327087402 3672.42383956909 0 0 47.8132404386997 1484.2746257782 2518.8148021698 7006.48355484009 0 0 0 0 0 0
"newzealand" 0 0 0 0 0 0 0 0 0 0 2513.77820968628 7944.32353973389 0 0 0 734.641432762146 0 0
"china" 0 0 0 0 -217.846050858498 -188.494831323624 -5.04999700933695 -29.2632672935724 -3703.29809188843 -3742.17939376831 -2161.09824180603 -7737.82253265381 -27.2928383201361 -2.97885178588331 -554.918766021729 0 0 0
"japan" 0 0 0 0 0 0 0 0 308.921217918396 4228.42836380005 3226.79901123047 2468.41907501221 0 0 77.0581588149071 0 0 0
"korea" 0 0 0 0 0 0 0 0 0 65.7337009906769 142.717331647873 0 0 0 0 0 0 0
"indonesia" 0 0 0 -6.78398041054606 192.441090941429 25045.5017089844 0 0 0 0 0 0 0 0 0 0 0 0
"madagascar" 0 0 0 -499.734789133072 -242.546007037163 -5116.82510375977 0 0 0 0 0 0 0 0 0 0 0 0
"eastasia" 0 0 0 0 0 -86.147204041481 0 0 2549.26705360413 32503.2081604004 6748.70681762695 0 0 -470.633834600449 -624.05401468277 0 0 0
"seasia" 0 0 0 18910.9401702881 27073.3585357666 27151.538848877 0 0 0 0 77.9510214924812 6426.5661239624 0 0 0 0 0 0
"malasya" 0 0 0 0 0 9660.16864776611 0 0 0 0 0 0 0 0 0 0 0 0
"myanmar" 0 0 0 8751.92356109619 15448.7438201904 1923.08735847473 0 0 0 0 3274.07097816467 2972.82934188843 0 0 0 0 0 0
"southasia" 0 0 0 4133.04090499878 20613.5959625244 1121.63579463959 0 -3.47032072022557 4.28633764386177 5150.01440048218 260.114639997482 0 0 0 0 0 0 0
"india" 0 1362.02311515808 27461.2121582031 40237.3046875 7542.60349273682 2161.17382049561 0 3476.50718688965 8142.79365539551 1186.11860275269 664.492607116699 2740.07391929626 0 0 0 0 0 0
"canada" 0 0 0 0 0 0 0 -7900.75969696045 1299140.38085938 373568.359375 917.624294757843 0 0 2798.40230941772 43636.7416381836 14.6078420802951 0 0
"us" 0 0 0 0 0 0 -10410.9802246094 -59163.688659668 -33496.8070983887 128065.780639648 61610.7177734375 5795.15266418457 204.315721988678 1138.01860809326 87.419405579567 0 0 0
"mexico" 0 -3009.18912887573 -6936.00606918335 -44.1137850284576 6851.23348236084 1607.96427726746 -351.870536804199 -1309.36300754547 -1255.38086891174 1307.34539031982 1105.8007478714 1475.27229785919 0 0 0 0 0 0
"colombia" 0 0 0 -7.5542307458818 -410.057306289673 -28526.5998840332 0 0 0 0 -4.88015078008175 -3334.71369743347 0 0 0 0 0 0
"latinamer" 0 499.117821455002 -329.228013753891 226.988270878792 -1960.25311946869 16081.4933776855 -1367.92528629303 -1843.17898750305 -2396.17776870728 -2871.88482284546 -95.9849208593369 4339.67304229736 7.74396816268563 -1.07901822775602 588.996648788452 4135.87522506714 -270.258843898773 0
"paraguay" 0 0 0 0 0 235863.342285156 0 0 0 0 0 291048.645019531 0 0 0 0 0 0
"peru" 12849.3728637695 32250.5989074707 7790.09437561035 416.937261819839 17487.4057769775 610535.949707031 66364.6087646484 50878.4370422363 13381.2551498413 21186.7065429688 79617.8359985352 249842.681884766 0 0 0 0 0 0
"uruguay" 0 0 0 0 0 0 0 0 0 0 0 12322.0338821411 0 0 0 0 0 0
"venezuela" 0 -1.87825155444443 0 -504.019498825073 -2655.50971031189 -6649.55186843872 0 0 0 0 0 0 0 0 0 0 0 0
"eu27" 0 0 0 0 0 0 0 0 6804.59833145142 82688.5070800781 24738.6894226074 4585.42537689209 0 1289.42239284515 2438.15326690674 172.59407043457 0 0
"uk" 0 0 0 0 0 0 0 0 0 -435.531824827194 -1959.13374423981 -87.6542627811432 0 0 0 -11.8138883262873 0 0
"efta" 0 0 0 0 0 0 0 0 0 2125.47993659973 0 0 0 179.905161261559 728.920578956604 -5.02329273149371 0 0
"restofworld" 0 0 0 0 0 0 -2569.33283805847 -192.465782165527 60.9279945492744 21726.6120910645 810.057044029236 175.66691339016 -17.2629095613956 -173.192605376244 238.452672958374 -4.95297554880381 0 0
"russia" 0 0 0 0 0 0 0 1484.65478420258 121376.670837402 37185.7070922852 1564.62252140045 0 7757.79628753662 36827.205657959 184360.83984375 0 0 0
"mena" -2359.42482948303 0 0 0 0 0 -1748.15464019775 -11168.5600280762 4260.31684875488 25502.4147033691 3081.62569999695 0 0 0 -7.33906449750066 0 0 0
"angola" 0 0 -913.367986679077 -20418.1976318359 -21446.6762542725 0 0 0 -13.9603298157454 -3164.00790214539 0 0 0 0 0 0 0 0
"drc" 0 0 0 0 -4428.2169342041 -2809.62538719177 0 0 0 0 0 0 0 0 0 0 0 0
"nafr" 8.39662086218596 0 0 0 0 0 -1041.98431968689 -944.709539413452 -19.9228785932064 -13.0451265722513 0 0 0 0 0 0 0 0
"wafr" 0 0 -881.122946739197 -1659.53636169434 -1361.6396188736 4418.05171966553 0 0 0 0 0 0 0 0 0 0 0 0
"cafr" 0 -1.83582596946508 0 -509.057998657227 -3779.65378761292 -12209.60521698 0 0 0 0 0 0 0 0 0 0 0 0
"eafr" -0.182542906259187 -2.49916687607765 50.9952940046787 1855.43835163116 849.47943687439 1090.14976024628 0 0 0 0 315.624892711639 370.818853378296 0 0 0 0 0 0
"safr" 0 0 -17558.5403442383 -12098.3324050903 -16.5033787488937 650.516033172607 0 -0.333192088874057 -1362.51437664032 -443.346500396729 -1479.80737686157 0 0 0 0 0 0 0
"ivorycoast" 0 0 0 -2153.56922149658 -4892.33922958374 -10021.5158462524 0 0 0 0 0 0 0 0 0 0 0 0
"ghana" 0 0 0 -69.3256258964539 567.070305347443 3737.24222183228 0 0 0 0 0 0 0 0 0 0 0 0
"nigeria" 0 0 0 90.0904908776283 4768.89944076538 3708.34159851074 0 0 0 0 0 0 0 0 0 0 0 0
"mozambique" 0 0 -1253.53360176086 -2619.18973922729 -720.589280128479 0 0 0 0 0 0 0 0 0 0 0 0 0
