"argentina" 0 0 0 0 0 0 -29698.9631652832 -8243.82305145264 -116240.119934082 -167162.124633789 0 -48604.0267944336 -290.069222450256 -2500.40531158447 1908.55288505554 0 0 0
"bolivia" 0 0 37866.569519043 290923.217773438 868159.912109375 1127063.84277344 0 0 222010.91003418 32086.238861084 121097.389221191 123084.426879883 0 0 0 0 0 0
"brasil" 0 0 0 715554.260253906 2908565.91796875 2714409.66796875 0 0 0 0 0 654810.241699219 0 0 0 0 0 0
"oceania" 0 0 0 62.2216649353504 469.556599855423 3570.47581672668 0 0 47.5589036941528 1487.15949058533 2536.98396682739 7067.48294830322 0 0 0 0 0 0
"newzealand" 0 0 0 0 0 0 0 0 0 0 2350.00038146973 7456.05564117432 0 0 0 754.19956445694 0 0
"china" 0 0 0 0 -253.891319036484 -217.959463596344 -8.01006704568863 -32.3209799826145 -4207.92102813721 -4157.05108642578 -2334.30123329163 -8778.10859680176 -33.8611789047718 -3.34717030636966 -594.483494758606 0 0 0
"japan" 0 0 0 0 0 0 0 0 308.488786220551 4223.14882278442 3216.83192253113 2462.6202583313 0 0 77.3128941655159 0 0 0
"korea" 0 0 0 0 0 0 0 0 0 68.134106695652 147.489845752716 0 0 0 0 0 0 0
"indonesia" 0 0 0 13.2454009726644 182.569429278374 21725.1052856445 0 0 0 0 0 0 0 0 0 0 0 0
"madagascar" 0 0 0 -505.915343761444 -234.495505690575 -5152.92739868164 0 0 0 0 0 0 0 0 0 0 0 0
"eastasia" 0 0 0 0 0 -88.9251530170441 0 0 2571.22898101807 32681.5567016602 6772.84908294678 0 0 -474.734395742416 -628.358364105225 0 0 0
"seasia" 0 0 0 19943.9296722412 28531.7230224609 29135.6964111328 0 0 0 0 73.4308063983917 6887.77780532837 0 0 0 0 0 0
"malasya" 0 0 0 0 0 9177.56366729736 0 0 0 0 0 0 0 0 0 0 0 0
"myanmar" 0 0 0 9433.70246887207 16545.6123352051 2052.76870727539 0 0 0 0 3500.15759468079 3180.21607398987 0 0 0 0 0 0
"southasia" 0 0 0 4721.05169296265 23427.3891448975 1236.73164844513 0 -3.65678919479251 5.54620521143079 5928.70044708252 303.27296257019 0 0 0 0 0 0 0
"india" 0 1563.56453895569 30251.2264251709 43834.6214294434 7990.73505401611 2241.12963676453 0 3542.76466369629 8447.23796844482 1289.69740867615 742.212772369385 2823.09222221375 0 0 0 0 0 0
"canada" 0 0 0 0 0 0 0 -6629.5862197876 1315102.29492188 377435.180664062 930.892527103424 0 0 2824.64122772217 44267.4140930176 14.6543551236391 0 0
"us" 0 0 0 0 0 0 -11724.4415283203 -60945.2972412109 -34989.3074035645 128936.248779297 62181.8161010742 3730.33499717712 209.253549575806 1154.77776527405 87.5584408640862 0 0 0
"mexico" 0 -3096.08960151672 -7118.59226226807 -57.8967928886414 6992.07067489624 1665.41862487793 -381.738275289536 -1389.74213600159 -1364.25316333771 1249.3748664856 1109.0475320816 1495.50080299377 0 0 0 0 0 0
"colombia" 0 0 0 -7.82109145075083 -407.34601020813 -28129.6844482422 0 0 0 0 -4.91735711693764 -3290.08173942566 0 0 0 0 0 0
"latinamer" 0 497.384518384933 -366.971373558044 114.772200584412 -2062.96324729919 16270.4467773438 -1452.61764526367 -1990.73445796967 -2583.12273025513 -3038.69915008545 -118.188127875328 4175.32968521118 7.08036590367556 -39.3519178032875 457.916736602783 4004.67681884766 -310.321897268295 0
"paraguay" 0 0 0 0 0 235941.131591797 0 0 0 0 0 291180.084228516 0 0 0 0 0 0
"peru" 12834.3467712402 32261.0778808594 7763.108253479 413.721174001694 17474.6704101562 610425.78125 66284.1567993164 50902.0538330078 13361.852645874 21156.2042236328 79511.6577148438 249571.670532227 0 0 0 0 0 0
"uruguay" 0 0 0 0 0 0 0 0 0 0 0 12295.8154678345 0 0 0 0 0 0
"venezuela" 0 -1.86923891305923 0 -488.226503133774 -2594.58589553833 -6521.90971374512 0 0 0 0 0 0 0 0 0 0 0 0
"eu27" 0 0 0 0 0 0 0 0 8586.00997924805 107307.014465332 29943.868637085 5585.6614112854 0 1357.09118843079 3285.05063056946 199.882939457893 0 0
"uk" 0 0 0 0 0 0 0 0 0 -505.625307559967 -2393.77212524414 -102.324470877647 0 0 0 -13.1669705733657 0 0
"efta" 0 0 0 0 0 0 0 0 0 2059.40532684326 0 0 0 116.168841719627 688.482224941254 -5.99830411374569 0 0
"restofworld" 0 0 0 0 0 0 -2865.4990196228 -215.286925435066 -118.055984377861 21794.6643829346 739.581108093262 174.872636795044 -20.268777385354 -204.213216900826 223.767995834351 -6.18875259533525 0 0
"russia" 0 0 0 0 0 0 0 1484.7856760025 121072.219848633 37037.9028320312 1570.20080089569 0 7841.24851226807 37307.3997497559 187103.744506836 0 0 0
"mena" -2456.95352554321 0 0 0 0 0 -1790.33088684082 -11396.4710235596 4077.52513885498 25737.5526428223 3112.71262168884 0 0 0 -7.56350858137012 0 0 0
"angola" 0 0 -952.358961105347 -21323.7476348877 -22411.4761352539 0 0 0 -14.1497291624546 -3299.84259605408 0 0 0 0 0 0 0 0
"drc" 0 0 0 0 -5035.41421890259 -3718.31297874451 0 0 0 0 0 0 0 0 0 0 0 0
"nafr" 8.20226781070232 0 0 0 0 0 -1092.0569896698 -977.90801525116 -20.1852191239595 -13.454875908792 0 0 0 0 0 0 0 0
"wafr" 0 0 -565.686643123627 748.454213142395 321.822762489319 4831.29692077637 0 0 0 0 0 0 0 0 0 0 0 0
"cafr" 0 -2.36199819482863 0 -617.574334144592 -3773.87833595276 -12026.0820388794 0 0 0 0 0 0 0 0 0 0 0 0
"eafr" -0.258751242654398 -5.21432980895042 30.3346328437328 1509.46259498596 714.269042015076 991.331696510315 0 0 0 0 288.937538862228 319.226711988449 0 0 0 0 0 0
"safr" 0 0 -17894.645690918 -12541.1281585693 -17.3696950078011 665.212631225586 0 -0.349121983163059 -1411.06128692627 -475.148379802704 -1562.75403499603 0 0 0 0 0 0 0
"ivorycoast" 0 0 0 3537.02640533447 -39692.8825378418 330349.731445312 0 0 0 0 0 0 0 0 0 0 0 0
"ghana" 0 0 0 -81.5143957734108 125.079110264778 3362.63728141785 0 0 0 0 0 0 0 0 0 0 0 0
"nigeria" 0 0 0 85.3743776679039 4667.32931137085 3657.89175033569 0 0 0 0 0 0 0 0 0 0 0 0
"mozambique" 0 0 -1118.02268028259 -2123.67033958435 -472.722262144089 0 0 0 0 0 0 0 0 0 0 0 0 0
