"argentina" 0 0 0 0 0 0 -29877.9945373535 -8813.02070617676 -116858.116149902 -167789.855957031 0 -49196.3806152344 -307.738870382309 -2590.41213989258 1908.6856842041 0 0 0
"bolivia" 0 0 1064.02719020844 -6584.64574813843 -18529.9835205078 -31579.7519683838 0 0 -1042.67108440399 -1051.5673160553 -486.273795366287 -864.494919776917 0 0 0 0 0 0
"brasil" 0 0 0 714830.505371094 2906673.09570312 2713204.1015625 0 0 0 0 0 654143.981933594 0 0 0 0 0 0
"oceania" 0 0 0 46.9855219125748 412.758678197861 3128.79729270935 0 0 38.5999791324139 1257.66158103943 2194.17715072632 6140.76471328735 0 0 0 0 0 0
"newzealand" 0 0 0 0 0 0 0 0 0 0 2083.98747444153 6564.52035903931 0 0 0 543.342113494873 0 0
"china" 0 0 0 0 -387.292236089706 -377.114862203598 -12.7495536580682 -45.4101338982582 -5712.7628326416 -7220.49379348755 -6041.20540618896 -13289.2208099365 -43.0254191160202 -4.26624715328217 -1180.35614490509 0 0 0
"japan" 0 0 0 0 0 0 0 0 277.520686388016 3792.87958145142 2909.52396392822 2227.94342041016 0 0 68.0122971534729 0 0 0
"korea" 0 0 0 0 0 0 0 0 0 54.5637607574463 119.983732700348 0 0 0 0 0 0 0
"indonesia" 0 0 0 4.06459253281355 119.106620550156 15975.7642745972 0 0 0 0 0 0 0 0 0 0 0 0
"madagascar" 0 0 0 -456.097900867462 -169.719129800797 -4741.97864532471 0 0 0 0 0 0 0 0 0 0 0 0
"eastasia" 0 0 0 0 0 -96.7680439352989 0 0 2393.43523979187 30867.1550750732 6382.47537612915 0 0 -474.632859230042 -697.526812553406 0 0 0
"seasia" 0 0 0 16966.2628173828 23477.9930114746 25173.5877990723 0 0 0 0 39.2657741904259 5900.03490447998 0 0 0 0 0 0
"malasya" 0 0 0 0 0 7949.12576675415 0 0 0 0 0 0 0 0 0 0 0 0
"myanmar" 0 0 0 8621.79374694824 15188.982963562 1900.37322044373 0 0 0 0 3219.0728187561 2930.80592155457 0 0 0 0 0 0
"southasia" 0 0 0 4193.67027282715 20912.6777648926 1055.51874637604 0 -3.55536001734436 4.92759793996811 5400.33197402954 275.572955608368 0 0 0 0 0 0 0
"india" 0 1358.66665840149 26465.5418395996 37659.8777770996 6809.62562561035 1919.29304599762 0 3165.58623313904 7458.67872238159 1115.21255970001 614.887952804565 2393.8570022583 0 0 0 0 0 0
"canada" 0 0 0 0 0 0 0 -5867.98858642578 1188106.20117188 337767.303466797 846.890568733215 0 0 2536.09442710876 39910.0074768066 12.7778658643365 0 0
"us" 0 0 0 0 0 0 -11615.1084899902 -60386.0969543457 -34336.669921875 116844.177246094 54038.6657714844 -1381.93988800049 176.75544321537 901.623070240021 76.737143099308 0 0 0
"mexico" 0 -3010.46013832092 -6903.63311767578 -208.632916212082 6392.77029037476 1448.90332221985 -369.573920965195 -1335.20996570587 -1349.95341300964 962.653636932373 957.655489444733 1355.59570789337 0 0 0 0 0 0
"colombia" 0 0 0 -8.17192066460848 -382.270455360413 -25330.5377960205 0 0 0 0 -4.72861202433705 -2912.54043579102 0 0 0 0 0 0
"latinamer" 0 425.846725702286 -424.904465675354 -398.231536149979 -2687.83855438232 11355.3142547607 -1438.20333480835 -2037.72664070129 -2658.79130363464 -3065.00482559204 -369.870722293854 2929.86536026001 4.61794529110193 -120.578981935978 90.2804061770439 3130.83720207214 -360.872715711594 0
"paraguay" 0 0 0 0 0 235377.9296875 0 0 0 0 0 289432.525634766 0 0 0 0 0 0
"peru" 12789.9732589722 32423.9234924316 7631.12735748291 393.408358097076 17393.2056427002 609722.412109375 66034.3627929688 51229.9003601074 13238.6083602905 20962.3260498047 78836.4868164062 247848.373413086 0 0 0 0 0 0
"uruguay" 0 0 0 0 0 0 0 0 0 0 0 11024.9910354614 0 0 0 0 0 0
"venezuela" 0 -1.82843150105327 0 -462.308943271637 -2478.9936542511 -6236.94515228271 0 0 0 0 0 0 0 0 0 0 0 0
"eu27" 0 0 0 0 0 0 0 0 24538.83934021 307986.114501953 83953.369140625 15743.691444397 0 1919.12174224854 9902.88734436035 479.592025279999 0 0
"uk" 0 0 0 0 0 0 0 0 0 -2771.35705947876 -6157.54699707031 -510.036408901215 0 0 0 -133.132413029671 0 0
"efta" 0 0 0 0 0 0 0 0 0 1409.88445281982 0 0 0 -395.099997520447 329.228907823563 -13.6396670714021 0 0
"restofworld" 0 0 0 0 0 0 -4090.09218215942 -335.791647434235 -3476.18508338928 -7325.43516159058 -1419.63696479797 -78.9021104574203 -37.0534285902977 -414.726734161377 -318.117678165436 -17.6830403506756 0 0
"russia" 0 0 0 0 0 0 0 1248.91781806946 100976.333618164 30882.9135894775 1369.85874176025 0 7240.25249481201 34997.9553222656 177511.352539062 0 0 0
"mena" -2420.64356803894 0 0 0 0 0 -1709.68067646027 -10976.5825271606 2077.12411880493 23012.5198364258 2801.33008956909 0 0 0 -9.69427358359098 0 0 0
"angola" 0 0 -1084.80286598206 -24127.4452209473 -25349.5597839355 0 0 0 -17.5152588635683 -3728.67202758789 0 0 0 0 0 0 0 0
"drc" 0 0 0 0 -7034.05475616455 -6080.9154510498 0 0 0 0 0 0 0 0 0 0 0 0
"nafr" 2.79635842889547 0 0 0 0 0 -1133.06307792664 -1028.449177742 -28.9804078638554 -16.6907869279385 0 0 0 0 0 0 0 0
"wafr" 0 0 -889.105618000031 -1398.6142873764 -864.602863788605 3990.39030075073 0 0 0 0 0 0 0 0 0 0 0 0
"cafr" 0 -5.28736552223563 0 -847.857415676117 -5226.49145126343 -15715.0163650513 0 0 0 0 0 0 0 0 0 0 0 0
"eafr" -0.220682952203788 -1.25265959650278 11.2508442252874 229.52775657177 12.7407917752862 -651.933372020721 0 0 0 0 -156.00049495697 -392.899990081787 0 0 0 0 0 0
"safr" 0 0 -17278.0265808105 -12446.3481903076 -18.8905969262123 561.187207698822 0 -0.353915937012061 -1390.31875133514 -605.150163173676 -1633.13162326813 0 0 0 0 0 0 0
"ivorycoast" 0 0 0 3355.19123077393 -40851.9287109375 328885.589599609 0 0 0 0 0 0 0 0 0 0 0 0
"ghana" 0 0 0 -104.193456470966 -747.098565101624 2190.37175178528 0 0 0 0 0 0 0 0 0 0 0 0
"nigeria" 0 0 0 44.9369139969349 3494.84062194824 2807.91997909546 0 0 0 0 0 0 0 0 0 0 0 0
"mozambique" 0 0 -1915.59970378876 -4650.63333511353 -1651.02899074554 0 0 0 0 0 0 0 0 0 0 0 0 0
