"argentina" 0 0 0 0 0 0 -30965.10887146 -12247.2829818726 -120588.798522949 -171782.791137695 0 -56132.4081420898 -407.32353925705 -3047.14560508728 1908.55634212494 0 0 0
"bolivia" 0 0 37881.477355957 290972.778320312 868481.93359375 1127248.65722656 0 0 221522.567749023 32101.3832092285 120972.137451172 123353.897094727 0 0 0 0 0 0
"brasil" 0 0 0 -15642.4369812012 -121410.598754883 38978.0158996582 0 0 0 0 0 320.387661457062 0 0 0 0 0 0
"oceania" 0 0 0 25.2954959869385 362.571209669113 3180.91487884521 0 0 28.4594818949699 1008.84449481964 1817.71898269653 5110.95476150513 0 0 0 0 0 0
"newzealand" 0 0 0 0 0 0 0 0 0 0 430.667877197266 1426.52010917664 0 0 0 272.918432950974 0 0
"china" 0 0 0 0 -289.358854293823 -348.892062902451 -2.18496844172478 -26.7352778464556 -3271.01635932922 -6230.64088821411 -7209.23948287964 -9713.20152282715 -27.0868819206953 -1.27739016897976 -1110.32056808472 0 0 0
"japan" 0 0 0 0 0 0 0 0 251.198321580887 3430.31692504883 2663.86437416077 2035.1185798645 0 0 60.131061822176 0 0 0
"korea" 0 0 0 0 0 0 0 0 0 85.8766734600067 174.008399248123 0 0 0 0 0 0 0
"indonesia" 0 0 0 -39.1481295228004 112.630978226662 20677.188873291 0 0 0 0 0 0 0 0 0 0 0 0
"madagascar" 0 0 0 -739.863514900208 -400.645434856415 -6274.50037002563 0 0 0 0 0 0 0 0 0 0 0 0
"eastasia" 0 0 0 0 0 -62.2028075158596 0 0 2395.41411399841 29790.4758453369 6200.26063919067 0 0 -394.770413637161 -421.768367290497 0 0 0
"seasia" 0 0 0 17322.1225738525 25229.6104431152 25166.597366333 0 0 0 0 75.2553567290306 5990.88954925537 0 0 0 0 0 0
"malasya" 0 0 0 0 0 9658.18119049072 0 0 0 0 0 0 0 0 0 0 0 0
"myanmar" 0 0 0 7721.98820114136 13508.3589553833 1683.70676040649 0 0 0 0 2858.73818397522 2605.2942276001 0 0 0 0 0 0
"southasia" 0 0 0 3546.55599594116 17401.2508392334 1025.10261535645 0 -2.3344517685473 3.79387475550175 4171.57888412476 211.844876408577 0 0 0 0 0 0 0
"india" 0 1251.20067596436 24754.9095153809 37143.0816650391 6953.19080352783 1975.31056404114 0 3092.09012985229 7121.36936187744 1073.72963428497 643.858313560486 2496.95038795471 0 0 0 0 0 0
"canada" 0 0 0 0 0 0 0 -5550.3830909729 880535.034179688 253995.590209961 663.167297840118 0 0 1905.25579452515 30494.9645996094 8.33034049719572 0 0
"us" 0 0 0 0 0 0 -8486.07349395752 -50709.1255187988 -30176.8741607666 100759.262084961 49679.3403625488 7853.0855178833 167.898997664452 888.796448707581 73.2110515236855 0 0 0
"mexico" 0 -2649.59526062012 -5852.95724868774 389.571368694305 6393.20087432861 1612.8556728363 -282.503038644791 -1048.8942861557 -425.918877124786 1403.08308601379 1020.73502540588 1289.29603099823 0 0 0 0 0 0
"colombia" 0 0 0 -5.70258684456348 -313.442647457123 -22140.2549743652 0 0 0 0 -3.7598586641252 -2623.93522262573 0 0 0 0 0 0
"latinamer" 0 445.005774497986 -448.116481304169 -523.43338727951 -3174.58057403564 9973.83880615234 -1476.30190849304 -2079.59985733032 -2717.00263023376 -3170.15552520752 -484.338313341141 2968.37329864502 5.10992016643286 -105.727955698967 165.992632508278 3357.03778266907 -355.411916971207 0
"paraguay" 0 0 0 0 0 234987.365722656 0 0 0 0 0 292636.108398438 0 0 0 0 0 0
"peru" 12812.9110336304 32280.7884216309 7766.67165756226 411.979407072067 17504.0950775146 610679.748535156 66182.7926635742 50944.1680908203 13406.081199646 21225.887298584 79754.4250488281 250190.505981445 0 0 0 0 0 0
"uruguay" 0 0 0 0 0 0 0 0 0 0 0 4117.7773475647 0 0 0 0 0 0
"venezuela" 0 -1.31176167633384 0 -357.579320669174 -1845.87407112122 -4705.75618743896 0 0 0 0 0 0 0 0 0 0 0 0
"eu27" 0 0 0 0 0 0 0 0 -780.554890632629 -8817.72804260254 -2587.32938766479 -571.919679641724 0 1035.34007072449 -671.67592048645 19.5312462747097 0 0
"uk" 0 0 0 0 0 0 0 0 0 -420.920312404633 -1106.28318786621 -80.2075788378716 0 0 0 -16.8026704341173 0 0
"efta" 0 0 0 0 0 0 0 0 0 1804.04484272003 0 0 0 328.665196895599 674.470245838165 -0.670035602524877 0 0
"restofworld" 0 0 0 0 0 0 -1462.59832382202 -113.109670579433 -113.242104649544 10897.2806930542 434.590727090836 89.7119492292404 -8.55911802500486 -89.8842811584473 117.342062294483 -1.96662521921098 0 0
"russia" 0 0 0 0 0 0 0 1258.6065530777 102953.994750977 31298.0461120605 1294.53301429749 0 6275.67338943481 29616.2719726562 147342.910766602 0 0 0
"mena" -2822.41916656494 0 0 0 0 0 -1762.56799697876 -11609.1995239258 -3352.14304924011 19070.1751708984 2374.75752830505 0 0 0 -20.6178855150938 0 0 0
"angola" 0 0 -543.798685073853 -12289.1693115234 -12894.6123123169 0 0 0 -7.24046910181642 -1915.57145118713 0 0 0 0 0 0 0 0
"drc" 0 0 0 0 -1575.46150684357 -261.474072933197 0 0 0 0 0 0 0 0 0 0 0 0
"nafr" 6.42299372702837 0 0 0 0 0 -954.69868183136 -883.2648396492 -19.8874268680811 -12.709747068584 0 0 0 0 0 0 0 0
"wafr" 0 0 -394.533008337021 388.901203870773 -36.8421077728271 3875.64706802368 0 0 0 0 0 0 0 0 0 0 0 0
"cafr" 0 -0.281062675639987 0 -274.787247180939 -2068.22156906128 -7250.55074691772 0 0 0 0 0 0 0 0 0 0 0 0
"eafr" -2.19914922490716 -100.059136748314 -457.245439291 -1160.0536108017 757.821321487427 5327.38733291626 0 0 0 0 1559.33511257172 2492.82670021057 0 0 0 0 0 0
"safr" 0 0 -14625.1535415649 -10676.3401031494 -15.2270514518023 541.035532951355 0 -0.292754411930218 -1178.23004722595 -419.349908828735 -1365.60428142548 0 0 0 0 0 0 0
"ivorycoast" 0 0 0 -1933.18951129913 -4392.88663864136 -9010.61725616455 0 0 0 0 0 0 0 0 0 0 0 0
"ghana" 0 0 0 -19.6868609637022 1047.73688316345 3357.71989822388 0 0 0 0 0 0 0 0 0 0 0 0
"nigeria" 0 0 0 70.2791064977646 3963.78254890442 3096.04954719543 0 0 0 0 0 0 0 0 0 0 0 0
"mozambique" 0 0 -1441.76411628723 -4442.59691238403 -2107.91563987732 0 0 0 0 0 0 0 0 0 0 0 0 0
