"argentina" 0 0 0 0 0 0 -29698.2326507568 -8241.5771484375 -116237.533569336 -167159.622192383 0 -48599.796295166 -290.006518363953 -2500.11944770813 1908.54954719543 0 0 0
"bolivia" 0 0 37866.7221069336 290923.492431641 868161.926269531 1127064.81933594 0 0 222009.994506836 32086.2731933594 121097.48840332 123085.899353027 0 0 0 0 0 0
"brasil" 0 0 0 715952.087402344 2909755.37109375 2715151.61132812 0 0 0 0 0 654917.785644531 0 0 0 0 0 0
"oceania" 0 0 0 62.2452795505524 469.729721546173 3575.85215568542 0 0 47.5734174251556 1487.51842975616 2537.46843338013 7068.76277923584 0 0 0 0 0 0
"newzealand" 0 0 0 0 0 0 0 0 0 0 2351.84574127197 7461.59982681274 0 0 0 754.049956798553 0 0
"china" 0 0 0 0 -253.554850816727 -217.642292380333 -7.98414181917906 -32.2834551334381 -4202.28958129883 -4151.18741989136 -2330.23977279663 -8768.71490478516 -33.8162258267403 -3.34370252676308 -593.736529350281 0 0 0
"japan" 0 0 0 0 0 0 0 0 308.766305446625 4226.88245773315 3219.92468833923 2464.92624282837 0 0 77.3681700229645 0 0 0
"korea" 0 0 0 0 0 0 0 0 0 68.201519548893 147.623404860497 0 0 0 0 0 0 0
"indonesia" 0 0 0 12.8993485122919 182.925015687943 21801.2104034424 0 0 0 0 0 0 0 0 0 0 0 0
"madagascar" 0 0 0 -1050.73130130768 -544.260263442993 -8871.35791778564 0 0 0 0 0 0 0 0 0 0 0 0
"eastasia" 0 0 0 0 0 -88.8553708791733 0 0 2572.60727882385 32701.5228271484 6777.44722366333 0 0 -474.860906600952 -628.317594528198 0 0 0
"seasia" 0 0 0 19935.7452392578 28518.9743041992 29122.9972839355 0 0 0 0 73.3937323093414 6884.83333587646 0 0 0 0 0 0
"malasya" 0 0 0 0 0 9184.51881408691 0 0 0 0 0 0 0 0 0 0 0 0
"myanmar" 0 0 0 9292.69313812256 16359.6687316895 2031.20398521423 0 0 0 0 3463.01245689392 3146.04759216309 0 0 0 0 0 0
"southasia" 0 0 0 4715.9686088562 23400.4173278809 1237.07377910614 0 -3.65604320541024 5.54127199575305 5924.07655715942 303.009927272797 0 0 0 0 0 0 0
"india" 0 1564.43762779236 30274.6276855469 43861.9155883789 8000.26035308838 2244.61698532104 0 3547.80840873718 8455.91068267822 1290.38298130035 742.481708526611 2828.06801795959 0 0 0 0 0 0
"canada" 0 0 0 0 0 0 0 -6704.21743392944 1315318.48144531 377553.680419922 931.071877479553 0 0 2825.2329826355 44268.8369750977 14.6511336788535 0 0
"us" 0 0 0 0 0 0 -11724.9937057495 -61030.76171875 -34979.5341491699 128984.481811523 62222.1069335938 3720.3254699707 209.267646074295 1155.53975105286 87.640605866909 0 0 0
"mexico" 0 -3095.46804428101 -7119.19927597046 -59.0400993824005 6990.9930229187 1663.74921798706 -381.6077709198 -1389.85633850098 -1365.17369747162 1250.33092498779 1109.52484607697 1495.95010280609 0 0 0 0 0 0
"colombia" 0 0 0 -7.81843531876802 -407.885670661926 -28174.9992370605 0 0 0 0 -4.92097111418843 -3295.26329040527 0 0 0 0 0 0
"latinamer" 0 497.621417045593 -366.194605827332 117.564506828785 -2061.33913993835 16271.6960906982 -1451.03669166565 -1987.75911331177 -2579.35309410095 -3035.58564186096 -117.610231041908 4181.08606338501 7.09980586543679 -38.3905321359634 461.436718702316 4009.53722000122 -309.410959482193 0
"paraguay" 0 0 0 0 0 235940.673828125 0 0 0 0 0 291177.551269531 0 0 0 0 0 0
"peru" 12834.114074707 32261.7225646973 7762.66479492188 413.648456335068 17474.6017456055 610424.987792969 66282.9284667969 50903.4729003906 13361.7391586304 21156.02684021 79511.0397338867 249569.976806641 0 0 0 0 0 0
"uruguay" 0 0 0 0 0 0 0 0 0 0 0 12295.8135604858 0 0 0 0 0 0
"venezuela" 0 -1.86905509326607 0 -488.296329975128 -2594.78306770325 -6522.22728729248 0 0 0 0 0 0 0 0 0 0 0 0
"eu27" 0 0 0 0 0 0 0 0 8497.65777587891 106104.423522949 29681.2324523926 5534.2698097229 0 1365.36061763763 3240.15474319458 198.839575052261 0 0
"uk" 0 0 0 0 0 0 0 0 0 -503.570139408112 -2377.10809707642 -101.886697113514 0 0 0 -13.136038556695 0 0
"efta" 0 0 0 0 0 0 0 0 0 2064.79692459106 0 0 0 119.131281971931 691.089391708374 -5.9628477320075 0 0
"restofworld" 0 0 0 0 0 0 -2855.27467727661 -214.450731873512 -109.673969447613 21814.1651153564 744.031369686127 175.111874938011 -20.157927647233 -203.030839562416 224.645748734474 -6.12620962783694 0 0
"russia" 0 0 0 0 0 0 0 1483.98578166962 121010.894775391 37016.5939331055 1569.19658184052 0 7835.35814285278 37278.0494689941 186948.654174805 0 0 0
"mena" -2456.87389373779 0 0 0 0 0 -1789.93320465088 -11394.1116333008 4072.51167297363 25728.4774780273 3111.63067817688 0 0 0 -7.57230585440993 0 0 0
"angola" 0 0 -951.697766780853 -21308.5136413574 -22395.3437805176 0 0 0 -14.1445090994239 -3297.53446578979 0 0 0 0 0 0 0 0
"drc" 0 0 0 0 -5032.94897079468 -3708.00185203552 0 0 0 0 0 0 0 0 0 0 0 0
"nafr" 8.18813499063253 0 0 0 0 0 -1092.03016757965 -977.968692779541 -20.2047172933817 -13.4618524461985 0 0 0 0 0 0 0 0
"wafr" 0 0 -564.781844615936 754.18484210968 326.725691556931 4829.30564880371 0 0 0 0 0 0 0 0 0 0 0 0
"cafr" 0 -2.36627296544611 0 -617.554247379303 -3770.75386047363 -12013.9627456665 0 0 0 0 0 0 0 0 0 0 0 0
"eafr" -0.248053984250873 -4.65209875255823 33.213697373867 1521.07918262482 712.378263473511 960.612654685974 0 0 0 0 279.950708150864 302.960216999054 0 0 0 0 0 0
"safr" 0 0 -17876.1081695557 -12531.566619873 -17.3173397779465 664.738774299622 0 -0.349126348737627 -1410.41946411133 -476.472496986389 -1560.96613407135 0 0 0 0 0 0 0
"ivorycoast" 0 0 0 3535.40062904358 -39705.56640625 330336.730957031 0 0 0 0 0 0 0 0 0 0 0 0
"ghana" 0 0 0 -81.6073045134544 121.376007795334 3357.70273208618 0 0 0 0 0 0 0 0 0 0 0 0
"nigeria" 0 0 0 85.2427035570145 4658.71429443359 3651.32808685303 0 0 0 0 0 0 0 0 0 0 0 0
"mozambique" 0 0 -1111.60445213318 -2104.85672950745 -464.613288640976 0 0 0 0 0 0 0 0 0 0 0 0 0
