"argentina" 0 0 0 0 0 0 -29481.8172454834 -7566.07389450073 -115503.509521484 -166328.430175781 0 -46013.9350891113 -270.593255758286 -2417.07873344421 1908.80382061005 0 0 0
"bolivia" 0 0 37901.2184143066 290959.991455078 868396.179199219 1127192.13867188 0 0 221720.138549805 32096.5728759766 121043.510437012 123353.248596191 0 0 0 0 0 0
"brasil" 0 0 0 710520.01953125 2898868.40820312 2707811.5234375 0 0 0 0 0 644448.73046875 0 0 0 0 0 0
"oceania" 0 0 0 45.9001883864403 410.355925559998 3126.87587738037 0 0 38.2209643721581 1247.35140800476 2176.7725944519 6092.75054931641 0 0 0 0 0 0
"newzealand" 0 0 0 0 0 0 0 0 0 0 2036.50498390198 6419.58522796631 0 0 0 542.026221752167 0 0
"china" 0 0 0 0 -389.074444770813 -380.270749330521 -12.8201078623533 -45.479916036129 -5720.76511383057 -7277.19736099243 -6132.48682022095 -13339.2887115479 -43.0608205497265 -4.24514571204782 -1190.69135189056 0 0 0
"japan" 0 0 0 0 0 0 0 0 277.710348367691 3795.54772377014 2910.64596176147 2228.58595848083 0 0 68.09401512146 0 0 0
"korea" 0 0 0 0 0 0 0 0 0 58.0537468194962 127.131700515747 0 0 0 0 0 0 0
"indonesia" 0 0 0 4.97556617483497 108.464889228344 14150.7148742676 0 0 0 0 0 0 0 0 0 0 0 0
"madagascar" 0 0 0 -448.059350252151 -166.570767760277 -4686.28597259521 0 0 0 0 0 0 0 0 0 0 0 0
"eastasia" 0 0 0 0 0 -95.6023037433624 0 0 2415.95077514648 31060.7852935791 6421.69094085693 0 0 -473.448812961578 -684.315860271454 0 0 0
"seasia" 0 0 0 16884.1094970703 23382.8105926514 25030.0102233887 0 0 0 0 39.0243157744408 5880.77735900879 0 0 0 0 0 0
"malasya" 0 0 0 0 0 6712.46147155762 0 0 0 0 0 0 0 0 0 0 0 0
"myanmar" 0 0 0 8566.5397644043 15104.3529510498 1891.58463478088 0 0 0 0 3202.06165313721 2915.61341285706 0 0 0 0 0 0
"southasia" 0 0 0 4157.74536132812 20781.364440918 1041.43226146698 0 -3.58881079591811 4.84522618353367 5367.90609359741 274.240463972092 0 0 0 0 0 0 0
"india" 0 1305.41896820068 25624.4220733643 36400.2380371094 6576.13754272461 1856.88924789429 0 3031.79931640625 7327.76021957397 1090.79539775848 581.565499305725 2329.43081855774 0 0 0 0 0 0
"canada" 0 0 0 0 0 0 0 -6151.98564529419 1179862.42675781 335533.874511719 843.191027641296 0 0 2514.52732086182 39632.7743530273 12.5122908502817 0 0
"us" 0 0 0 0 0 0 -11675.329208374 -60966.1750793457 -34536.7088317871 116235.885620117 53880.0773620605 -1325.38342475891 175.938844680786 891.070425510406 76.7207071185112 0 0 0
"mexico" 0 -3036.65018081665 -6996.87576293945 -221.583247184753 6418.48516464233 1442.33810901642 -373.412668704987 -1352.61523723602 -1407.87887573242 932.561576366425 954.059660434723 1362.29586601257 0 0 0 0 0 0
"colombia" 0 0 0 -8.24123155325651 -394.058614969254 -26416.6946411133 0 0 0 0 -4.85445046797395 -3051.34272575378 0 0 0 0 0 0
"latinamer" 0 427.736431360245 -448.633015155792 -508.678793907166 -2932.02328681946 10609.429359436 -1478.76250743866 -2104.71558570862 -2750.32424926758 -3167.68431663513 -440.68256020546 2797.56021499634 4.36892826110125 -136.798694729805 35.4657396674156 3084.32292938232 -379.616737365723 0
"paraguay" 0 0 0 0 0 -1573.88412952423 0 0 0 0 0 4058.8526725769 0 0 0 0 0 0
"peru" 12760.6868743896 32358.0703735352 7627.70557403564 393.255978822708 17384.3746185303 609645.629882812 65882.2860717773 51106.2202453613 13224.7838973999 20940.6356811523 78761.2991333008 247655.685424805 0 0 0 0 0 0
"uruguay" 0 0 0 0 0 0 0 0 0 0 0 11554.2898178101 0 0 0 0 0 0
"venezuela" 0 -1.87610287684947 0 -470.729112625122 -2520.72048187256 -6368.52741241455 0 0 0 0 0 0 0 0 0 0 0 0
"eu27" 0 0 0 0 0 0 0 0 24308.5460662842 305429.962158203 83147.9415893555 15556.3735961914 0 1897.30763435364 9843.93692016602 473.04031252861 0 0
"uk" 0 0 0 0 0 0 0 0 0 -2760.29849052429 -6192.62599945068 -508.471071720123 0 0 0 -132.058903574944 0 0
"efta" 0 0 0 0 0 0 0 0 0 1316.48564338684 0 0 0 -409.965008497238 295.407891273499 -13.5472668334842 0 0
"restofworld" 0 0 0 0 0 0 -4059.06534194946 -335.609823465347 -3594.57540512085 -9127.09712982178 -1533.11026096344 -94.3599194288254 -37.5026911497116 -418.564826250076 -347.271651029587 -18.1279946118593 0 0
"russia" 0 0 0 0 0 0 0 1188.61925601959 94971.5194702148 28798.713684082 1298.51877689362 0 6902.51302719116 33471.5690612793 170224.182128906 0 0 0
"mena" -2402.24647521973 0 0 0 0 0 -1693.49277019501 -10854.4292449951 1988.21592330933 22618.8983917236 2750.24628639221 0 0 0 -9.66199394315481 0 0 0
"angola" 0 0 -1086.78996562958 -24186.03515625 -25405.9982299805 0 0 0 -17.4244754016399 -3739.26949501038 0 0 0 0 0 0 0 0
"drc" 0 0 0 0 -7040.92264175415 -6090.37446975708 0 0 0 0 0 0 0 0 0 0 0 0
"nafr" 3.03020514547825 0 0 0 0 0 -1118.99149417877 -1012.63046264648 -28.1060244888067 -16.3039285689592 0 0 0 0 0 0 0 0
"wafr" 0 0 -887.935161590576 -1422.57857322693 -882.057189941406 3952.39162445068 0 0 0 0 0 0 0 0 0 0 0 0
"cafr" 0 -5.35732042044401 0 -854.848504066467 -5295.28141021729 -15902.0137786865 0 0 0 0 0 0 0 0 0 0 0 0
"eafr" -0.199594607693143 -0.489879632368684 13.6498771607876 210.319578647614 -2.61762412264943 -682.525873184204 0 0 0 0 -162.472978234291 -401.309221982956 0 0 0 0 0 0
"safr" 0 0 -17254.7302246094 -12469.7170257568 -18.9769063144922 560.120642185211 0 -0.354709103703499 -1392.38464832306 -609.657466411591 -1643.03636550903 0 0 0 0 0 0 0
"ivorycoast" 0 0 0 3352.58436203003 -40851.6273498535 328863.891601562 0 0 0 0 0 0 0 0 0 0 0 0
"ghana" 0 0 0 -104.456581175327 -753.273665904999 2186.69438362122 0 0 0 0 0 0 0 0 0 0 0 0
"nigeria" 0 0 0 41.093785315752 3433.4180355072 2764.28985595703 0 0 0 0 0 0 0 0 0 0 0 0
"mozambique" 0 0 -1938.17329406738 -4740.43703079224 -1702.12936401367 0 0 0 0 0 0 0 0 0 0 0 0 0
