"argentina" 0 0 0 0 0 0 -1266.98482036591 -2982.33699798584 -4140.95497131348 -3242.38061904907 0 -5437.90674209595 71.671724319458 228.200241923332 24.0352377295494 0 0 0
"bolivia" 0 0 37910.4042053223 290950.256347656 868410.461425781 1127230.59082031 0 0 221719.497680664 32098.4649658203 121070.007324219 123516.36505127 0 0 0 0 0 0
"brasil" 0 0 0 720990.478515625 2926004.39453125 2725155.2734375 0 0 0 0 0 654355.163574219 0 0 0 0 0 0
"oceania" 0 0 0 22.9079145938158 203.87889444828 1569.54991817474 0 0 18.6636317521334 616.773247718811 1078.3783197403 3006.75249099731 0 0 0 0 0 0
"newzealand" 0 0 0 0 0 0 0 0 0 0 1724.27546977997 5451.1604309082 0 0 0 488.231688737869 0 0
"china" 0 0 0 0 -353.186130523682 -179.561972618103 -18.8317485153675 -34.1524668037891 -5546.57173156738 -1683.15720558167 3669.3651676178 -9824.83386993408 -58.6744882166386 -4.14766650646925 277.766793966293 0 0 0
"japan" 0 0 0 0 0 0 0 0 192.225977778435 2621.82426452637 2044.07453536987 1563.21430206299 0 0 45.0082719326019 0 0 0
"korea" 0 0 0 0 0 0 0 0 0 43.5352958738804 92.1007394790649 0 0 0 0 0 0 0
"indonesia" 0 0 0 -30.8525282889605 -16.8416500091553 3346.70877456665 0 0 0 0 0 0 0 0 0 0 0 0
"madagascar" 0 0 0 -804.976046085358 -382.62540102005 -6990.83423614502 0 0 0 0 0 0 0 0 0 0 0 0
"eastasia" 0 0 0 0 0 -80.4802179336548 0 0 1335.71422100067 18416.1930084229 3800.77505111694 0 0 -334.046363830566 -631.213545799255 0 0 0
"seasia" 0 0 0 8962.06092834473 11083.9824676514 12882.5044631958 0 0 0 0 -6.94583263248205 3078.01985740662 0 0 0 0 0 0
"malasya" 0 0 0 0 0 1134.24170017242 0 0 0 0 0 0 0 0 0 0 0 0
"myanmar" 0 0 0 3353.82914543152 6135.42079925537 746.166169643402 0 0 0 0 1301.21171474457 1181.6828250885 0 0 0 0 0 0
"southasia" 0 0 0 2854.56442832947 14538.6152267456 679.771840572357 0 -2.96978396363556 3.08658345602453 3815.4513835907 196.093499660492 0 0 0 0 0 0 0
"india" 0 662.030816078186 13915.4491424561 18976.5720367432 3373.19540977478 984.222531318665 0 1698.38261604309 4383.58879089355 608.925521373749 240.925490856171 1231.21929168701 0 0 0 0 0 0
"canada" 0 0 0 0 0 0 0 -4393.08166503906 762357.788085938 225601.791381836 599.42615032196 0 0 1605.43346405029 26181.282043457 5.22832246497273 0 0
"us" 0 0 0 0 0 0 -8834.87129211426 -48102.3445129395 -28550.9719848633 66428.8864135742 30356.0752868652 -2921.0798740387 94.0619185566902 337.979048490524 46.9405204057693 0 0 0
"mexico" 0 -2464.96629714966 -5621.30498886108 86.6186618804932 5484.9648475647 1272.19533920288 -312.681436538696 -1110.06474494934 -643.744468688965 869.73774433136 798.264741897583 1098.86908531189 0 0 0 0 0 0
"colombia" 0 0 0 -6.49839174002409 -298.793613910675 -19873.2109069824 0 0 0 0 -3.72981000691652 -2298.52223396301 0 0 0 0 0 0
"latinamer" 0 304.166167974472 -309.932827949524 -272.733598947525 -1828.90284061432 8750.90026855469 -1048.02739620209 -1488.70182037354 -1929.73637580872 -2189.21995162964 -203.993380069733 2154.24942970276 3.3438173122704 -83.9067846536636 82.5817435979843 2322.73650169373 -255.22592663765 0
"paraguay" 0 0 0 0 0 235260.925292969 0 0 0 0 0 289605.743408203 0 0 0 0 0 0
"peru" 12775.0186920166 32508.2588195801 7594.99502182007 387.348055839539 17403.6502838135 609812.255859375 65960.8459472656 51398.5748291016 13253.6506652832 20986.0324859619 78919.303894043 248058.868408203 0 0 0 0 0 0
"uruguay" 0 0 0 0 0 0 0 0 0 0 0 8995.38516998291 0 0 0 0 0 0
"venezuela" 0 -1.5296017518267 0 -374.574393033981 -2039.97206687927 -5096.60196304321 0 0 0 0 0 0 0 0 0 0 0 0
"eu27" 0 0 0 0 0 0 0 0 18641.6931152344 234330.764770508 63982.5210571289 11915.9984588623 0 1619.27115917206 7598.56367111206 366.716116666794 0 0
"uk" 0 0 0 0 0 0 0 0 0 374.462366104126 -4076.78747177124 40.2858257293701 0 0 0 55.8521002531052 0 0
"efta" 0 0 0 0 0 0 0 0 0 1127.60126590729 0 0 0 -333.018720149994 262.429714202881 -11.2437717616558 0 0
"restofworld" 0 0 0 0 0 0 -2954.75101470947 -254.795670509338 -4032.20176696777 -22215.6524658203 -2124.64570999146 -200.017720460892 -30.6790936738253 -356.0391664505 -513.168632984161 -16.8197154998779 0 0
"russia" 0 0 0 0 0 0 0 617.935597896576 47678.2760620117 13597.1488952637 706.998348236084 0 4151.67903900146 20637.5350952148 106420.722961426 0 0 0
"mena" -1411.08286380768 0 0 0 0 0 -1100.80027580261 -6839.10655975342 4817.48580932617 17489.7842407227 2077.49676704407 0 0 0 -0.200594295165502 0 0 0
"angola" 0 0 -862.991273403168 -19052.7763366699 -20028.5720825195 0 0 0 -14.8688675835729 -2931.65588378906 0 0 0 0 0 0 0 0
"drc" 0 0 0 0 -4939.40305709839 -4588.06991577148 0 0 0 0 0 0 0 0 0 0 0 0
"nafr" 2.49444460496306 0 0 0 0 0 -775.649964809418 -718.395531177521 -19.2000661045313 -11.4170080050826 0 0 0 0 0 0 0 0
"wafr" 0 0 -830.487310886383 -3168.88952255249 -2052.13356018066 1745.18346786499 0 0 0 0 0 0 0 0 0 0 0 0
"cafr" 0 -4.78425202891231 0 -718.638181686401 -4727.11706161499 -14031.2042236328 0 0 0 0 0 0 0 0 0 0 0 0
"eafr" -1.23288063332438 -55.0194308161736 -249.762490391731 -691.633820533752 394.190102815628 2957.65519142151 0 0 0 0 852.236688137054 1347.12266921997 0 0 0 0 0 0
"safr" 0 0 -11138.0681991577 -8846.78077697754 -15.0707606226206 323.316931724548 0 -0.252287136390805 -958.897948265076 -512.306213378906 -1273.74231815338 0 0 0 0 0 0 0
"ivorycoast" 0 0 0 3273.64921569824 -41239.2578125 328220.153808594 0 0 0 0 0 0 0 0 0 0 0 0
"ghana" 0 0 0 -102.944351732731 -1157.88078308105 1092.94807910919 0 0 0 0 0 0 0 0 0 0 0 0
"nigeria" 0 0 0 32.5842201709747 2537.13250160217 2040.69948196411 0 0 0 0 0 0 0 0 0 0 0 0
"mozambique" 0 0 -1690.63746929169 -4065.598487854 -1420.97330093384 0 0 0 0 0 0 0 0 0 0 0 0 0
