"argentina" 0 0 0 0 0 0 -544.278562068939 -607.585668563843 -1195.30141353607 -221.706226468086 0 626.530885696411 121.550559997559 483.497500419617 241.829946637154 0 0 0
"bolivia" 0 0 37886.2686157227 290946.868896484 868387.573242188 1127216.67480469 0 0 221607.894897461 32097.297668457 120970.748901367 123354.202270508 0 0 0 0 0 0
"brasil" 0 0 0 715927.795410156 2916401.85546875 2718608.3984375 0 0 0 0 0 643781.860351562 0 0 0 0 0 0
"oceania" 0 0 0 34.7574688494205 242.146775126457 1863.7592792511 0 0 25.3784935921431 778.883337974548 1314.35465812683 3639.9073600769 0 0 0 0 0 0
"newzealand" 0 0 0 0 0 0 0 0 0 0 503.66872549057 1923.49648475647 0 0 0 936.10155582428 0 0
"china" 0 0 0 0 -183.261036872864 10.0501757115126 -12.4830575659871 -17.3707213252783 -3531.08024597168 1894.00911331177 7668.5037612915 -4185.42671203613 -45.7711257040501 -2.91551277041435 920.709311962128 0 0 0
"japan" 0 0 0 0 0 0 0 0 217.83772110939 2981.53972625732 2296.10776901245 1755.0733089447 0 0 53.1288236379623 0 0 0
"korea" 0 0 0 0 0 0 0 0 0 61.0726028680801 127.079457044601 0 0 0 0 0 0 0
"indonesia" 0 0 0 -7.56305176764727 52.4571239948273 7286.19766235352 0 0 0 0 0 0 0 0 0 0 0 0
"madagascar" 0 0 0 -231.228053569794 -109.38311368227 -2985.73923110962 0 0 0 0 0 0 0 0 0 0 0 0
"eastasia" 0 0 0 0 0 -68.7699392437935 0 0 1527.11606025696 20360.5175018311 4236.62424087524 0 0 -329.195320606232 -540.899336338043 0 0 0
"seasia" 0 0 0 12190.484046936 16668.4036254883 17106.4834594727 0 0 0 0 33.3854034543037 4148.44036102295 0 0 0 0 0 0
"malasya" 0 0 0 0 0 1068.1357383728 0 0 0 0 0 0 0 0 0 0 0 0
"myanmar" 0 0 0 4220.18241882324 7542.32692718506 897.006869316101 0 0 0 0 1591.59255027771 1437.32535839081 0 0 0 0 0 0
"southasia" 0 0 0 3196.0186958313 16163.4407043457 767.99350976944 0 -2.93180602602661 3.52008524350822 4127.35271453857 213.143855333328 0 0 0 0 0 0 0
"india" 0 875.370502471924 18097.2480773926 26271.7952728271 4685.91976165771 1326.37870311737 0 1988.0735874176 5630.48791885376 838.907301425934 383.285015821457 1711.8364572525 0 0 0 0 0 0
"canada" 0 0 0 0 0 0 0 -4365.54288864136 764908.874511719 229860.092163086 610.600411891937 0 0 1646.42226696014 26877.5959014893 5.43576339259744 0 0
"us" 0 0 0 0 0 0 -8549.42893981934 -46536.5753173828 -28352.7851104736 74274.0783691406 37051.082611084 3195.0569152832 124.2550984025 586.285412311554 56.3738867640495 0 0 0
"mexico" 0 -2434.79156494141 -5518.02778244019 408.205181360245 6036.25297546387 1526.69560909271 -309.154361486435 -1105.6135892868 -466.089963912964 1214.87021446228 946.843326091766 1204.16557788849 0 0 0 0 0 0
"colombia" 0 0 0 -5.87203400209546 -304.402858018875 -21158.0467224121 0 0 0 0 -3.69071075692773 -2494.81201171875 0 0 0 0 0 0
"latinamer" 0 373.553454875946 -290.702939033508 35.1394489407539 -1616.42897129059 12336.6622924805 -1117.02501773834 -1533.35797786713 -1979.35318946838 -2297.03688621521 -65.947599709034 3154.29663658142 5.39742922410369 -24.608401581645 373.524367809296 3123.76761436462 -228.020653128624 0
"paraguay" 0 0 0 0 0 608.40916633606 0 0 0 0 0 2376.83367729187 0 0 0 0 0 0
"peru" 12765.4914855957 32111.5379333496 7747.02405929565 410.709321498871 17423.0308532715 609976.379394531 65918.7469482422 50623.0583190918 13279.6173095703 21027.5096893311 79065.5364990234 248426.986694336 0 0 0 0 0 0
"uruguay" 0 0 0 0 0 0 0 0 0 0 0 9098.93894195557 0 0 0 0 0 0
"venezuela" 0 -1.45071663428098 0 -372.913867235184 -2012.44688034058 -5005.20372390747 0 0 0 0 0 0 0 0 0 0 0 0
"eu27" 0 0 0 0 0 0 0 0 1206.99095726013 12055.6659698486 5961.94744110107 906.480669975281 0 834.415912628174 164.662837982178 53.1590804457664 0 0
"uk" 0 0 0 0 0 0 0 0 0 -264.344096183777 -814.312219619751 -51.3743720948696 0 0 0 -9.07277502119541 0 0
"efta" 0 0 0 0 0 0 0 0 0 1654.12962436676 0 0 0 235.382899641991 600.106418132782 -1.94746651686728 0 0
"restofworld" 0 0 0 0 0 0 -1329.79536056519 -104.894056916237 -695.328414440155 3403.26881408691 -104.808621108532 25.2196453511715 -11.2737817689776 -118.474960327148 -8.24169255793095 -4.55997092649341 0 0
"russia" 0 0 0 0 0 0 0 788.411259651184 61408.5845947266 17537.1284484863 821.614146232605 0 4280.44509887695 20700.3765106201 104811.714172363 0 0 0
"mena" -1479.9177646637 0 0 0 0 0 -1164.4698381424 -7177.91128158569 5883.84771347046 19073.6827850342 2252.7756690979 0 0 0 0.469553662696853 0 0 0
"angola" 0 0 -691.261768341064 -15423.3312606812 -16218.8529968262 0 0 0 -10.4389581829309 -2377.19774246216 0 0 0 0 0 0 0 0
"drc" 0 0 0 0 -3215.17276763916 -2006.4218044281 0 0 0 0 0 0 0 0 0 0 0 0
"nafr" 9.20829549431801 0 0 0 0 0 -670.992374420166 -605.020761489868 -6.504001095891 -6.4834812656045 0 0 0 0 0 0 0 0
"wafr" 0 0 -350.80948472023 -37.3295843601227 -257.110029459 2775.67362785339 0 0 0 0 0 0 0 0 0 0 0 0
"cafr" 0 -1.01246766280383 0 -418.482154607773 -2768.69630813599 -8989.41898345947 0 0 0 0 0 0 0 0 0 0 0 0
"eafr" 0.237194763030857 18.4984337538481 156.80330991745 2326.7457485199 763.895988464355 185.470566153526 0 0 0 0 15.0062581524253 -115.509495139122 0 0 0 0 0 0
"safr" 0 0 -12782.7863693237 -9195.31631469727 -13.001648709178 513.423204421997 0 -0.251251534791663 -1025.96664428711 -302.653282880783 -1176.09620094299 0 0 0 0 0 0 0
"ivorycoast" 0 0 0 3456.44617080688 -40038.0439758301 329689.117431641 0 0 0 0 0 0 0 0 0 0 0 0
"ghana" 0 0 0 -71.9177573919296 -107.01596736908 2532.97710418701 0 0 0 0 0 0 0 0 0 0 0 0
"nigeria" 0 0 0 70.884570479393 3684.20028686523 2867.34414100647 0 0 0 0 0 0 0 0 0 0 0 0
"mozambique" 0 0 1378.4898519516 5888.6251449585 3330.84464073181 0 0 0 0 0 0 0 0 0 0 0 0 0
