"argentina" 0 0 0 0 0 0 -29970.8442687988 -9104.70676422119 -117175.178527832 -168140.075683594 0 -49980.1902770996 -315.867334604263 -2624.62973594666 1908.6582660675 0 0 0
"bolivia" 0 0 37894.9890136719 290956.115722656 868369.140625 1127177.61230469 0 0 221877.12097168 32095.3330993652 121115.051269531 123347.679138184 0 0 0 0 0 0
"brasil" 0 0 0 714681.15234375 2906132.32421875 2712874.75585938 0 0 0 0 0 654265.258789062 0 0 0 0 0 0
"oceania" 0 0 0 47.1949763596058 417.834103107452 3180.22990226746 0 0 39.0370860695839 1272.66204357147 2219.33579444885 6210.5131149292 0 0 0 0 0 0
"newzealand" 0 0 0 0 0 0 0 0 0 0 2092.2544002533 6596.6534614563 0 0 0 561.013102531433 0 0
"china" 0 0 0 0 -396.334499120712 -384.280860424042 -13.1752043962479 -46.3428199291229 -5847.62716293335 -7337.25309371948 -6083.41407775879 -13559.684753418 -44.1055744886398 -4.34009870514274 -1190.03200531006 0 0 0
"japan" 0 0 0 0 0 0 0 0 281.809866428375 3850.23164749146 2956.3672542572 2263.7414932251 0 0 68.8971057534218 0 0 0
"korea" 0 0 0 0 0 0 0 0 0 54.2343035340309 119.592078030109 0 0 0 0 0 0 0
"indonesia" 0 0 0 -0.151187181472778 115.168817341328 16140.2072906494 0 0 0 0 0 0 0 0 0 0 0 0
"madagascar" 0 0 0 -477.831214666367 -179.970756173134 -4932.1665763855 0 0 0 0 0 0 0 0 0 0 0 0
"eastasia" 0 0 0 0 0 -99.177211523056 0 0 2413.17319869995 31190.6414031982 6448.41861724854 0 0 -482.68449306488 -717.704832553864 0 0 0
"seasia" 0 0 0 17084.4593048096 23550.4379272461 25309.5092773438 0 0 0 0 37.737812846899 5935.30464172363 0 0 0 0 0 0
"malasya" 0 0 0 0 0 8065.32955169678 0 0 0 0 0 0 0 0 0 0 0 0
"myanmar" 0 0 0 8667.25635528564 15267.5247192383 1911.55385971069 0 0 0 0 3235.68844795227 2946.78044319153 0 0 0 0 0 0
"southasia" 0 0 0 4254.04500961304 21228.5137176514 1074.4377374649 0 -3.62864253111184 4.96480334550142 5477.29253768921 279.430568218231 0 0 0 0 0 0 0
"india" 0 1364.31622505188 26656.1336517334 37914.9360656738 6858.40225219727 1935.7922077179 0 3201.18737220764 7553.59268188477 1125.09500980377 615.530252456665 2414.68644142151 0 0 0 0 0 0
"canada" 0 0 0 0 0 0 0 -6161.46993637085 1224893.5546875 349131.896972656 870.163440704346 0 0 2608.22701454163 41002.2850036621 13.1647381931543 0 0
"us" 0 0 0 0 0 0 -11833.9586257935 -61524.7192382812 -34881.9427490234 118831.893920898 54822.2846984863 -1732.58602619171 178.465038537979 908.489167690277 77.6832029223442 0 0 0
"mexico" 0 -3073.43363761902 -7100.13198852539 -288.976907730103 6445.98531723022 1431.96403980255 -378.445744514465 -1371.4816570282 -1466.04883670807 929.406404495239 961.358785629272 1378.63707542419 0 0 0 0 0 0
"colombia" 0 0 0 -8.38599447160959 -401.808977127075 -26946.0906982422 0 0 0 0 -4.9461186863482 -3111.90414428711 0 0 0 0 0 0
"latinamer" 0 434.405654668808 -432.953864336014 -409.388154745102 -2765.05279541016 11393.7854766846 -1462.32044696808 -2071.49243354797 -2701.48038864136 -3120.97311019897 -386.799216270447 2975.36516189575 4.72859758883715 -121.414065361023 97.3832309246063 3195.40047645569 -366.019368171692 0
"paraguay" 0 0 0 0 0 234717.956542969 0 0 0 0 0 289229.98046875 0 0 0 0 0 0
"peru" 12766.9353485107 32379.4479370117 7625.82159042358 393.012255430222 17388.2904052734 609679.931640625 65915.2145385742 51146.9535827637 13231.0285568237 20950.4241943359 78795.1507568359 247742.553710938 0 0 0 0 0 0
"uruguay" 0 0 0 0 0 0 0 0 0 0 0 11178.7185668945 0 0 0 0 0 0
"venezuela" 0 -1.91609817557037 0 -482.349127531052 -2584.81979370117 -6517.11130142212 0 0 0 0 0 0 0 0 0 0 0 0
"eu27" 0 0 0 0 0 0 0 0 25135.7383728027 315990.966796875 85831.9320678711 16096.2924957275 0 1953.27270030975 10160.5319976807 488.596618175507 0 0
"uk" 0 0 0 0 0 0 0 0 0 -2790.60077667236 -6332.82232284546 -514.44399356842 0 0 0 -132.995963096619 0 0
"efta" 0 0 0 0 0 0 0 0 0 1438.68398666382 0 0 0 -408.72785449028 333.66671204567 -14.028487727046 0 0
"restofworld" 0 0 0 0 0 0 -4206.40802383423 -344.472408294678 -3511.45577430725 -6869.75574493408 -1422.95062541962 -75.6587088108063 -38.1585992872715 -425.715923309326 -316.625237464905 -18.1814040988684 0 0
"russia" 0 0 0 0 0 0 0 1254.45330142975 101314.826965332 30958.6219787598 1378.62324714661 0 7307.96432495117 35354.3281555176 179434.371948242 0 0 0
"mena" -2481.14657402039 0 0 0 0 0 -1746.55437469482 -11221.8637466431 1954.73337173462 23371.84715271 2847.81742095947 0 0 0 -10.2067496627569 0 0 0
"angola" 0 0 -1109.50267314911 -24671.8654632568 -25921.2665557861 0 0 0 -17.9855301976204 -3813.14468383789 0 0 0 0 0 0 0 0
"drc" 0 0 0 0 -7226.37557983398 -6279.45232391357 0 0 0 0 0 0 0 0 0 0 0 0
"nafr" 2.6453142054379 0 0 0 0 0 -1156.70466423035 -1051.49078369141 -29.9188122153282 -17.1594694256783 0 0 0 0 0 0 0 0
"wafr" 0 0 -943.633019924164 -1716.98653697968 -1069.49102878571 3979.50887680054 0 0 0 0 0 0 0 0 0 0 0 0
"cafr" 0 -5.56911854073405 0 -879.124820232391 -5475.62313079834 -16438.5375976562 0 0 0 0 0 0 0 0 0 0 0 0
"eafr" -0.253538979450241 -2.81947292387486 2.65522953122854 167.217552661896 3.40916193090379 -602.542102336884 0 0 0 0 -140.783756971359 -366.010278463364 0 0 0 0 0 0
"safr" 0 0 -17580.0304412842 -12704.0061950684 -19.3706080317497 565.582931041718 0 -0.361137994332239 -1416.62776470184 -624.955534934998 -1671.90730571747 0 0 0 0 0 0 0
"ivorycoast" 0 0 0 3357.98811912537 -40826.4427185059 328908.325195312 0 0 0 0 0 0 0 0 0 0 0 0
"ghana" 0 0 0 -106.967940926552 -775.88427066803 2215.55113792419 0 0 0 0 0 0 0 0 0 0 0 0
"nigeria" 0 0 0 45.5663986504078 3545.48716545105 2848.6020565033 0 0 0 0 0 0 0 0 0 0 0 0
"mozambique" 0 0 -1972.2808599472 -4795.12643814087 -1706.13718032837 0 0 0 0 0 0 0 0 0 0 0 0 0
