"argentina" 0 0 0 0 0 0 -30040.979385376 -9322.829246521 -117412.216186523 -168420.837402344 0 -50837.4328613281 -322.45659828186 -2660.40325164795 1909.4762802124 0 0 0
"bolivia" 0 0 38041.3436889648 291225.494384766 870002.197265625 1127898.68164062 0 0 222041.18347168 32147.1138000488 121246.505737305 123495.712280273 0 0 0 0 0 0
"brasil" 0 0 0 724927.062988281 2937389.6484375 2732273.4375 0 0 0 0 0 656087.768554688 0 0 0 0 0 0
"oceania" 0 0 0 16.3757465779781 165.054157376289 460.524529218674 0 0 13.9306588098407 518.724322319031 954.390525817871 2691.96653366089 0 0 0 0 0 0
"newzealand" 0 0 0 0 0 0 0 0 0 0 303.751289844513 1227.03874111176 0 0 0 689.270853996277 0 0
"china" 0 0 0 0 -390.621423721313 -252.067863941193 -21.3094297796488 -42.6113605499268 -6307.10029602051 -3736.79685592651 885.922431945801 -11615.7817840576 -64.0726611018181 -5.04579767584801 -203.188955783844 0 0 0
"japan" 0 0 0 0 0 0 0 0 106.222622096539 1446.97594642639 1083.42719078064 848.893344402313 0 0 26.6072824597359 0 0 0
"korea" 0 0 0 0 0 0 0 0 0 4.61891107261181 16.6612956672907 0 0 0 0 0 0 0
"indonesia" 0 0 0 -36.451194435358 -63.3060708642006 2509.25493240356 0 0 0 0 0 0 0 0 0 0 0 0
"madagascar" 0 0 0 -571.220278739929 -165.696233510971 -4885.85519790649 0 0 0 0 0 0 0 0 0 0 0 0
"eastasia" 0 0 0 0 0 -107.800289988518 0 0 1037.4116897583 14645.9980010986 2905.34782409668 0 0 -339.582115411758 -754.263520240784 0 0 0
"seasia" 0 0 0 5731.38618469238 6332.39984512329 10214.1990661621 0 0 0 0 -43.3697588741779 2185.77551841736 0 0 0 0 0 0
"malasya" 0 0 0 0 0 6020.07722854614 0 0 0 0 0 0 0 0 0 0 0 0
"myanmar" 0 0 0 3533.31279754639 6512.42828369141 832.986831665039 0 0 0 0 1402.38797664642 1267.88139343262 0 0 0 0 0 0
"southasia" 0 0 0 1694.62919235229 8999.01866912842 152.437299489975 0 -3.0453170184046 2.12095165625215 2959.06591415405 146.228343248367 0 0 0 0 0 0 0
"india" 0 385.73157787323 9432.15751647949 10731.4310073853 1477.46658325195 480.682790279388 0 1647.23861217499 3505.95903396606 386.00954413414 27.3655969649553 410.050332546234 0 0 0 0 0 0
"canada" 0 0 0 0 0 0 0 2718.65177154541 1416757.8125 408515.350341797 999.378323554993 0 0 2818.18032264709 45425.4989624023 12.5376181676984 0 0
"us" 0 0 0 0 0 0 -9420.38059234619 -37636.173248291 -31666.9979095459 57156.6314697266 21107.9921722412 -7196.96044921875 74.8715773224831 48.174686729908 28.959134593606 0 0 0
"mexico" 0 -5610.78977584839 -18502.513885498 -8939.72587585449 1321.22051715851 -3256.85262680054 -834.614753723145 -3324.45883750916 -10912.5757217407 -5627.79808044434 -819.621741771698 1227.3074388504 0 0 0 0 0 0
"colombia" 0 0 0 2858.01529884338 44323.5626220703 2161499.26757812 0 0 0 0 3386.0502243042 195804.19921875 0 0 0 0 0 0
"latinamer" 0 225.906759500504 -629.410445690155 -1689.68284130096 -3654.09636497498 2714.79988098145 -1598.34539890289 -2523.81753921509 -3273.16999435425 -3433.49933624268 -826.273024082184 -419.478058815002 -3.58338607475162 -427.354961633682 -1187.68179416656 517.155587673187 -583.556771278381 0
"paraguay" 0 0 0 0 0 233433.441162109 0 0 0 0 0 286856.903076172 0 0 0 0 0 0
"peru" 12609.8899841309 33005.6457519531 7194.37408447266 333.580166101456 17306.3316345215 608970.336914062 65090.446472168 52402.8625488281 13104.8974990845 20752.5672912598 78106.9259643555 245982.009887695 0 0 0 0 0 0
"uruguay" 0 0 0 0 0 0 0 0 0 0 0 9872.86376953125 0 0 0 0 0 0
"venezuela" 0 -1.95498205721378 0 -457.304358482361 -2490.23532867432 -6363.53158950806 0 0 0 0 0 0 0 0 0 0 0 0
"eu27" 0 0 0 0 0 0 0 0 19452.0320892334 238380.065917969 67914.2913818359 12421.8921661377 0 2471.28701210022 7433.94136428833 419.199705123901 0 0
"uk" 0 0 0 0 0 0 0 0 0 251.356810331345 -4714.47563171387 15.0461038574576 0 0 0 53.6763034760952 0 0
"efta" 0 0 0 0 0 0 0 0 0 971.183776855469 0 0 0 -416.182816028595 185.328960418701 -11.976633220911 0 0
"restofworld" 0 0 0 0 0 0 -4412.69111633301 -300.026953220367 1800.70018768311 53527.8053283691 2386.80338859558 437.80106306076 -31.0610290616751 -280.741900205612 658.62512588501 -6.82447478175163 0 0
"russia" 0 0 0 0 0 0 0 739.889681339264 57761.6081237793 17256.6318511963 849.189877510071 0 4939.04399871826 24553.3294677734 126481.941223145 0 0 0
"mena" -616.878986358643 0 0 0 0 0 -789.377629756927 -4276.51023864746 12502.1467208862 19423.1929779053 2236.487865448 0 0 0 16.7627688497305 0 0 0
"angola" 0 0 -1110.23426055908 -24661.169052124 -25926.7826080322 0 0 0 -18.0208552628756 -3802.80137062073 0 0 0 0 0 0 0 0
"drc" 0 0 0 0 -9039.00241851807 -9503.84426116943 0 0 0 0 0 0 0 0 0 0 0 0
"nafr" 3.29471775330603 0 0 0 0 0 -969.644129276276 -842.473804950714 -20.4842165112495 -12.7484751865268 0 0 0 0 0 0 0 0
"wafr" 0 0 -1223.16563129425 -5477.82468795776 -3298.62332344055 1629.39357757568 0 0 0 0 0 0 0 0 0 0 0 0
"cafr" 0 -8.69685783982277 0 -1050.75263977051 -6633.37898254395 -19235.0749969482 0 0 0 0 0 0 0 0 0 0 0 0
"eafr" -0.356016913428903 -7.18424841761589 48.0996556580067 2049.49355125427 1128.41248512268 2042.81330108643 0 0 0 0 571.210384368896 596.52316570282 0 0 0 0 0 0
"safr" 0 0 -11002.2087097168 -9917.69981384277 -18.1096419692039 303.684026002884 0 -0.299178645946085 -1050.84466934204 -662.981331348419 -1519.87636089325 0 0 0 0 0 0 0
"ivorycoast" 0 0 0 3083.42123031616 -42774.2614746094 326702.514648438 0 0 0 0 0 0 0 0 0 0 0 0
"ghana" 0 0 0 5052.63328552246 359953.521728516 -13130.9576034546 0 0 0 0 0 0 0 0 0 0 0 0
"nigeria" 0 0 0 -15.5088398605585 1493.67356300354 1339.50912952423 0 0 0 0 0 0 0 0 0 0 0 0
"mozambique" 0 0 -83.920530974865 1655.48813343048 1512.69197463989 0 0 0 0 0 0 0 0 0 0 0 0 0
