"argentina" 0 0 0 0 0 0 -29267.8108215332 -6888.47923278809 -114767.524719238 -165563.583374023 0 -45008.544921875 -250.165402889252 -2317.90494918823 1908.78331661224 0 0 0
"bolivia" 0 0 37888.3018493652 290918.823242188 868134.826660156 1127053.95507812 0 0 221872.741699219 32085.5331420898 121033.569335938 123080.261230469 0 0 0 0 0 0
"brasil" 0 0 0 710637.145996094 2899078.85742188 2707955.56640625 0 0 0 0 0 644715.515136719 0 0 0 0 0 0
"oceania" 0 0 0 51.8103837966919 438.802778720856 3301.0995388031 0 0 42.2739945352077 1357.2084903717 2347.88107872009 6559.50450897217 0 0 0 0 0 0
"newzealand" 0 0 0 0 0 0 0 0 0 0 1997.47359752655 6352.52332687378 0 0 0 670.353591442108 0 0
"china" 0 0 0 0 -307.642787694931 -285.587549209595 -9.9397087469697 -37.5098213553429 -4795.34578323364 -5463.059425354 -3985.45432090759 -10583.1785202026 -38.4996756911278 -3.71424341574311 -852.826654911041 0 0 0
"japan" 0 0 0 0 0 0 0 0 284.650653600693 3899.2714881897 2959.68794822693 2268.92137527466 0 0 71.7995390295982 0 0 0
"korea" 0 0 0 0 0 0 0 0 0 67.4321204423904 146.121725440025 0 0 0 0 0 0 0
"indonesia" 0 0 0 17.1607844531536 148.423314094543 17109.4799041748 0 0 0 0 0 0 0 0 0 0 0 0
"madagascar" 0 0 0 -454.633891582489 -198.402911424637 -4717.39768981934 0 0 0 0 0 0 0 0 0 0 0 0
"eastasia" 0 0 0 0 0 -91.740258038044 0 0 2501.65581703186 31856.0523986816 6592.85736083984 0 0 -471.639752388 -643.87309551239 0 0 0
"seasia" 0 0 0 18948.2650756836 26769.4454193115 27940.2503967285 0 0 0 0 57.094868272543 6601.1004447937 0 0 0 0 0 0
"malasya" 0 0 0 0 0 6893.68534088135 0 0 0 0 0 0 0 0 0 0 0 0
"myanmar" 0 0 0 9518.08261871338 16667.3049926758 2070.85561752319 0 0 0 0 3524.95718002319 3206.52318000793 0 0 0 0 0 0
"southasia" 0 0 0 4282.17935562134 21509.1133117676 1050.01413822174 0 -3.84262413717806 4.85060969367623 5554.9464225769 283.408671617508 0 0 0 0 0 0 0
"india" 0 1360.94188690186 27754.4288635254 39676.1169433594 7098.72245788574 2025.63834190369 0 3349.97177124023 8435.32180786133 1226.93622112274 589.430451393127 2535.1459980011 0 0 0 0 0 0
"canada" 0 0 0 0 0 0 0 -5628.48949432373 1254049.8046875 359474.426269531 896.178662776947 0 0 2684.10110473633 42320.0073242188 13.5048450902104 0 0
"us" 0 0 0 0 0 0 -11692.7518844604 -59988.9678955078 -35265.4800415039 124316.131591797 59468.5554504395 3015.50126075745 200.587764382362 1074.96047019958 83.8786661624908 0 0 0
"mexico" 0 -3087.13698387146 -7101.48668289185 -35.9786748886108 6951.47943496704 1669.17717456818 -381.169110536575 -1380.68509101868 -1348.28066825867 1187.31689453125 1079.71024513245 1470.30854225159 0 0 0 0 0 0
"colombia" 0 0 0 -8.29233694821596 -410.383880138397 -27937.8547668457 0 0 0 0 -5.02088107168674 -3253.68165969849 0 0 0 0 0 0
"latinamer" 0 471.845895051956 -468.26896071434 -447.600662708282 -3035.42542457581 12234.9338531494 -1583.00948143005 -2237.93506622314 -2918.28727722168 -3374.96781349182 -423.359990119934 3253.24320793152 5.22287981584668 -125.338986515999 129.829078912735 3499.10426139832 -390.595018863678 0
"paraguay" 0 0 0 0 0 -1607.85555839539 0 0 0 0 0 4148.23770523071 0 0 0 0 0 0
"peru" 12806.8838119507 32266.1781311035 7726.89485549927 408.693820238113 17452.465057373 610233.581542969 66137.5732421875 50917.537689209 13327.7311325073 21102.596282959 79325.3021240234 249095.291137695 0 0 0 0 0 0
"uruguay" 0 0 0 0 0 0 0 0 0 0 0 12094.2802429199 0 0 0 0 0 0
"venezuela" 0 -1.88777514267713 0 -476.191341876984 -2548.96855354309 -6442.92068481445 0 0 0 0 0 0 0 0 0 0 0 0
"eu27" 0 0 0 0 0 0 0 0 7075.60920715332 88758.7890625 24744.3904876709 4562.95680999756 0 1388.87155056 2646.2345123291 172.412320971489 0 0
"uk" 0 0 0 0 0 0 0 0 0 -512.185513973236 -2379.06646728516 -103.681907057762 0 0 0 -13.3260367438197 0 0
"efta" 0 0 0 0 0 0 0 0 0 1803.96139621735 0 0 0 90.2962237596512 600.361704826355 -5.36044826731086 0 0
"restofworld" 0 0 0 0 0 0 -2738.44647407532 -208.053797483444 -275.3586769104 18893.5260772705 590.496838092804 150.954380631447 -19.8019854724407 -200.071811676025 182.186469435692 -6.19129883125424 0 0
"russia" 0 0 0 0 0 0 0 1381.51288032532 111499.740600586 33835.2279663086 1457.61275291443 0 7340.0239944458 35058.967590332 176357.238769531 0 0 0
"mena" -2418.79820823669 0 0 0 0 0 -1741.70577526093 -11042.1953201294 3846.68064117432 24695.3506469727 2983.43563079834 0 0 0 -7.36684445291758 0 0 0
"angola" 0 0 -1025.0324010849 -22950.3364562988 -24125.5588531494 0 0 0 -15.1635594666004 -3548.57611656189 0 0 0 0 0 0 0 0
"drc" 0 0 0 0 -5286.07416152954 -4115.92149734497 0 0 0 0 0 0 0 0 0 0 0 0
"nafr" 8.47836583852768 0 0 0 0 0 -1060.1544380188 -941.810965538025 -18.2775110006332 -12.6113705337048 0 0 0 0 0 0 0 0
"wafr" 0 0 -586.382448673248 651.82638168335 309.131622314453 5030.79271316528 0 0 0 0 0 0 0 0 0 0 0 0
"cafr" 0 -3.39632667601109 0 -706.151604652405 -4319.92721557617 -13452.935218811 0 0 0 0 0 0 0 0 0 0 0 0
"eafr" -0.203477407922037 -1.71596847940236 41.4575524628162 1312.56556510925 569.002389907837 570.550203323364 0 0 0 0 170.031771063805 112.055920064449 0 0 0 0 0 0
"safr" 0 0 -17684.3891143799 -12670.6476211548 -18.0625636130571 648.22518825531 0 -0.354293937562034 -1414.60752487183 -507.79390335083 -1614.4996881485 0 0 0 0 0 0 0
"ivorycoast" 0 0 0 3461.31539344788 -40214.4470214844 329743.530273438 0 0 0 0 0 0 0 0 0 0 0 0
"ghana" 0 0 0 5120.17393112183 360760.162353516 -6714.07222747803 0 0 0 0 0 0 0 0 0 0 0 0
"nigeria" 0 0 0 65.9048706293106 4287.28294372559 3400.75969696045 0 0 0 0 0 0 0 0 0 0 0 0
"mozambique" 0 0 -1158.23364257812 -2280.21121025085 -564.311504364014 0 0 0 0 0 0 0 0 0 0 0 0 0
