"argentina" 0 0 0 0 0 0 -30009.3631744385 -9223.02532196045 -117303.733825684 -168305.587768555 0 -50638.8359069824 -318.973451852798 -2637.51935958862 1909.32846069336 0 0 0
"bolivia" 0 0 38020.0691223145 291226.318359375 870003.845214844 1127894.53125 0 0 222044.921875 32146.4385986328 121241.584777832 123459.060668945 0 0 0 0 0 0
"brasil" 0 0 0 720508.911132812 2923473.38867188 2723690.4296875 0 0 0 0 0 656043.090820312 0 0 0 0 0 0
"oceania" 0 0 0 47.0024570822716 372.838020324707 2074.4469165802 0 0 36.7962047457695 1192.62623786926 2083.16946029663 5833.19044113159 0 0 0 0 0 0
"newzealand" 0 0 0 0 0 0 0 0 0 0 2046.42415046692 6447.81255722046 0 0 0 499.515295028687 0 0
"china" 0 0 0 0 -356.056392192841 -382.106482982635 -11.6999447345734 -44.5606000721455 -5346.06647491455 -7808.34531784058 -7565.85931777954 -12676.7587661743 -40.3418317437172 -4.20433050021529 -1410.64071655273 0 0 0
"japan" 0 0 0 0 0 0 0 0 202.797293663025 2785.32910346985 2066.84565544128 1599.40791130066 0 0 53.2638132572174 0 0 0
"korea" 0 0 0 0 0 0 0 0 0 38.0425304174423 88.7429937720299 0 0 0 0 0 0 0
"indonesia" 0 0 0 36.0778607428074 85.2032154798508 8956.83574676514 0 0 0 0 0 0 0 0 0 0 0 0
"madagascar" 0 0 0 -197.739124298096 26.7668850719929 -2448.61149787903 0 0 0 0 0 0 0 0 0 0 0 0
"eastasia" 0 0 0 0 0 -99.0370959043503 0 0 2132.31372833252 26815.3800964355 5466.80974960327 0 0 -427.009791135788 -624.494254589081 0 0 0
"seasia" 0 0 0 14070.2018737793 20124.0692138672 22539.457321167 0 0 0 0 29.4329933822155 5126.36184692383 0 0 0 0 0 0
"malasya" 0 0 0 0 0 7429.57496643066 0 0 0 0 0 0 0 0 0 0 0 0
"myanmar" 0 0 0 8309.84973907471 14563.7607574463 1832.85415172577 0 0 0 0 3091.12644195557 2812.96348571777 0 0 0 0 0 0
"southasia" 0 0 0 3165.53044319153 16031.0573577881 623.278319835663 0 -3.42173827812076 3.86067479848862 4468.09196472168 225.227326154709 0 0 0 0 0 0 0
"india" 0 1014.21058177948 19990.8180236816 27118.3853149414 4638.23509216309 1310.95373630524 0 2524.70183372498 5751.74808502197 822.237730026245 395.671904087067 1547.49274253845 0 0 0 0 0 0
"canada" 0 0 0 0 0 0 0 5337.14151382446 1116705.56640625 313872.802734375 809.832334518433 0 0 2328.03106307983 38175.3273010254 11.3508552312851 0 0
"us" 0 0 0 0 0 0 -11970.1805114746 -49237.1139526367 -36995.8953857422 113346.885681152 48736.7324829102 -2300.09961128235 173.785805702209 775.208353996277 64.872533082962 0 0 0
"mexico" 0 -3548.5999584198 -8792.91725158691 -1459.57183837891 5795.96090316772 960.163593292236 -450.707077980042 -1589.50924873352 -2480.74102401733 -225.43403506279 586.775720119476 1255.49590587616 0 0 0 0 0 0
"colombia" 0 0 0 2888.33379745483 44698.902130127 2173265.13671875 0 0 0 0 3419.6093082428 200125.137329102 0 0 0 0 0 0
"latinamer" 0 365.409791469574 -669.919550418854 -1439.67258930206 -3925.51851272583 7716.84694290161 -1872.67255783081 -2852.70619392395 -3695.97554206848 -4007.07817077637 -784.680604934692 1050.52888393402 -0.615840312093496 -378.411948680878 -852.497577667236 1836.20369434357 -605.473756790161 0
"paraguay" 0 0 0 0 0 234419.677734375 0 0 0 0 0 288423.767089844 0 0 0 0 0 0
"peru" 12719.0418243408 33217.8421020508 7248.50082397461 339.576601982117 17390.6478881836 609700.68359375 65670.6008911133 52801.1703491211 13235.050201416 20956.6555023193 78816.6046142578 247798.17199707 0 0 0 0 0 0
"uruguay" 0 0 0 0 0 0 0 0 0 0 0 11483.0360412598 0 0 0 0 0 0
"venezuela" 0 -2.04424001276493 0 -491.96583032608 -2653.6967754364 -6756.04391098022 0 0 0 0 0 0 0 0 0 0 0 0
"eu27" 0 0 0 0 0 0 0 0 25865.2019500732 322241.851806641 89297.5158691406 16559.5664978027 0 2669.1906452179 10163.4693145752 523.815035820007 0 0
"uk" 0 0 0 0 0 0 0 0 0 -2757.30681419373 -6720.00122070312 -512.669682502747 0 0 0 -126.389265060425 0 0
"efta" 0 0 0 0 0 0 0 0 0 1315.06323814392 0 0 0 -439.040720462799 285.162746906281 -13.9527982100844 0 0
"restofworld" 0 0 0 0 0 0 -4090.22808074951 -332.903653383255 -3403.01561355591 -6705.89828491211 -1329.90801334381 -71.4495033025742 -36.5207344293594 -408.181697130203 -306.053578853607 -16.6751369833946 0 0
"russia" 0 0 0 0 0 0 0 1319.14067268372 106808.784484863 32759.220123291 1429.62086200714 0 7433.52651596069 35784.5458984375 180957.51953125 0 0 0
"mena" -1420.16983032227 0 0 0 0 0 -1278.91612052917 -7578.96327972412 10521.7199325562 23997.3373413086 2820.17374038696 0 0 0 8.99574253708124 0 0 0
"angola" 0 0 -1160.65526008606 -25888.4468078613 -27218.620300293 0 0 0 -17.9892759770155 -3996.78730964661 0 0 0 0 0 0 0 0
"drc" 0 0 0 0 -10198.2526779175 -9876.64794921875 0 0 0 0 0 0 0 0 0 0 0 0
"nafr" 3.33141558803618 0 0 0 0 0 -1167.14310646057 -1042.43779182434 -27.0762741565704 -16.3077469915152 0 0 0 0 0 0 0 0
"wafr" 0 0 -1037.99426555634 -2364.72773551941 -1331.73561096191 3639.56570625305 0 0 0 0 0 0 0 0 0 0 0 0
"cafr" 0 -7.01436400413513 0 -990.849018096924 -5932.71446228027 -17581.1405181885 0 0 0 0 0 0 0 0 0 0 0 0
"eafr" 0.83376670954749 52.1375089883804 338.900119066238 3260.577917099 811.267912387848 -1418.41340065002 0 0 0 0 -413.667172193527 -1024.98984336853 0 0 0 0 0 0
"safr" 0 0 -16436.5921020508 -12657.416343689 -19.8428276926279 558.97068977356 0 -0.369113899068907 -1401.2850522995 -637.053966522217 -1733.3300113678 0 0 0 0 0 0 0
"ivorycoast" 0 0 0 3203.52840423584 -42086.296081543 327669.952392578 0 0 0 0 0 0 0 0 0 0 0 0
"ghana" 0 0 0 -143.004715442657 -2147.74894714355 593.964576721191 0 0 0 0 0 0 0 0 0 0 0 0
"nigeria" 0 0 0 7.34319258481264 2607.97357559204 2189.42403793335 0 0 0 0 0 0 0 0 0 0 0 0
"mozambique" 0 0 -2005.43999671936 -4944.31018829346 -1794.5921421051 0 0 0 0 0 0 0 0 0 0 0 0 0
