"argentina" 0 0 0 0 0 0 -29722.2938537598 -8317.80624389648 -116320.381164551 -167245.529174805 0 -48711.2159729004 -292.506337165833 -2513.5509967804 1908.51891040802 0 0 0
"bolivia" 0 0 37888.298034668 290933.990478516 868228.210449219 1127102.17285156 0 0 221930.130004883 32089.3058776855 121093.109130859 123171.180725098 0 0 0 0 0 0
"brasil" 0 0 0 716620.60546875 2911829.1015625 2716436.03515625 0 0 0 0 0 654984.497070312 0 0 0 0 0 0
"oceania" 0 0 0 55.9653379023075 442.466527223587 3460.56914329529 0 0 43.4410460293293 1378.7567615509 2367.15364456177 6599.66707229614 0 0 0 0 0 0
"newzealand" 0 0 0 0 0 0 0 0 0 0 2222.57232666016 7032.85884857178 0 0 0 662.802815437317 0 0
"china" 0 0 0 0 -273.762613534927 -257.588356733322 -6.70619495213032 -34.6055440604687 -4312.43991851807 -5057.39593505859 -3795.65858840942 -9591.25137329102 -32.246932387352 -3.33745195530355 -810.928583145142 0 0 0
"japan" 0 0 0 0 0 0 0 0 290.063202381134 3969.4995880127 3030.63201904297 2320.7745552063 0 0 72.1627324819565 0 0 0
"korea" 0 0 0 0 0 0 0 0 0 60.7880838215351 132.892176508904 0 0 0 0 0 0 0
"indonesia" 0 0 0 -13.5855311527848 160.38516163826 22658.763885498 0 0 0 0 0 0 0 0 0 0 0 0
"madagascar" 0 0 0 -1025.08974075317 -531.112015247345 -8762.61615753174 0 0 0 0 0 0 0 0 0 0 0 0
"eastasia" 0 0 0 0 0 -93.0693745613098 0 0 2448.43602180481 31563.0760192871 6548.20537567139 0 0 -476.476341485977 -683.861792087555 0 0 0
"seasia" 0 0 0 18027.1835327148 25342.6170349121 26131.7920684814 0 0 0 0 59.3948513269424 6170.78590393066 0 0 0 0 0 0
"malasya" 0 0 0 0 0 8804.76093292236 0 0 0 0 0 0 0 0 0 0 0 0
"myanmar" 0 0 0 8781.85272216797 15536.6125106812 1938.48466873169 0 0 0 0 3292.81735420227 2994.85468864441 0 0 0 0 0 0
"southasia" 0 0 0 3936.18607521057 19845.5219268799 1049.54636096954 0 -3.75225814059377 3.81096755154431 5015.04611968994 252.431988716125 0 0 0 0 0 0 0
"india" 0 1201.73442363739 25549.8504638672 36704.8950195312 6844.33507919312 2012.7580165863 0 3463.0343914032 8139.30606842041 1116.94025993347 531.186580657959 2518.21970939636 0 0 0 0 0 0
"canada" 0 0 0 0 0 0 0 -6910.31742095947 1272117.67578125 366371.58203125 903.513610363007 0 0 2727.459192276 42694.3054199219 13.9066912233829 0 0
"us" 0 0 0 0 0 0 -10500.3852844238 -58435.7719421387 -33924.5758056641 125074.737548828 59331.226348877 4369.07005310059 196.278840303421 1067.18420982361 84.0500444173813 0 0 0
"mexico" 0 -3016.4635181427 -6989.31789398193 -86.4768028259277 6810.11819839478 1595.19243240356 -352.854549884796 -1307.76429176331 -1276.15785598755 1238.28554153442 1077.96597480774 1458.67562294006 0 0 0 0 0 0
"colombia" 0 0 0 -8.05841665714979 -415.676832199097 -28525.0988006592 0 0 0 0 -5.01107191666961 -3319.91338729858 0 0 0 0 0 0
"latinamer" 0 477.880775928497 -410.545170307159 -224.724799394608 -2732.79619216919 12816.481590271 -1470.09825706482 -2039.24441337585 -2658.35499763489 -3133.79955291748 -338.369995355606 3592.82994270325 6.25573936849833 -68.8140243291855 330.265462398529 3734.20286178589 -332.493513822556 0
"paraguay" 0 0 0 0 0 235823.043823242 0 0 0 0 0 290983.001708984 0 0 0 0 0 0
"peru" 12820.4898834229 32288.0897521973 7739.07136917114 409.731060266495 17463.5181427002 610329.284667969 66210.1364135742 50957.6377868652 13344.8877334595 21129.5146942139 79418.7316894531 249334.457397461 0 0 0 0 0 0
"uruguay" 0 0 0 0 0 0 0 0 0 0 0 11902.759552002 0 0 0 0 0 0
"venezuela" 0 -1.93728925660253 0 -504.678845405579 -2677.67310142517 -6726.90486907959 0 0 0 0 0 0 0 0 0 0 0 0
"eu27" 0 0 0 0 0 0 0 0 5246.96063995361 62839.8361206055 19600.1472473145 3594.96974945068 0 1446.89631462097 1689.00012969971 150.943696498871 0 0
"uk" 0 0 0 0 0 0 0 0 0 -504.427909851074 -1967.39792823792 -99.8324081301689 0 0 0 -15.6034370884299 0 0
"efta" 0 0 0 0 0 0 0 0 0 1986.84298992157 0 0 0 163.259625434875 680.385768413544 -4.69806836917996 0 0
"restofworld" 0 0 0 0 0 0 -2494.99869346619 -186.889320611954 31.7764803767204 20940.8187866211 795.42338848114 170.039996504784 -16.3812916725874 -165.47828912735 230.349227786064 -4.44701686501503 0 0
"russia" 0 0 0 0 0 0 0 1374.61709976196 112189.68963623 34151.3595581055 1458.1390619278 0 7327.70586013794 34905.9410095215 175049.911499023 0 0 0
"mena" -2188.03286552429 0 0 0 0 0 -1660.51149368286 -10510.8280181885 5445.17850875854 25319.5247650146 3044.74902153015 0 0 0 -4.56878775730729 0 0 0
"angola" 0 0 -1013.22507858276 -22626.5907287598 -23777.3551940918 0 0 0 -15.6297609210014 -3501.21879577637 0 0 0 0 0 0 0 0
"drc" 0 0 0 0 -3485.36968231201 -2436.36798858643 0 0 0 0 0 0 0 0 0 0 0 0
"nafr" 7.95828830450773 0 0 0 0 0 -1040.34507274628 -946.774899959564 -20.3555263578892 -13.2289035245776 0 0 0 0 0 0 0 0
"wafr" 0 0 -945.475876331329 -2004.14395332336 -1519.46151256561 4610.35776138306 0 0 0 0 0 0 0 0 0 0 0 0
"cafr" 0 -3.08846915140748 0 -617.380559444427 -4449.96309280396 -13993.371963501 0 0 0 0 0 0 0 0 0 0 0 0
"eafr" -2.4057743139565 -106.02855682373 -436.88490986824 204.633802175522 1497.47121334076 6619.73333358765 0 0 0 0 1916.42343997955 2956.5794467926 0 0 0 0 0 0
"safr" 0 0 -17156.1851501465 -12465.6171798706 -18.138088285923 595.982730388641 0 -0.342673301929608 -1374.11284446716 -532.030284404755 -1602.93340682983 0 0 0 0 0 0 0
"ivorycoast" 0 0 0 -2126.31464004517 -4814.90087509155 -9935.61553955078 0 0 0 0 0 0 0 0 0 0 0 0
"ghana" 0 0 0 5111.68098449707 360668.609619141 -6408.42533111572 0 0 0 0 0 0 0 0 0 0 0 0
"nigeria" 0 0 0 73.7158209085464 4465.76738357544 3513.13781738281 0 0 0 0 0 0 0 0 0 0 0 0
"mozambique" 0 0 -1292.72711277008 -2744.08388137817 -787.310540676117 0 0 0 0 0 0 0 0 0 0 0 0 0
