"argentina" 0 0 0 0 0 0 -29706.8672180176 -8268.80550384521 -116267.25769043 -167191.024780273 0 -48653.1600952148 -290.803611278534 -2503.77702713013 1908.55240821838 0 0 0
"bolivia" 0 0 37866.4817810059 290923.278808594 868159.66796875 1127064.453125 0 0 222012.37487793 32086.2274169922 121098.175048828 123085.289001465 0 0 0 0 0 0
"brasil" 0 0 0 715553.344726562 2908562.25585938 2714407.95898438 0 0 0 0 0 654809.326171875 0 0 0 0 0 0
"oceania" 0 0 0 61.4267811179161 468.002706766129 3567.66510009766 0 0 47.1863970160484 1478.63030433655 2525.1476764679 7036.02695465088 0 0 0 0 0 0
"newzealand" 0 0 0 0 0 0 0 0 0 0 2326.18379592896 7381.59418106079 0 0 0 749.162554740906 0 0
"china" 0 0 0 0 -260.799199342728 -225.297451019287 -8.24532378464937 -32.9276919364929 -4284.75475311279 -4284.21545028687 -2470.06559371948 -8999.84645843506 -34.4186946749687 -3.38783906772733 -615.849196910858 0 0 0
"japan" 0 0 0 0 0 0 0 0 308.188617229462 4218.68324279785 3214.6909236908 2460.97326278687 0 0 77.162466943264 0 0 0
"korea" 0 0 0 0 0 0 0 0 0 67.856065928936 146.932050585747 0 0 0 0 0 0 0
"indonesia" 0 0 0 12.7918273210526 181.790247559547 21703.9852142334 0 0 0 0 0 0 0 0 0 0 0 0
"madagascar" 0 0 0 -508.012473583221 -235.378414392471 -5174.65019226074 0 0 0 0 0 0 0 0 0 0 0 0
"eastasia" 0 0 0 0 0 -89.346706867218 0 0 2567.15965270996 32658.9851379395 6768.6915397644 0 0 -475.578784942627 -632.983148097992 0 0 0
"seasia" 0 0 0 19907.6557159424 28455.8715820312 29083.1317901611 0 0 0 0 72.7907419204712 6874.29189682007 0 0 0 0 0 0
"malasya" 0 0 0 0 0 9177.06680297852 0 0 0 0 0 0 0 0 0 0 0 0
"myanmar" 0 0 0 9435.8081817627 16547.9717254639 2053.25198173523 0 0 0 0 3500.56862831116 3180.86695671082 0 0 0 0 0 0
"southasia" 0 0 0 4717.53358840942 23409.8949432373 1235.82577705383 0 -3.657455323264 5.54154952988029 5926.16987228394 303.106248378754 0 0 0 0 0 0 0
"india" 0 1563.82215023041 30272.2778320312 43869.5945739746 7995.29933929443 2242.74730682373 0 3545.9988117218 8460.67428588867 1291.39840602875 742.054164409637 2824.83816146851 0 0 0 0 0 0
"canada" 0 0 0 0 0 0 0 -6649.34873580933 1315935.18066406 377636.047363281 931.249618530273 0 0 2825.27327537537 44273.9143371582 14.6514354273677 0 0
"us" 0 0 0 0 0 0 -11734.4808578491 -60985.7635498047 -35013.0882263184 128754.348754883 62039.9932861328 3595.58248519897 208.604767918587 1149.76358413696 87.3710662126541 0 0 0
"mexico" 0 -3095.94511985779 -7122.85089492798 -63.1601512432098 6986.21463775635 1661.48567199707 -381.700336933136 -1389.99223709106 -1367.39552021027 1245.48518657684 1107.59258270264 1494.80855464935 0 0 0 0 0 0
"colombia" 0 0 0 -7.82970059663057 -407.579690217972 -28139.9784088135 0 0 0 0 -4.92049474269152 -3290.91358184814 0 0 0 0 0 0
"latinamer" 0 497.037529945374 -368.27951669693 106.711402535439 -2078.18078994751 16201.9386291504 -1453.9053440094 -1993.26491355896 -2586.57813072205 -3042.36054420471 -122.810631990433 4162.54186630249 7.05900928005576 -40.2568764984608 454.356521368027 3998.76856803894 -311.119675636292 0
"paraguay" 0 0 0 0 0 235934.143066406 0 0 0 0 0 291170.776367188 0 0 0 0 0 0
"peru" 12834.1217041016 32261.1999511719 7762.7124786377 413.660794496536 17474.2908477783 610422.668457031 66282.9284667969 50902.3628234863 13361.270904541 21155.2810668945 79508.5067749023 249563.4765625 0 0 0 0 0 0
"uruguay" 0 0 0 0 0 0 0 0 0 0 0 12252.6893615723 0 0 0 0 0 0
"venezuela" 0 -1.87265244312584 0 -488.774180412292 -2597.77283668518 -6530.37977218628 0 0 0 0 0 0 0 0 0 0 0 0
"eu27" 0 0 0 0 0 0 0 0 8540.96603393555 106827.972412109 29760.6105804443 5552.54459381104 0 1353.47187519073 3269.97208595276 198.775768280029 0 0
"uk" 0 0 0 0 0 0 0 0 0 -507.71164894104 -2392.37213134766 -102.662995457649 0 0 0 -13.3040025830269 0 0
"efta" 0 0 0 0 0 0 0 0 0 2044.62933540344 0 0 0 112.436830997467 682.878792285919 -6.01387210190296 0 0
"restofworld" 0 0 0 0 0 0 -2865.74029922485 -215.337321162224 -124.80965256691 21721.0426330566 734.637141227722 174.243599176407 -20.2858112752438 -204.484507441521 222.546800971031 -6.21264846995473 0 0
"russia" 0 0 0 0 0 0 0 1472.44048118591 120037.399291992 36692.6956176758 1558.46703052521 0 7795.36199569702 37104.9423217773 186133.30078125 0 0 0
"mena" -2457.44562149048 0 0 0 0 0 -1789.98816013336 -11394.5789337158 4069.49996948242 25726.3679504395 3111.42659187317 0 0 0 -7.58066587150097 0 0 0
"angola" 0 0 -956.787586212158 -21420.7706451416 -22513.8473510742 0 0 0 -14.2310354858637 -3314.60118293762 0 0 0 0 0 0 0 0
"drc" 0 0 0 0 -5044.63768005371 -3728.95383834839 0 0 0 0 0 0 0 0 0 0 0 0
"nafr" 8.19540210068226 0 0 0 0 0 -1091.57288074493 -977.620840072632 -20.1831199228764 -13.4525271132588 0 0 0 0 0 0 0 0
"wafr" 0 0 -574.658095836639 689.407169818878 284.525215625763 4820.81031799316 0 0 0 0 0 0 0 0 0 0 0 0
"cafr" 0 -2.41011823527515 0 -622.586905956268 -3813.24410438538 -12139.7047042847 0 0 0 0 0 0 0 0 0 0 0 0
"eafr" -0.258442043559626 -5.19988499581814 30.1279984414577 1500.4665851593 709.868431091309 983.43563079834 0 0 0 0 286.662489175797 316.04477763176 0 0 0 0 0 0
"safr" 0 0 -17783.6685180664 -12525.1665115356 -17.4717400223017 655.477941036224 0 -0.348291679983959 -1406.7440032959 -481.764376163483 -1568.77338886261 0 0 0 0 0 0 0
"ivorycoast" 0 0 0 3536.71884536743 -39694.9920654297 330347.320556641 0 0 0 0 0 0 0 0 0 0 0 0
"ghana" 0 0 0 -82.1349248290062 113.299481570721 3356.70876502991 0 0 0 0 0 0 0 0 0 0 0 0
"nigeria" 0 0 0 85.1705744862556 4668.07794570923 3659.06286239624 0 0 0 0 0 0 0 0 0 0 0 0
"mozambique" 0 0 2952.50988006592 12499.28855896 7163.26141357422 0 0 0 0 0 0 0 0 0 0 0 0 0
