"argentina" 0 0 0 0 0 0 -29129.3239593506 -6449.89633560181 -114291.114807129 -165070.266723633 0 -44351.3832092285 -237.394362688065 -2259.81116294861 1909.4899892807 0 0 0
"bolivia" 0 0 1282.97066688538 -8291.96357727051 -23201.3034820557 -37919.6357727051 0 0 -1150.29621124268 -1186.80810928345 -515.241265296936 -918.255507946014 0 0 0 0 0 0
"brasil" 0 0 0 717477.233886719 2919410.64453125 2720647.4609375 0 0 0 0 0 646899.291992188 0 0 0 0 0 0
"oceania" 0 0 0 53.2955825328827 381.365954875946 2024.1219997406 0 0 39.8716032505035 1255.87177276611 2164.42012786865 6044.34633255005 0 0 0 0 0 0
"newzealand" 0 0 0 0 0 0 0 0 0 0 2083.13322067261 6597.29528427124 0 0 0 593.55229139328 0 0
"china" 0 0 0 0 -240.54166674614 -268.600672483444 -5.75647922232747 -30.8241955935955 -3603.3296585083 -5511.88325881958 -5636.55614852905 -8905.28774261475 -30.7129640132189 -3.23829194530845 -1081.72166347504 0 0 0
"japan" 0 0 0 0 0 0 0 0 194.626942276955 2686.65480613708 1947.18849658966 1511.16168498993 0 0 53.9955608546734 0 0 0
"korea" 0 0 0 0 0 0 0 0 0 50.9149134159088 114.122629165649 0 0 0 0 0 0 0
"indonesia" 0 0 0 58.2902058959007 121.30131572485 9708.12797546387 0 0 0 0 0 0 0 0 0 0 0 0
"madagascar" 0 0 0 -116.438806056976 40.1006191968918 -1737.73384094238 0 0 0 0 0 0 0 0 0 0 0 0
"eastasia" 0 0 0 0 0 -85.633397102356 0 0 2170.69363594055 26568.7503814697 5416.00322723389 0 0 -393.375247716904 -491.052031517029 0 0 0
"seasia" 0 0 0 15433.8531494141 22830.9955596924 24583.0383300781 0 0 0 0 50.482802093029 5637.75110244751 0 0 0 0 0 0
"malasya" 0 0 0 0 0 6439.86177444458 0 0 0 0 0 0 0 0 0 0 0 0
"myanmar" 0 0 0 8965.10601043701 15557.9509735107 1930.2304983139 0 0 0 0 3288.26880455017 2990.73266983032 0 0 0 0 0 0
"southasia" 0 0 0 2965.59000015259 15122.2772598267 518.826067447662 0 -3.44432471320033 3.66623885929585 4314.51034545898 217.061787843704 0 0 0 0 0 0 0
"india" 0 986.578822135925 20390.8138275146 27846.3497161865 4670.70293426514 1335.84749698639 0 2588.62638473511 6319.13661956787 885.30695438385 362.33326792717 1574.80049133301 0 0 0 0 0 0
"canada" 0 0 0 0 0 0 0 6706.67743682861 1065265.38085938 297822.723388672 784.559905529022 0 0 2242.54536628723 37118.049621582 10.829858481884 0 0
"us" 0 0 0 0 0 0 -11441.6770935059 -45174.6406555176 -36261.6920471191 115298.50769043 52062.0460510254 3212.50462532043 194.114863872528 937.790811061859 69.3180710077286 0 0 0
"mexico" 0 -3427.83093452454 -8392.00687408447 -1038.210272789 6226.98545455933 1256.56235218048 -432.742774486542 -1513.43643665314 -2095.34907341003 123.452305793762 705.457806587219 1305.95624446869 0 0 0 0 0 0
"colombia" 0 0 0 2886.61956787109 44677.433013916 2172778.3203125 0 0 0 0 3420.02582550049 199998.474121094 0 0 0 0 0 0
"latinamer" 0 380.387425422668 -676.171541213989 -1391.86453819275 -3861.62757873535 8917.92106628418 -1921.14269733429 -2917.61565208435 -3778.44405174255 -4087.2688293457 -741.079092025757 1261.43193244934 -0.364005129085854 -377.665460109711 -828.756511211395 1982.68043994904 -613.221228122711 0
"paraguay" 0 0 0 0 0 -322.789311408997 0 0 0 0 0 4311.56206130981 0 0 0 0 0 0
"peru" 12686.149597168 32907.5469970703 7331.51912689209 352.759271860123 17380.4607391357 609609.252929688 65500.7171630859 52197.7233886719 13216.5184020996 20928.0910491943 78718.7652587891 247543.77746582 0 0 0 0 0 0
"uruguay" 0 0 0 0 0 0 0 0 0 0 0 10983.5529327393 0 0 0 0 0 0
"venezuela" 0 -1.89572828821838 0 -460.129588842392 -2493.83759498596 -6329.38480377197 0 0 0 0 0 0 0 0 0 0 0 0
"eu27" 0 0 0 0 0 0 0 0 5617.10500717163 62314.9185180664 21381.7100524902 3627.38084793091 0 1888.97848129272 1533.25879573822 176.562502980232 0 0
"uk" 0 0 0 0 0 0 0 0 0 -477.315485477448 -2247.08199501038 -98.6044704914093 0 0 0 -11.3575588911772 0 0
"efta" 0 0 0 0 0 0 0 0 0 1623.96931648254 0 0 0 99.4746387004852 546.303808689117 -4.2572608217597 0 0
"restofworld" 0 0 0 0 0 0 -3432.27338790894 -190.358310937881 6275.79259872437 96994.5373535156 5411.87381744385 811.615347862244 -14.6542331203818 -56.6857941448689 1409.64818000793 6.42528338357806 0 0
"russia" 0 0 0 0 0 0 0 1262.67182826996 101807.21282959 31065.4926300049 1326.96461677551 0 6699.23877716064 32090.9233093262 161390.609741211 0 0 0
"mena" -1163.74969482422 0 0 0 0 0 -1152.16755867004 -6607.09142684937 12525.0902175903 23913.0878448486 2780.8198928833 0 0 0 13.3036766201258 0 0 0
"angola" 0 0 -1029.93083000183 -23125.2956390381 -24329.6375274658 0 0 0 -14.4753409549594 -3569.52381134033 0 0 0 0 0 0 0 0
"drc" 0 0 0 0 -7907.61280059814 -7380.49840927124 0 0 0 0 0 0 0 0 0 0 0 0
"nafr" 9.91842709481716 0 0 0 0 0 -1024.4779586792 -874.577462673187 -12.6428799703717 -10.4192290455103 0 0 0 0 0 0 0 0
"wafr" 0 0 -575.361609458923 480.987876653671 347.412079572678 4600.59785842896 0 0 0 0 0 0 0 0 0 0 0 0
"cafr" 0 -4.40024025738239 0 -764.971375465393 -4359.56525802612 -13356.7161560059 0 0 0 0 0 0 0 0 0 0 0 0
"eafr" 1.00426212884486 58.9407086372375 411.05329990387 4691.68901443481 1439.33761119843 -364.025503396988 0 0 0 0 -146.78467810154 -624.697804450989 0 0 0 0 0 0
"safr" 0 0 -15630.8317184448 -11989.3789291382 -17.5378024578094 623.268842697144 0 -0.345684122294188 -1331.35080337524 -481.245785951614 -1594.25520896912 0 0 0 0 0 0 0
"ivorycoast" 0 0 0 3285.28332710266 -41602.4703979492 328330.078125 0 0 0 0 0 0 0 0 0 0 0 0
"ghana" 0 0 0 5083.4321975708 360319.82421875 -10612.1740341187 0 0 0 0 0 0 0 0 0 0 0 0
"nigeria" 0 0 0 26.2906104326248 3252.56538391113 2665.19165039062 0 0 0 0 0 0 0 0 0 0 0 0
"mozambique" 0 0 -1108.93309116364 -2260.23602485657 -606.718063354492 0 0 0 0 0 0 0 0 0 0 0 0 0
