"argentina" 0 0 0 0 0 0 1231.37807846069 3206.72464370728 3558.89773368835 3447.96085357666 0 5906.35824203491 -25.9521566331387 -43.2624146342278 76.161116361618 0 0 0
"bolivia" 0 0 -13535.0227355957 539696.166992188 1555120.84960938 3070873.77929688 0 0 133886.688232422 129605.087280273 80550.8804321289 134937.210083008 0 0 0 0 0 0
"brasil" 0 0 0 5219.03514862061 60676.2161254883 -17036.6554260254 0 0 0 0 0 235.143303871155 0 0 0 0 0 0
"oceania" 0 0 0 9.30490158498287 -108.610555529594 -1474.02048110962 0 0 -1.41657539643347 -177.195280790329 -412.236034870148 -1184.91911888123 0 0 0 0 0 0
"newzealand" 0 0 0 0 0 0 0 0 0 0 942.470848560333 2761.8260383606 0 0 0 -335.516273975372 0 0
"china" 0 0 0 0 98.2978790998459 95.0653925538063 5.30716869980097 12.3008377850056 1530.14385700226 1981.45699501038 1688.13347816467 3244.96936798096 9.72343981266022 1.11802143510431 317.110002040863 0 0 0
"japan" 0 0 0 0 0 0 0 0 -18.0551968514919 -246.481448411942 -183.851689100266 -141.898185014725 0 0 -4.19273460283875 0 0 0
"korea" 0 0 0 0 0 0 0 0 0 28.8194268941879 52.5607988238335 0 0 0 0 0 0 0
"indonesia" 0 0 0 -8.32626782357693 -72.5127011537552 -7561.31601333618 0 0 0 0 0 0 0 0 0 0 0 0
"madagascar" 0 0 0 634.953856468201 333.696067333221 4659.03568267822 0 0 0 0 0 0 0 0 0 0 0 0
"eastasia" 0 0 0 0 0 30.8564007282257 0 0 102.619364857674 138.551265001297 64.9890750646591 0 0 62.991090118885 256.932020187378 0 0 0
"seasia" 0 0 0 2792.76609420776 4028.44858169556 3048.33793640137 0 0 0 0 19.2596614360809 892.031371593475 0 0 0 0 0 0
"malasya" 0 0 0 0 0 -2159.72518920898 0 0 0 0 0 0 0 0 0 0 0 0
"myanmar" 0 0 0 1896.07393741608 2946.82240486145 350.80686211586 0 0 0 0 597.139179706573 573.527932167053 0 0 0 0 0 0
"southasia" 0 0 0 854.567408561707 3848.1707572937 313.233017921448 0 0.513015082105994 1.18714442942291 600.24356842041 35.3508330881596 0 0 0 0 0 0 0
"india" 0 -1126.52564048767 -22554.0237426758 -35630.256652832 -6353.17420959473 -1744.28367614746 0 -2263.84115219116 -6782.06157684326 -1104.62689399719 -596.286177635193 -2288.92707824707 0 0 0 0 0 0
"canada" 0 0 0 0 0 0 0 4734.12752151489 -663624.0234375 -215260.955810547 -528.298914432526 0 0 -1493.33345890045 -22951.1737823486 -6.31135143339634 0 0
"us" 0 0 0 0 0 0 187.473982572556 433.160424232483 404.837876558304 -2067.79479980469 2341.91656112671 5677.35004425049 10.6698181480169 88.0777686834335 3.18683963268995 0 0 0
"mexico" 0 3065.13786315918 13140.6507492065 9298.48575592041 4098.60563278198 4871.741771698 513.368129730225 2315.30666351318 10664.1960144043 6288.8970375061 1513.75198364258 -242.807179689407 0 0 0 0 0 0
"colombia" 0 0 0 237.683609127998 9009.2191696167 524140.869140625 0 0 0 0 117.213219404221 58073.299407959 0 0 0 0 0 0
"latinamer" 0 11.1328698694706 58.4057942032814 328.623712062836 582.839488983154 2265.34581184387 68.9632445573807 139.958873391151 181.393668055534 226.764395833015 232.534676790237 565.401792526245 1.07721728272736 52.9287233948708 199.607789516449 310.748487710953 49.2969825863838 0
"paraguay" 0 0 0 0 0 414.379507303238 0 0 0 0 0 163.491666316986 0 0 0 0 0 0
"peru" -2094.80023384094 -5086.48872375488 -2603.42741012573 -209.61731672287 -10454.3504714966 -117946.495056152 -10645.1778411865 -6818.29071044922 -6762.15887069702 -10259.6187591553 -38794.6891784668 -86246.8490600586 0 0 0 0 0 0
"uruguay" 0 0 0 0 0 0 0 0 0 0 0 1223.19912910461 0 0 0 0 0 0
"venezuela" 0 0.474933418445289 0 130.656436085701 669.79455947876 1639.42658901215 0 0 0 0 0 0 0 0 0 0 0 0
"eu27" 0 0 0 0 0 0 0 0 -4022.40467071533 -65672.8057861328 -7972.53322601318 -1648.01955223083 0 -29.5914318412542 -2447.84092903137 -39.4456014037132 0 0
"uk" 0 0 0 0 0 0 0 0 0 1290.88973999023 2200.57487487793 233.895629644394 0 0 0 67.8062662482262 0 0
"efta" 0 0 0 0 0 0 0 0 0 -1785.06600856781 0 0 0 -242.977246642113 -666.599035263062 2.6950528845191 0 0
"restofworld" 0 0 0 0 0 0 1950.28007030487 107.464380562305 -2805.98139762878 -45165.5349731445 -2305.54580688477 -372.109234333038 12.6366512849927 76.5091925859451 -656.668782234192 -0.342628627549857 0 0
"russia" 0 0 0 0 0 0 0 339.095383882523 29033.842086792 9155.04837036133 288.133859634399 0 855.455577373505 3230.86071014404 13383.4838867188 0 0 0
"mena" -121.916122734547 0 0 0 0 0 -55.4102584719658 -362.087845802307 -110.841020941734 681.446254253387 76.0448649525642 0 0 0 -1.28291768487543 0 0 0
"angola" 0 0 140.456169843674 3241.947889328 3466.44282341003 0 0 0 0.870745745487511 482.493609189987 0 0 0 0 0 0 0 0
"drc" 0 0 0 0 2982.18417167664 5141.64209365845 0 0 0 0 0 0 0 0 0 0 0 0
"nafr" 3.88699863106012 0 0 0 0 0 93.9368382096291 89.5776003599167 8.03555175662041 3.21364332921803 0 0 0 0 0 0 0 0
"wafr" 0 0 274.82196688652 991.771817207336 1215.63267707825 -2980.42464256287 0 0 0 0 0 0 0 0 0 0 0 0
"cafr" 0 4.11103945225477 0 340.074002742767 2531.31222724915 6905.26533126831 0 0 0 0 0 0 0 0 0 0 0 0
"eafr" 1.62625953089446 80.6916058063507 426.155030727386 2530.7183265686 53.7098459899426 -3628.63731384277 0 0 0 0 -1059.1983795166 -1817.59595870972 0 0 0 0 0 0
"safr" 0 0 -173.814967274666 696.80517911911 2.27624899707735 107.555188238621 0 0.0264358932327013 49.5168566703796 212.163776159286 185.861244797707 0 0 0 0 0 0 0
"ivorycoast" 0 0 0 -1692.00277328491 -3763.59987258911 -7827.75402069092 0 0 0 0 0 0 0 0 0 0 0 0
"ghana" 0 0 0 58.5267953574657 1376.15060806274 1608.85381698608 0 0 0 0 0 0 0 0 0 0 0 0
"nigeria" 0 0 0 16.0907600075006 1206.77292346954 946.857810020447 0 0 0 0 0 0 0 0 0 0 0 0
"mozambique" 0 0 -1857.42473602295 -6392.90714263916 -3202.81410217285 0 0 0 0 0 0 0 0 0 0 0 0 0
