"argentina" 0 0 0 0 0 0 284.689009189606 489.080250263214 550.376176834106 167.276710271835 0 -121.652148663998 -38.8612486422062 -150.262296199799 -66.9507682323456 0 0 0
"bolivia" 0 0 -727.349042892456 4665.52305221558 12842.4320220947 12589.3039703369 0 0 -173.112198710442 -88.1455019116402 -161.786139011383 -236.023887991905 0 0 0 0 0 0
"brasil" 0 0 0 2202.71682739258 30875.415802002 -11228.798866272 0 0 0 0 0 -295.493990182877 0 0 0 0 0 0
"oceania" 0 0 0 30.7781510055065 -109.98847335577 -2020.13397216797 0 0 5.21805975586176 -60.2358430624008 -277.155071496964 -832.102954387665 0 0 0 0 0 0
"newzealand" 0 0 0 0 0 0 0 0 0 0 1798.06518554688 5387.72678375244 0 0 0 -285.518705844879 0 0
"china" 0 0 0 0 212.006568908691 248.415648937225 9.72422584891319 23.0808854103088 2738.17205429077 4985.91279983521 5684.96036529541 7173.81525039673 17.8904198110104 1.77688151597977 922.463476657867 0 0 0
"japan" 0 0 0 0 0 0 0 0 -422.845482826233 -5847.33152389526 -4878.02886962891 -3656.90088272095 0 0 -86.1890763044357 0 0 0
"korea" 0 0 0 0 0 0 0 0 0 -225.214898586273 -409.195393323898 0 0 0 0 0 0 0
"indonesia" 0 0 0 45.8649285137653 0.103815691545606 -6098.93894195557 0 0 0 0 0 0 0 0 0 0 0 0
"madagascar" 0 0 0 639.645338058472 304.10447716713 4723.38581085205 0 0 0 0 0 0 0 0 0 0 0 0
"eastasia" 0 0 0 0 0 25.6525203585625 0 0 -3259.59777832031 -38539.9360656738 -8078.73344421387 0 0 391.893178224564 81.0206532478333 0 0 0
"seasia" 0 0 0 6446.95949554443 10306.7359924316 7718.57404708862 0 0 0 0 66.867969930172 2046.26846313477 0 0 0 0 0 0
"malasya" 0 0 0 0 0 -1467.9160118103 0 0 0 0 0 0 0 0 0 0 0 0
"myanmar" 0 0 0 2985.47172546387 4702.19707489014 556.14572763443 0 0 0 0 962.958812713623 901.816964149475 0 0 0 0 0 0
"southasia" 0 0 0 1168.68567466736 5298.32077026367 418.732583522797 0 0.515882391482592 1.47178734187037 871.594965457916 48.3981296420097 0 0 0 0 0 0 0
"india" 0 -1088.35816383362 -21975.2578735352 -34840.3701782227 -6214.34354782104 -1707.66472816467 0 -2196.40588760376 -6692.96407699585 -1083.87184143066 -572.800099849701 -2250.21505355835 0 0 0 0 0 0
"canada" 0 0 0 0 0 0 0 6635.76698303223 -691668.579101562 -219565.002441406 -535.798072814941 0 0 -1533.5305929184 -23042.5071716309 -6.70833280310035 0 0
"us" 0 0 0 0 0 0 -380.827128887177 -3916.4707660675 -2241.67346954346 23317.7642822266 15716.8531417847 12796.7844009399 67.6214694976807 484.975695610046 23.3196690678596 0 0 0
"mexico" 0 2953.15217971802 12810.7080459595 9351.57203674316 4632.36951828003 5058.20846557617 506.743013858795 2277.56905555725 10463.8252258301 6420.89891433716 1604.76326942444 -132.686495780945 0 0 0 0 0 0
"colombia" 0 0 0 229.435384273529 8706.8395614624 506658.203125 0 0 0 0 113.375268876553 56116.8937683105 0 0 0 0 0 0
"latinamer" 0 95.3422039747238 98.4667763113976 815.252125263214 1189.60213661194 8221.23527526855 -5.86350401863456 91.994509100914 139.044463634491 123.794622719288 471.660256385803 1893.58508586884 3.62751167267561 123.712927103043 549.754559993744 1294.95167732239 80.7768777012825 0
"paraguay" 0 0 0 0 0 -1031.77678585052 0 0 0 0 0 101.791635155678 0 0 0 0 0 0
"peru" -2382.4520111084 -5785.96210479736 -2949.04470443726 -231.141164898872 -11954.7662734985 -135144.485473633 -12090.7077789307 -7727.20050811768 -7664.79301452637 -11622.4956512451 -43912.6968383789 -96955.2764892578 0 0 0 0 0 0
"uruguay" 0 0 0 0 0 0 0 0 0 0 0 1093.60146522522 0 0 0 0 0 0
"venezuela" 0 0.371073663700372 0 94.440370798111 488.428622484207 1210.1686000824 0 0 0 0 0 0 0 0 0 0 0 0
"eu27" 0 0 0 0 0 0 0 0 -18396.936416626 -250373.291015625 -56162.1589660645 -10870.3365325928 0 -709.540724754333 -9100.63934326172 -326.048225164413 0 0
"uk" 0 0 0 0 0 0 0 0 0 406.683146953583 4945.07169723511 108.044683933258 0 0 0 -11.0712964087725 0 0
"efta" 0 0 0 0 0 0 0 0 0 -1015.86973667145 0 0 0 318.876683712006 -257.470935583115 10.8493641018867 0 0
"restofworld" 0 0 0 0 0 0 3343.31297874451 239.9922311306 237.028002738953 -21130.5046081543 -433.863133192062 -160.902976989746 30.0219282507896 288.979411125183 -184.111803770065 11.1406352370977 0 0
"russia" 0 0 0 0 0 0 0 807.028412818909 68697.6928710938 22061.9697570801 721.385300159454 0 2473.99044036865 10215.6562805176 45883.5372924805 0 0 0
"mena" -294.258803129196 0 0 0 0 0 -186.955884099007 -1129.48167324066 1058.90512466431 3149.9547958374 361.45943403244 0 0 0 -0.704219215549529 0 0 0
"angola" 0 0 271.556466817856 5965.5647277832 6350.50487518311 0 0 0 4.26553376019001 884.260177612305 0 0 0 0 0 0 0 0
"drc" 0 0 0 0 4841.37916564941 7269.2756652832 0 0 0 0 0 0 0 0 0 0 0 0
"nafr" -2.18314724043012 0 0 0 0 0 713.815093040466 644.786059856415 20.1277751475573 10.9463036060333 0 0 0 0 0 0 0 0
"wafr" 0 0 1069.09596920013 5542.41704940796 3939.29839134216 -2520.27487754822 0 0 0 0 0 0 0 0 0 0 0 0
"cafr" 0 6.90171821042895 0 576.168775558472 3987.22338676453 10543.6344146729 0 0 0 0 0 0 0 0 0 0 0 0
"eafr" 1.95905799046159 95.6171900033951 543.727993965149 4304.95500564575 747.336149215698 -2858.92009735107 0 0 0 0 -867.980241775513 -1578.36365699768 0 0 0 0 0 0
"safr" 0 0 -2983.96587371826 -543.385207653046 2.51369085162878 301.689833402634 0 0.00578866638534237 -109.418965876102 337.053656578064 144.641488790512 0 0 0 0 0 0 0
"ivorycoast" 0 0 0 12418.7698364258 23483.4518432617 67402.099609375 0 0 0 0 0 0 0 0 0 0 0 0
"ghana" 0 0 0 86.436040699482 2240.1294708252 2748.04997444153 0 0 0 0 0 0 0 0 0 0 0 0
"nigeria" 0 0 0 74.7444704174995 2538.06042671204 1891.42513275146 0 0 0 0 0 0 0 0 0 0 0 0
"mozambique" 0 0 -1166.66197776794 -4337.17155456543 -2300.45127868652 0 0 0 0 0 0 0 0 0 0 0 0 0
