"argentina" 0 0 0 0 0 0 586.673140525818 1832.14819431305 1795.76289653778 2277.32396125793 0 4289.17789459229 31.7651927471161 163.59481215477 144.473165273666 0 0 0
"bolivia" 0 0 347.623825073242 -1138.1870508194 -2992.96116828918 -5396.11387252808 0 0 -191.36381149292 -211.980551481247 -72.112113237381 -132.590085268021 0 0 0 0 0 0
"brasil" 0 0 0 -806.841969490051 -9045.83358764648 18109.375 0 0 0 0 0 1729.34699058533 0 0 0 0 0 0
"oceania" 0 0 0 58.5750639438629 -41.0043448209763 -1446.00188732147 0 0 18.7809262424707 267.970442771912 173.343360424042 349.543750286102 0 0 0 0 0 0
"newzealand" 0 0 0 0 0 0 0 0 0 0 2175.49872398376 6605.46636581421 0 0 0 -76.1220455169678 0 0
"china" 0 0 0 0 410.874634981155 208.251968026161 22.250285372138 38.6882200837135 6077.3491859436 2148.35000038147 -3645.49279212952 10884.7780227661 57.487964630127 4.26964275538921 -293.832242488861 0 0 0
"japan" 0 0 0 0 0 0 0 0 -294.679939746857 -4058.15029144287 -3452.23617553711 -2580.58738708496 0 0 -58.6065575480461 0 0 0
"korea" 0 0 0 0 0 0 0 0 0 -140.375852584839 -245.395690202713 0 0 0 0 0 0 0
"indonesia" 0 0 0 -64.3375888466835 -54.0414750576019 2663.06471824646 0 0 0 0 0 0 0 0 0 0 0 0
"madagascar" 0 0 0 -241.439834237099 -213.472932577133 -1759.44435596466 0 0 0 0 0 0 0 0 0 0 0 0
"eastasia" 0 0 0 0 0 5.64831029623747 0 0 -2471.17328643799 -28777.681350708 -6078.53746414185 0 0 265.499442815781 -46.4254729449749 0 0 0
"seasia" 0 0 0 16679.1133880615 24752.1362304688 22395.9274291992 0 0 0 0 98.2790589332581 5615.39840698242 0 0 0 0 0 0
"malasya" 0 0 0 0 0 1239.35604095459 0 0 0 0 0 0 0 0 0 0 0 0
"myanmar" 0 0 0 7859.69018936157 13055.2501678467 1601.92286968231 0 0 0 0 2713.52291107178 2523.11611175537 0 0 0 0 0 0
"southasia" 0 0 0 2792.30737686157 13133.861541748 912.951171398163 0 -0.335884426021948 3.55378864333034 2759.54294204712 146.746024489403 0 0 0 0 0 0 0
"india" 0 -791.550278663635 -16163.3491516113 -25280.0846099854 -4379.39453125 -1197.87406921387 0 -1479.97677326202 -5002.19058990479 -818.960607051849 -389.663845300674 -1586.14313602448 0 0 0 0 0 0
"canada" 0 0 0 0 0 0 0 1845.17192840576 -326369.567871094 -107388.99230957 -228.314280509949 0 0 -610.813021659851 -8746.03271484375 -2.22522299736738 0 0
"us" 0 0 0 0 0 0 -4566.24698638916 -23208.9538574219 -9952.53944396973 74658.5845947266 40844.5930480957 10416.5983200073 158.232942223549 1141.77918434143 60.2187551558018 0 0 0
"mexico" 0 1686.89131736755 8457.37838745117 7204.59699630737 5223.97184371948 4284.69133377075 334.501147270203 1517.90928840637 7877.66170501709 5469.10333633423 1562.28113174438 274.82670545578 0 0 0 0 0 0
"colombia" 0 0 0 -0.0266116767306812 -62.2456222772598 -5524.14846420288 0 0 0 0 -0.576881400775164 -700.832486152649 0 0 0 0 0 0
"latinamer" 0 259.814590215683 27.4931080639362 938.836097717285 437.629580497742 12467.1859741211 -326.694220304489 -294.341564178467 -364.574015140533 -610.241413116455 370.759159326553 3404.31022644043 7.03981379047036 176.09016597271 923.758506774902 2830.67035675049 50.5809150636196 0
"paraguay" 0 0 0 0 0 -605.225324630737 0 0 0 0 0 560.571551322937 0 0 0 0 0 0
"peru" 7.57334940135479 39.7619754076004 33.0409035086632 12.2402310371399 96.5760201215744 1658.11228752136 8.9909415692091 14.4232492893934 35.8282253146172 50.4216849803925 391.564309597015 2268.78786087036 0 0 0 0 0 0
"uruguay" 0 0 0 0 0 0 0 0 0 0 0 2442.55399703979 0 0 0 0 0 0
"venezuela" 0 -0.0319092796416953 0 -61.7746561765671 -257.159948348999 -589.552640914917 0 0 0 0 0 0 0 0 0 0 0 0
"eu27" 0 0 0 0 0 0 0 0 -14225.5887985229 -200086.929321289 -42593.9559936523 -8377.63214111328 0 -447.851061820984 -7315.23513793945 -233.607217669487 0 0
"uk" 0 0 0 0 0 0 0 0 0 224.007233977318 3895.59364318848 67.8923353552818 0 0 0 -15.7467238605022 0 0
"efta" 0 0 0 0 0 0 0 0 0 -871.482610702515 0 0 0 206.993147730827 -237.096190452576 7.94367492198944 0 0
"restofworld" 0 0 0 0 0 0 1021.18515968323 136.324539780617 7081.46142959595 74868.9575195312 4960.01625061035 643.338441848755 22.1928469836712 320.687413215637 1281.17227554321 19.7782460600138 0 0
"russia" 0 0 0 0 0 0 0 914.774119853973 77049.1333007812 24502.1286010742 857.508301734924 0 3402.39024162292 15041.4905548096 71131.8359375 0 0 0
"mena" -1204.25593852997 0 0 0 0 0 -731.99450969696 -4892.85182952881 -2101.60112380981 7541.2335395813 926.451802253723 0 0 0 -10.2982837706804 0 0 0
"angola" 0 0 108.888320624828 2387.18724250793 2584.88345146179 0 0 0 1.48320919834077 336.957693099976 0 0 0 0 0 0 0 0
"drc" 0 0 0 0 3283.94269943237 6156.82077407837 0 0 0 0 0 0 0 0 0 0 0 0
"nafr" -3.52047220803797 0 0 0 0 0 490.709334611893 399.565815925598 9.93861630558968 5.82526251673698 0 0 0 0 0 0 0 0
"wafr" 0 0 296.262502670288 140.415638685226 290.794521570206 -3470.62230110168 0 0 0 0 0 0 0 0 0 0 0 0
"cafr" 0 7.3445001617074 0 484.546512365341 3803.29656600952 9754.12750244141 0 0 0 0 0 0 0 0 0 0 0 0
"eafr" 1.71061069704592 79.1163742542267 433.653116226196 3155.59482574463 442.180812358856 -2316.3948059082 0 0 0 0 -703.953444957733 -1188.56072425842 0 0 0 0 0 0
"safr" 0 0 -7584.30671691895 -3378.79180908203 -1.19249522686005 455.430030822754 0 -0.0701419339748099 -444.378912448883 231.089651584625 -194.973438978195 0 0 0 0 0 0 0
"ivorycoast" 0 0 0 -2358.14356803894 -5259.92250442505 -10758.5763931274 0 0 0 0 0 0 0 0 0 0 0 0
"ghana" 0 0 0 4748.18992614746 66176.3305664062 -24960.8783721924 0 0 0 0 0 0 0 0 0 0 0 0
"nigeria" 0 0 0 88.0820155143738 3836.55190467834 2934.67092514038 0 0 0 0 0 0 0 0 0 0 0 0
"mozambique" 0 0 -1506.36577606201 -5848.57130050659 -3226.86791419983 0 0 0 0 0 0 0 0 0 0 0 0 0
