"argentina" 0 0 0 0 0 0 39574.7337341309 123892.646789551 125000.854492188 123503.18145752 0 240822.387695312 2050.21381378174 10848.4735488892 9691.63990020752 0 0 0
"bolivia" 0 0 -253.544867038727 1180.71508407593 3332.33642578125 5720.8776473999 0 0 196.390807628632 179.799556732178 81.6476494073868 142.188549041748 0 0 0 0 0 0
"brasil" 0 0 0 22147.1405029297 170948.120117188 5438.38500976562 0 0 0 0 0 7667.99259185791 0 0 0 0 0 0
"oceania" 0 0 0 -32.4534066021442 -225.431084632874 -1735.76676845551 0 0 -21.2393291294575 -686.904311180115 -1198.23813438416 -3336.06719970703 0 0 0 0 0 0
"newzealand" 0 0 0 0 0 0 0 0 0 0 -2175.30727386475 -6952.32009887695 0 0 0 -925.097584724426 0 0
"china" 0 0 0 0 -213.245257735252 -439.98783826828 0.495728920213878 -16.1616317927837 -938.390731811523 -9005.38444519043 -15182.3301315308 -8656.43978118896 5.97928743809462 0.676238676533103 -2115.39649963379 0 0 0
"japan" 0 0 0 0 0 0 0 0 11.2712541595101 125.530749559402 233.319237828255 170.327633619308 0 0 -4.14102664217353 0 0 0
"korea" 0 0 0 0 0 0 0 0 0 113.926470279694 229.893535375595 0 0 0 0 0 0 0
"indonesia" 0 0 0 -61.6721734404564 -234.953135251999 -16324.1386413574 0 0 0 0 0 0 0 0 0 0 0 0
"madagascar" 0 0 0 659.438788890839 336.539000272751 4983.4041595459 0 0 0 0 0 0 0 0 0 0 0 0
"eastasia" 0 0 0 0 0 33.8458716869354 0 0 982.236385345459 10028.3584594727 2159.68465805054 0 0 -16.652774065733 325.894236564636 0 0 0
"seasia" 0 0 0 6788.38348388672 10163.5932922363 7970.75080871582 0 0 0 0 48.6306399106979 2343.52016448975 0 0 0 0 0 0
"malasya" 0 0 0 0 0 -3557.44624137878 0 0 0 0 0 0 0 0 0 0 0 0
"myanmar" 0 0 0 4444.31829452515 5012.66527175903 321.445316076279 0 0 0 0 799.654126167297 893.616318702698 0 0 0 0 0 0
"southasia" 0 0 0 437.900245189667 2019.50764656067 206.580609083176 0 0.635277829132974 0.197295332327485 -47.6912148296833 2.89087044075131 0 0 0 0 0 0 0
"india" 0 -1400.96759796143 -26151.5426635742 -40648.3306884766 -7293.1022644043 -1959.31708812714 0 -2524.77478981018 -6970.69883346558 -1203.6771774292 -766.147255897522 -2573.67849349976 0 0 0 0 0 0
"canada" 0 0 0 0 0 0 0 2389.05048370361 -719372.314453125 -235614.166259766 -562.469899654388 0 0 -1727.87070274353 -26341.1998748779 -9.56266280263662 0 0
"us" 0 0 0 0 0 0 -1768.8672542572 -6422.13249206543 -4046.76532745361 11945.8427429199 7761.79122924805 -2407.27210044861 29.6903848648071 223.055332899094 12.485396116972 0 0 0
"mexico" 0 2161.82994842529 10102.8594970703 7315.00101089478 3338.78374099731 3668.17903518677 405.113697052002 1809.35537815094 9193.57109069824 5191.88070297241 1237.48636245728 -178.200408816338 0 0 0 0 0 0
"colombia" 0 0 0 1.52594340033829 71.6686919331551 4844.97261047363 0 0 0 0 0.75719685992226 480.572879314423 0 0 0 0 0 0
"latinamer" 0 68.5902684926987 -330.94796538353 -1361.6760969162 -3518.51558685303 -9109.26818847656 -577.718317508698 -879.111230373383 -1208.90390872955 -1381.95109367371 -844.039440155029 -1144.68133449554 -1.82016671169549 -161.6590321064 -471.69092297554 64.1769841313362 -211.421191692352 0
"paraguay" 0 0 0 0 0 -14939.9280548096 0 0 0 0 0 -6021.7399597168 0 0 0 0 0 0
"peru" 16.8992877006531 30.6331217288971 17.0747525990009 4.78212116286159 53.9557859301567 674.40927028656 71.1683183908463 32.7986031770706 50.1496195793152 60.3159368038177 341.284692287445 1104.76839542389 0 0 0 0 0 0
"uruguay" 0 0 0 0 0 0 0 0 0 0 0 -9700.90675354004 0 0 0 0 0 0
"venezuela" 0 0.512019265443087 0 175.916716456413 893.752932548523 2152.59981155396 0 0 0 0 0 0 0 0 0 0 0 0
"eu27" 0 0 0 0 0 0 0 0 -8247.57480621338 -103100.967407227 -30126.0566711426 -5507.73096084595 0 -601.028978824615 -3579.97703552246 -169.635355472565 0 0
"uk" 0 0 0 0 0 0 0 0 0 1072.34168052673 1566.67232513428 191.914781928062 0 0 0 56.9348037242889 0 0
"efta" 0 0 0 0 0 0 0 0 0 -2489.3901348114 0 0 0 -419.169723987579 -948.530554771423 2.05477653071284 0 0
"restofworld" 0 0 0 0 0 0 1953.10688018799 87.2315391898155 -4838.04035186768 -71648.1704711914 -3658.72597694397 -596.958041191101 13.9992851763964 33.9399874210358 -1096.52674198151 -0.525315233971924 0 0
"russia" 0 0 0 0 0 0 0 3.70810646563768 4302.86884307861 1826.01618766785 -77.9609456658363 0 -637.171268463135 -3442.95287132263 -19716.9952392578 0 0 0
"mena" -565.224051475525 0 0 0 0 0 -137.662962079048 -936.04564666748 -5809.22651290894 -3402.04548835754 -394.012302160263 0 0 0 -11.9304433465004 0 0 0
"angola" 0 0 -25.7786940783262 177.667081356049 -156.615316867828 0 0 0 -4.03121951967478 191.881209611893 0 0 0 0 0 0 0 0
"drc" 0 0 0 0 1419.68071460724 3659.44004058838 0 0 0 0 0 0 0 0 0 0 0 0
"nafr" -2.47124256566167 0 0 0 0 0 216.269060969353 21.8182243406773 -2.57664197124541 -1.5098312869668 0 0 0 0 0 0 0 0
"wafr" 0 0 452.165186405182 869.196116924286 923.706412315369 -3700.18482208252 0 0 0 0 0 0 0 0 0 0 0 0
"cafr" 0 4.33316919952631 0 295.319974422455 2223.46544265747 5886.93380355835 0 0 0 0 0 0 0 0 0 0 0 0
"eafr" 1.49678043089807 69.662481546402 299.408555030823 6.49792701005936 -1013.90302181244 -4641.52526855469 0 0 0 0 -1322.061419487 -2046.41199111938 0 0 0 0 0 0
"safr" 0 0 -1243.088722229 -533.466577529907 -1.80734135210514 86.4392817020416 0 0.0257872561633121 -35.6472171843052 238.951981067657 -58.0150671303272 0 0 0 0 0 0 0
"ivorycoast" 0 0 0 -1965.98672866821 -4349.20072555542 -9148.47373962402 0 0 0 0 0 0 0 0 0 0 0 0
"ghana" 0 0 0 73.8900974392891 1885.07652282715 2252.20251083374 0 0 0 0 0 0 0 0 0 0 0 0
"nigeria" 0 0 0 0.185076525667682 1180.29046058655 961.646616458893 0 0 0 0 0 0 0 0 0 0 0 0
"mozambique" 0 0 -2103.68204116821 -8205.45673370361 -4513.15355300903 0 0 0 0 0 0 0 0 0 0 0 0 0
