"argentina" 0 0 0 0 0 0 385.417371988297 1184.71670150757 1178.49695682526 1599.6321439743 0 3070.16897201538 18.6017956584692 97.6443439722061 89.2022848129272 0 0 0
"bolivia" 0 0 325.059771537781 -1040.23265838623 -2737.21265792847 -5029.14810180664 0 0 -185.00791490078 -201.122388243675 -70.1604634523392 -127.853542566299 0 0 0 0 0 0
"brasil" 0 0 0 -2100.24642944336 -12846.9562530518 4072.25704193115 0 0 0 0 0 77.4942934513092 0 0 0 0 0 0
"oceania" 0 0 0 48.3255684375763 -69.7769671678543 -1614.00425434113 0 0 14.3458787351847 152.113050222397 -7.16781802475452 -144.167840480804 0 0 0 0 0 0
"newzealand" 0 0 0 0 0 0 0 0 0 0 1848.46198558807 5585.94799041748 0 0 0 -142.798691987991 0 0
"china" 0 0 0 0 344.128847122192 122.520118951797 20.4430613666773 31.3824154436588 5283.86068344116 394.749671220779 -5778.8143157959 8670.12596130371 52.6673048734665 3.90810891985893 -622.151792049408 0 0 0
"japan" 0 0 0 0 0 0 0 0 -330.663084983826 -4575.32501220703 -3796.02766036987 -2847.70059585571 0 0 -70.0424462556839 0 0 0
"korea" 0 0 0 0 0 0 0 0 0 -157.790586352348 -281.347453594208 0 0 0 0 0 0 0
"indonesia" 0 0 0 -69.9767991900444 -72.0002725720406 1179.94093894958 0 0 0 0 0 0 0 0 0 0 0 0
"madagascar" 0 0 0 329.002141952515 119.832284748554 2021.4569568634 0 0 0 0 0 0 0 0 0 0 0 0
"eastasia" 0 0 0 0 0 -7.54917599260807 0 0 -2650.51889419556 -30003.2005310059 -6313.67301940918 0 0 241.37769639492 -203.111484646797 0 0 0
"seasia" 0 0 0 15128.2320022583 22132.9803466797 20365.7684326172 0 0 0 0 81.0438543558121 5103.271484375 0 0 0 0 0 0
"malasya" 0 0 0 0 0 -195.264548063278 0 0 0 0 0 0 0 0 0 0 0 0
"myanmar" 0 0 0 6389.25409317017 10597.7458953857 1291.55337810516 0 0 0 0 2211.29417419434 2034.39140319824 0 0 0 0 0 0
"southasia" 0 0 0 2163.19727897644 10407.4211120605 678.924202919006 0 -0.668325053993613 2.43378104642034 2207.44276046753 116.849198937416 0 0 0 0 0 0 0
"india" 0 898.364305496216 17019.5274353027 27002.498626709 5078.40347290039 1379.76670265198 0 1548.85363578796 4590.73829650879 788.555026054382 504.503011703491 1879.89747524261 0 0 0 0 0 0
"canada" 0 0 0 0 0 0 0 -6639.12868499756 786113.891601562 245263.336181641 554.866075515747 0 0 1724.5682477951 25828.3958435059 9.2706773430109 0 0
"us" 0 0 0 0 0 0 -3716.10403060913 -21491.7449951172 -9213.14716339111 61504.6806335449 31304.2488098145 5601.4666557312 116.391748189926 819.997906684875 47.069039195776 0 0 0
"mexico" 0 1434.91721153259 7518.90516281128 6928.34949493408 5526.89838409424 4183.52365493774 295.734226703644 1344.06459331512 7438.61150741577 5291.24069213867 1565.0497674942 368.251860141754 0 0 0 0 0 0
"colombia" 0 0 0 -1.21780461631715 -103.166110813618 -7792.47283935547 0 0 0 0 -1.12026347778738 -938.8467669487 0 0 0 0 0 0
"latinamer" 0 234.614148736 -71.9644799828529 341.986775398254 -675.336480140686 7455.71422576904 -438.29619884491 -508.925139904022 -663.277626037598 -920.974910259247 27.3872800171375 2433.78233909607 5.29555650427938 97.9170128703117 619.025468826294 2332.33594894409 -21.5302053838968 0
"paraguay" 0 0 0 0 0 -711.374402046204 0 0 0 0 0 509.963631629944 0 0 0 0 0 0
"peru" 4.33512777090073 31.8431034684181 28.5606626421213 11.4902192726731 81.4096182584763 1485.00275611877 -5.61668677255511 5.35434205085039 25.3992471843958 35.3740751743317 325.326561927795 2077.25143432617 0 0 0 0 0 0
"uruguay" 0 0 0 0 0 0 0 0 0 0 0 1906.58450126648 0 0 0 0 0 0
"venezuela" 0 -0.174588611116633 0 -84.1545388102531 -385.904252529144 -926.686882972717 0 0 0 0 0 0 0 0 0 0 0 0
"eu27" 0 0 0 0 0 0 0 0 -14413.0153656006 -198062.744140625 -43362.3352050781 -8494.4953918457 0 -395.790368318558 -7198.30846786499 -245.801538228989 0 0
"uk" 0 0 0 0 0 0 0 0 0 226.297318935394 3740.96512794495 67.3067942261696 0 0 0 -13.2756568491459 0 0
"efta" 0 0 0 0 0 0 0 0 0 -911.080837249756 0 0 0 195.925027132034 -253.360211849213 7.9143475741148 0 0
"restofworld" 0 0 0 0 0 0 2236.53650283813 156.833857297897 -250.011086463928 -19352.2815704346 -596.248745918274 -152.380034327507 19.427677616477 180.376768112183 -209.005951881409 6.5386057831347 0 0
"russia" 0 0 0 0 0 0 0 982.2958111763 82930.9997558594 26317.289352417 924.272179603577 0 3656.1496257782 16067.5678253174 75876.4801025391 0 0 0
"mena" -1201.78234577179 0 0 0 0 0 -723.741412162781 -4813.88664245605 -1990.49234390259 7426.02777481079 910.080075263977 0 0 0 -10.360561311245 0 0 0
"angola" 0 0 53.0719384551048 1056.91742897034 1166.01455211639 0 0 0 1.49582698941231 135.818243026733 0 0 0 0 0 0 0 0
"drc" 0 0 0 0 1914.46125507355 3970.8948135376 0 0 0 0 0 0 0 0 0 0 0 0
"nafr" -3.00713279284537 0 0 0 0 0 467.811465263367 399.767309427261 10.7498858124018 6.14705495536327 0 0 0 0 0 0 0 0
"wafr" 0 0 273.412704467773 793.111741542816 750.845968723297 -2143.49269866943 0 0 0 0 0 0 0 0 0 0 0 0
"cafr" 0 6.38182833790779 0 427.940607070923 3051.37372016907 7611.09495162964 0 0 0 0 0 0 0 0 0 0 0 0
"eafr" 1.59184262156487 74.3639022111893 400.26792883873 2764.1716003418 284.700155258179 -2418.8392162323 0 0 0 0 -725.128889083862 -1209.79392528534 0 0 0 0 0 0
"safr" 0 0 -7604.37154769897 -3688.87329101562 -1.93181680515409 429.439574480057 0 -0.0811878853710368 -467.185139656067 159.932464361191 -263.937830924988 0 0 0 0 0 0 0
"ivorycoast" 0 0 0 -1929.50987815857 -4372.92861938477 -9032.65380859375 0 0 0 0 0 0 0 0 0 0 0 0
"ghana" 0 0 0 51.928885281086 2352.38480567932 3662.77265548706 0 0 0 0 0 0 0 0 0 0 0 0
"nigeria" 0 0 0 -89.5871222019196 -1841.69590473175 -1290.9072637558 0 0 0 0 0 0 0 0 0 0 0 0
"mozambique" 0 0 -1147.96423912048 -4925.27008056641 -2913.44022750854 0 0 0 0 0 0 0 0 0 0 0 0 0
