"argentina" 0 0 0 0 0 0 44254.2266845703 138227.05078125 139575.042724609 138060.241699219 0 270747.680664062 2206.4528465271 11800.6544113159 10652.6718139648 0 0 0
"bolivia" 0 0 -14294.0855026245 542178.588867188 1561887.57324219 3085258.30078125 0 0 134712.173461914 130282.699584961 80946.662902832 135539.703369141 0 0 0 0 0 0
"brasil" 0 0 0 33884.4299316406 242993.438720703 32799.3469238281 0 0 0 0 0 13858.3688735962 0 0 0 0 0 0
"oceania" 0 0 0 -38.7562736868858 -186.13038957119 -1241.3637638092 0 0 -22.005420178175 -656.609654426575 -1066.56289100647 -2932.05189704895 0 0 0 0 0 0
"newzealand" 0 0 0 0 0 0 0 0 0 0 -2403.48029136658 -7567.10863113403 0 0 0 -681.125164031982 0 0
"china" 0 0 0 0 42.3819795250893 -95.6942513585091 7.63958506286144 10.1941153407097 2021.52323722839 -2154.71768379211 -6437.72602081299 622.139573097229 20.2863123267889 1.99705641716719 -784.706234931946 0 0 0
"japan" 0 0 0 0 0 0 0 0 -152.084678411484 -2098.65236282349 -1615.4580116272 -1227.8972864151 0 0 -35.8760580420494 0 0 0
"korea" 0 0 0 0 0 0 0 0 0 72.5077688694 146.923899650574 0 0 0 0 0 0 0
"indonesia" 0 0 0 200.29179751873 26.9906558096409 -22231.803894043 0 0 0 0 0 0 0 0 0 0 0 0
"madagascar" 0 0 0 651.169896125793 305.254697799683 5555.05132675171 0 0 0 0 0 0 0 0 0 0 0 0
"eastasia" 0 0 0 0 0 77.9116600751877 0 0 -742.875337600708 -12023.0693817139 -2470.70217132568 0 0 283.629596233368 690.227448940277 0 0 0
"seasia" 0 0 0 -6948.57025146484 -6133.27121734619 -10030.9247970581 0 0 0 0 64.9541541934013 -2231.59790039062 0 0 0 0 0 0
"malasya" 0 0 0 0 0 -5196.91276550293 0 0 0 0 0 0 0 0 0 0 0 0
"myanmar" 0 0 0 -3828.2790184021 -9204.97894287109 -1476.28271579742 0 0 0 0 -2204.90121841431 -1901.66854858398 0 0 0 0 0 0
"southasia" 0 0 0 -2266.62516593933 -11450.4022598267 -550.865709781647 0 2.59300740435719 -2.29980377480388 -3122.36499786377 -157.991856336594 0 0 0 0 0 0 0
"india" 0 -703.517854213715 -15239.3426895142 -22368.9804077148 -4025.47740936279 -1162.53447532654 0 -1970.83711624146 -5152.91786193848 -721.720814704895 -322.907865047455 -1484.44271087646 0 0 0 0 0 0
"canada" 0 0 0 0 0 0 0 6312.49618530273 -880909.973144531 -282767.08984375 -711.309969425201 0 0 -2202.16369628906 -33957.405090332 -12.1657159179449 0 0
"us" 0 0 0 0 0 0 6165.19975662231 34426.9866943359 13537.7950668335 -50782.9132080078 -15905.4279327393 11773.3602523804 -55.3045049309731 -256.128370761871 -31.225074082613 0 0 0
"mexico" 0 1496.93775177002 5340.80839157104 2366.42098426819 -1392.07291603088 459.173530340195 230.639114975929 967.213153839111 3868.90363693237 1126.72781944275 -45.3251004219055 -616.623640060425 0 0 0 0 0 0
"colombia" 0 0 0 256.442844867706 9726.53579711914 565098.510742188 0 0 0 0 125.890642404556 62512.6991271973 0 0 0 0 0 0
"latinamer" 0 -144.368350505829 -37.1153727173805 -383.72540473938 -162.141159176826 -6044.61193084717 113.357864320278 94.651848077774 94.256155192852 319.132566452026 3.21754068136215 -1689.42964076996 -4.307696595788 -115.191884338856 -551.681637763977 -1532.98735618591 -44.2914851009846 0
"paraguay" 0 0 0 0 0 -13501.7585754395 0 0 0 0 0 -6090.64292907715 0 0 0 0 0 0
"peru" -2016.44945144653 -4927.72483825684 -2535.34030914307 -208.094447851181 -10125.789642334 -114044.700622559 -10237.2770309448 -6585.90936660767 -6525.72774887085 -9919.15130615234 -37526.8516540527 -84233.0932617188 0 0 0 0 0 0
"uruguay" 0 0 0 0 0 0 0 0 0 0 0 -8554.94976043701 0 0 0 0 0 0
"venezuela" 0 1.42099289223552 0 444.16481256485 2254.58717346191 5496.42467498779 0 0 0 0 0 0 0 0 0 0 0 0
"eu27" 0 0 0 0 0 0 0 0 -18738.7466430664 -255031.066894531 -60984.3940734863 -11756.175994873 0 -1177.61325836182 -9164.4344329834 -352.531999349594 0 0
"uk" 0 0 0 0 0 0 0 0 0 1107.80739784241 4481.54878616333 219.525188207626 0 0 0 36.771472543478 0 0
"efta" 0 0 0 0 0 0 0 0 0 -1391.97158813477 0 0 0 286.300748586655 -386.623978614807 11.6481827571988 0 0
"restofworld" 0 0 0 0 0 0 3451.76005363464 250.797629356384 102.418772876263 -26703.0506134033 -470.737785100937 -207.777470350266 35.988587886095 317.097246646881 -262.744963169098 16.4377987384796 0 0
"russia" 0 0 0 0 0 0 0 -485.16258597374 -34465.2557373047 -9735.9037399292 -617.769837379456 0 -3702.1324634552 -18584.903717041 -97171.5927124023 0 0 0
"mena" 1644.43874359131 0 0 0 0 0 1092.65458583832 7540.47966003418 2343.22214126587 -11755.8507919312 -1463.30857276917 0 0 0 11.6768907755613 0 0 0
"angola" 0 0 497.902601957321 12073.9097595215 12331.5715789795 0 0 0 2.10624700412154 2041.08238220215 0 0 0 0 0 0 0 0
"drc" 0 0 0 0 4712.31555938721 4873.39544296265 0 0 0 0 0 0 0 0 0 0 0 0
"nafr" -1.00675446446985 0 0 0 0 0 832.869291305542 613.076746463776 19.6279361844063 9.83533170074224 0 0 0 0 0 0 0 0
"wafr" 0 0 1985.00871658325 9935.24551391602 6263.12112808228 -2111.36770248413 0 0 0 0 0 0 0 0 0 0 0 0
"cafr" 0 6.15565478801727 0 701.06029510498 4759.00840759277 13563.8008117676 0 0 0 0 0 0 0 0 0 0 0 0
"eafr" 1.20367424096912 53.636871278286 266.149610280991 1256.38508796692 -87.11177110672 -2023.65803718567 0 0 0 0 -609.213709831238 -955.072283744812 0 0 0 0 0 0
"safr" 0 0 9173.50387573242 6238.47103118896 10.1976729929447 -191.298097372055 0 0.215292471693829 731.622695922852 615.738570690155 864.046514034271 0 0 0 0 0 0 0
"ivorycoast" 0 0 0 10032.621383667 19040.9355163574 54235.4431152344 0 0 0 0 0 0 0 0 0 0 0 0
"ghana" 0 0 0 4846.68016433716 67009.5443725586 -25287.1379852295 0 0 0 0 0 0 0 0 0 0 0 0
"nigeria" 0 0 0 -23.7776897847652 -1653.05531024933 -1342.12040901184 0 0 0 0 0 0 0 0 0 0 0 0
"mozambique" 0 0 646.637439727783 577.358484268188 -321.855783462524 0 0 0 0 0 0 0 0 0 0 0 0 0
