"argentina" 0 0 0 0 0 0 649.775624275208 2010.45823097229 2000.41007995605 2426.79214477539 0 4557.01112747192 32.5588099658489 170.489430427551 154.050141572952 0 0 0
"bolivia" 0 0 319.976180791855 -1063.74180316925 -2794.25144195557 -5007.77435302734 0 0 -174.755543470383 -196.413531899452 -65.9783110022545 -121.858268976212 0 0 0 0 0 0
"brasil" 0 0 0 -506.600737571716 -4477.40745544434 13692.3723220825 0 0 0 0 0 1333.17530155182 0 0 0 0 0 0
"oceania" 0 0 0 58.2373701035976 -52.8839752078056 -1621.35827541351 0 0 18.4507928788662 250.120460987091 129.667222499847 220.949321985245 0 0 0 0 0 0
"newzealand" 0 0 0 0 0 0 0 0 0 0 2192.10815429688 6648.6496925354 0 0 0 -102.967269718647 0 0
"china" 0 0 0 0 438.544750213623 218.316555023193 24.8448420315981 40.6752191483974 6485.63814163208 2125.85401535034 -4164.65663909912 11659.9006652832 61.2388513982296 4.54383995383978 -362.66502737999 0 0 0
"japan" 0 0 0 0 0 0 0 0 -311.175584793091 -4288.52272033691 -3636.52086257935 -2718.57309341431 0 0 -62.2256696224213 0 0 0
"korea" 0 0 0 0 0 0 0 0 0 -145.111471414566 -254.785478115082 0 0 0 0 0 0 0
"indonesia" 0 0 0 -37.8583259880543 -18.9727246761322 3021.08144760132 0 0 0 0 0 0 0 0 0 0 0 0
"madagascar" 0 0 0 -174.355864524841 -178.329885005951 -1250.42128562927 0 0 0 0 0 0 0 0 0 0 0 0
"eastasia" 0 0 0 0 0 6.94432109594345 0 0 -2578.12643051147 -30154.9987792969 -6374.37915802002 0 0 281.64604306221 -31.1169046908617 0 0 0
"seasia" 0 0 0 15103.1131744385 23089.4012451172 20708.9195251465 0 0 0 0 101.700559258461 5138.65756988525 0 0 0 0 0 0
"malasya" 0 0 0 0 0 962.532818317413 0 0 0 0 0 0 0 0 0 0 0 0
"myanmar" 0 0 0 5989.6183013916 9960.16311645508 1206.70747756958 0 0 0 0 2078.14502716064 1907.51028060913 0 0 0 0 0 0
"southasia" 0 0 0 2118.24655532837 9991.83654785156 684.456288814545 0 -0.336539931595325 2.69894232042134 2119.19403076172 112.771585583687 0 0 0 0 0 0 0
"india" 0 930.212676525116 16372.2877502441 26064.5790100098 4977.80847549438 1322.36993312836 0 1405.91704845428 3787.05453872681 710.602521896362 550.731539726257 1806.17427825928 0 0 0 0 0 0
"canada" 0 0 0 0 0 0 0 2583.78124237061 -358288.0859375 -115918.716430664 -245.085328817368 0 0 -697.040498256683 -9831.00509643555 -3.17038991488516 0 0
"us" 0 0 0 0 0 0 -3252.82168388367 -18850.7862091064 -8402.62222290039 71606.7810058594 38721.5232849121 12417.5777435303 151.202261447906 1094.07651424408 57.0314601063728 0 0 0
"mexico" 0 1771.94178104401 8725.60501098633 7301.59854888916 5128.27205657959 4306.48708343506 344.381213188171 1563.5906457901 8024.04594421387 5498.31771850586 1552.24466323853 240.030482411385 0 0 0 0 0 0
"colombia" 0 0 0 -0.181134906597435 -61.4887848496437 -5293.12324523926 0 0 0 0 -0.591374526266009 -665.478825569153 0 0 0 0 0 0
"latinamer" 0 241.613924503326 7.06618465483189 771.797001361847 190.843462944031 10850.7537841797 -332.544028759003 -322.807282209396 -405.419886112213 -644.451439380646 277.19247341156 3037.81199455261 6.34936988353729 152.138411998749 819.278240203857 2596.56286239624 34.1431722044945 0
"paraguay" 0 0 0 0 0 -607.400596141815 0 0 0 0 0 545.283198356628 0 0 0 0 0 0
"peru" 8.86587426066399 41.9674664735794 34.0078920125961 11.9165247306228 99.460057914257 1652.11009979248 16.4188276976347 19.08496953547 39.4073389470577 55.925115942955 404.26316857338 2236.89842224121 0 0 0 0 0 0
"uruguay" 0 0 0 0 0 0 0 0 0 0 0 2364.5544052124 0 0 0 0 0 0
"venezuela" 0 -0.03239657235099 0 -55.1460199058056 -229.6252399683 -513.85772228241 0 0 0 0 0 0 0 0 0 0 0 0
"eu27" 0 0 0 0 0 0 0 0 -15102.7641296387 -211973.648071289 -45262.1002197266 -8913.2251739502 0 -469.746232032776 -7757.97367095947 -250.290870666504 0 0
"uk" 0 0 0 0 0 0 0 0 0 240.530475974083 4130.96714019775 72.6605504751205 0 0 0 -16.4048336446285 0 0
"efta" 0 0 0 0 0 0 0 0 0 -911.820530891418 0 0 0 223.66663813591 -246.575757861137 8.46359878778458 0 0
"restofworld" 0 0 0 0 0 0 1201.18749141693 149.423524737358 7096.1389541626 73774.1851806641 4938.71021270752 634.976804256439 23.9178892225027 337.134689092636 1273.45883846283 20.4068403691053 0 0
"russia" 0 0 0 0 0 0 0 909.706056118011 77030.0903320312 24701.0231018066 850.988745689392 0 3330.85012435913 14634.6054077148 68875.2899169922 0 0 0
"mena" -1086.56167984009 0 0 0 0 0 -657.058835029602 -4393.0139541626 -2004.47249412537 6651.14498138428 817.301630973816 0 0 0 -9.5311626791954 0 0 0
"angola" 0 0 155.43919801712 3423.91610145569 3676.22470855713 0 0 0 2.16787564568222 495.891720056534 0 0 0 0 0 0 0 0
"drc" 0 0 0 0 2720.89672088623 4832.28015899658 0 0 0 0 0 0 0 0 0 0 0 0
"nafr" -3.17836366593838 0 0 0 0 0 519.801020622253 435.271710157394 11.705189011991 6.61917310208082 0 0 0 0 0 0 0 0
"wafr" 0 0 350.062251091003 667.489051818848 659.275114536285 -3228.46078872681 0 0 0 0 0 0 0 0 0 0 0 0
"cafr" 0 7.32868071645498 0 528.735756874084 3854.58850860596 9911.05937957764 0 0 0 0 0 0 0 0 0 0 0 0
"eafr" 1.71562586911023 80.2591666579247 438.379734754562 3176.01656913757 408.828616142273 -2478.66582870483 0 0 0 0 -746.405780315399 -1259.78970527649 0 0 0 0 0 0
"safr" 0 0 -6743.84117126465 -2942.12818145752 -0.114709138870239 435.858488082886 0 -0.0624876629444771 -399.251043796539 230.698615312576 -138.914793729782 0 0 0 0 0 0 0
"ivorycoast" 0 0 0 -2024.5635509491 -4606.10246658325 -9468.0004119873 0 0 0 0 0 0 0 0 0 0 0 0
"ghana" 0 0 0 4718.76525878906 65728.1951904297 -24967.2966003418 0 0 0 0 0 0 0 0 0 0 0 0
"nigeria" 0 0 0 -72.1917301416397 -1843.70481967926 -1331.39860630035 0 0 0 0 0 0 0 0 0 0 0 0
"mozambique" 0 0 -867.78062582016 -3959.46502685547 -2407.58109092712 0 0 0 0 0 0 0 0 0 0 0 0 0
