"argentina" 0 0 0 0 0 0 47791.2139892578 147839.874267578 148676.208496094 139542.572021484 0 269109.558105469 2194.24438476562 11958.2786560059 11065.281867981 0 0 0
"bolivia" 0 0 22632.8773498535 876263.122558594 2515438.4765625 4983641.6015625 0 0 229867.721557617 196804.214477539 125734.169006348 204434.906005859 0 0 0 0 0 0
"brasil" 0 0 0 49787.5823974609 303417.846679688 104319.938659668 0 0 0 0 0 23282.1006774902 0 0 0 0 0 0
"oceania" 0 0 0 -46.4658141136169 -352.040976285934 -2749.4592666626 0 0 -31.8248867988586 -1059.75818634033 -1850.94606876373 -5146.80337905884 0 0 0 0 0 0
"newzealand" 0 0 0 0 0 0 0 0 0 0 -2981.25243186951 -9553.58695983887 0 0 0 -1344.43891048431 0 0
"china" 0 0 0 0 -1112.90228366852 -1353.5373210907 -27.4989474564791 -93.1057184934616 -10575.7913589478 -24496.2291717529 -31355.9951782227 -35957.3516845703 -65.8121854066849 -4.67273034155369 -4719.74992752075 0 0 0
"japan" 0 0 0 0 0 0 0 0 -470.240592956543 -6577.2533416748 -5153.3260345459 -3885.82468032837 0 0 -112.769044935703 0 0 0
"korea" 0 0 0 0 0 0 0 0 0 -134.866863489151 -233.56057703495 0 0 0 0 0 0 0
"indonesia" 0 0 0 -76.5926018357277 -334.067046642303 -24958.122253418 0 0 0 0 0 0 0 0 0 0 0 0
"madagascar" 0 0 0 832.902669906616 367.12434887886 6334.67674255371 0 0 0 0 0 0 0 0 0 0 0 0
"eastasia" 0 0 0 0 0 31.2037356197834 0 0 -3767.11416244507 -43930.8547973633 -9116.17279052734 0 0 439.984381198883 38.5406911373138 0 0 0
"seasia" 0 0 0 7023.20241928101 11669.6147918701 7817.31605529785 0 0 0 0 85.7973694801331 2344.68817710876 0 0 0 0 0 0
"malasya" 0 0 0 0 0 -5007.29942321777 0 0 0 0 0 0 0 0 0 0 0 0
"myanmar" 0 0 0 2514.54257965088 1136.52169704437 -195.252761244774 0 0 0 0 -44.5879697799683 117.151141166687 0 0 0 0 0 0
"southasia" 0 0 0 -1886.3605260849 -8427.58750915527 -588.965713977814 0 0.305198336718604 -3.5666988696903 -2364.33815956116 -120.580516755581 0 0 0 0 0 0 0
"india" 0 0.780999660491943 263.245582580566 1902.94313430786 473.534107208252 119.271591305733 0 -262.265980243683 115.527510643005 54.262101650238 26.4237895607948 242.572486400604 0 0 0 0 0 0
"canada" 0 0 0 0 0 0 0 597.167491912842 -233949.401855469 -56804.7866821289 -166.570246219635 0 0 -661.900401115417 -10862.886428833 -5.94541803002357 0 0
"us" 0 0 0 0 0 0 -202.747195959091 -512.003660202026 -1457.7956199646 -2112.67852783203 -4793.31493377686 -9934.85260009766 -25.7811844348907 -145.18728852272 -5.66114112734795 0 0 0
"mexico" 0 2838.21439743042 12083.7497711182 8560.01758575439 3702.82554626465 4252.05183029175 512.483477592468 2217.77534484863 10681.4136505127 6048.14338684082 1425.50790309906 -237.273573875427 0 0 0 0 0 0
"colombia" 0 0 0 0.245171773713082 30.788779258728 3565.74034690857 0 0 0 0 0.366081047104672 447.462618350983 0 0 0 0 0 0
"latinamer" 0 48.2945367693901 -288.982033729553 -1279.66904640198 -3359.13467407227 -9911.82136535645 -446.013510227203 -669.035196304321 -922.62876033783 -1079.42056655884 -790.419638156891 -1138.06283473969 -1.40783551614732 -114.684030413628 -325.308799743652 114.02291059494 -148.5236287117 0
"paraguay" 0 0 0 0 0 1316.28799438477 0 0 0 0 0 -1209.33818817139 0 0 0 0 0 0
"peru" -236.872166395187 -563.449621200562 -268.694311380386 -16.6459791362286 -1092.92054176331 -11118.0858612061 -1212.40544319153 -775.658190250397 -758.548021316528 -1165.56859016418 -4194.59533691406 -8185.33897399902 0 0 0 0 0 0
"uruguay" 0 0 0 0 0 0 0 0 0 0 0 -3922.49941825867 0 0 0 0 0 0
"venezuela" 0 1.41865119803697 0 411.945372819901 2146.00896835327 5475.96740722656 0 0 0 0 0 0 0 0 0 0 0 0
"eu27" 0 0 0 0 0 0 0 0 -30156.1546325684 -388620.056152344 -103003.25012207 -19459.1865539551 0 -2002.18820571899 -13924.5052337646 -622.278571128845 0 0
"uk" 0 0 0 0 0 0 0 0 0 23.7332060933113 5846.23718261719 53.709227591753 0 0 0 -45.760378241539 0 0
"efta" 0 0 0 0 0 0 0 0 0 -2076.2505531311 0 0 0 281.498312950134 -629.984855651855 14.5466392859817 0 0
"restofworld" 0 0 0 0 0 0 4848.12259674072 333.938390016556 -1969.85399723053 -61532.3181152344 -2290.84753990173 -498.344421386719 42.7433587610722 348.623901605606 -790.379047393799 13.5348914191127 0 0
"russia" 0 0 0 0 0 0 0 160.413175821304 20557.9452514648 7595.81184387207 6.66734576225281 0 -1081.44021034241 -6851.38130187988 -41417.0188903809 0 0 0
"mena" -162.969931960106 0 0 0 0 0 170.569360256195 1073.75574111938 -5785.49957275391 -7054.14152145386 -836.130559444427 0 0 0 -10.5608524754643 0 0 0
"angola" 0 0 143.689662218094 3732.86986351013 3537.07766532898 0 0 0 0.773764913901687 748.680889606476 0 0 0 0 0 0 0 0
"drc" 0 0 0 0 5074.48673248291 6783.53023529053 0 0 0 0 0 0 0 0 0 0 0 0
"nafr" -7.74309923872352 0 0 0 0 0 1230.45241832733 934.327960014343 22.1217535436153 12.9882721230388 0 0 0 0 0 0 0 0
"wafr" 0 0 1357.93495178223 6047.06001281738 4027.44150161743 -3550.4322052002 0 0 0 0 0 0 0 0 0 0 0 0
"cafr" 0 8.88329744338989 0 784.757852554321 5075.33121109009 13761.360168457 0 0 0 0 0 0 0 0 0 0 0 0
"eafr" 2.19802209176123 101.550593972206 502.778351306915 2278.47933769226 -354.670107364655 -4606.40621185303 0 0 0 0 -1368.647813797 -2139.45364952087 0 0 0 0 0 0
"safr" 0 0 -1641.03698730469 -359.761267900467 -0.84686279296875 101.423941552639 0 0.0523778580827639 12.4756246805191 325.838267803192 31.4236953854561 0 0 0 0 0 0 0
"ivorycoast" 0 0 0 11731.7657470703 22174.4804382324 63583.49609375 0 0 0 0 0 0 0 0 0 0 0 0
"ghana" 0 0 0 57.2366639971733 1811.25688552856 2158.99085998535 0 0 0 0 0 0 0 0 0 0 0 0
"nigeria" 0 0 0 153.994172811508 -4312.88528442383 -3933.74013900757 0 0 0 0 0 0 0 0 0 0 0 0
"mozambique" 0 0 -1082.30471611023 -5649.35493469238 -3608.49952697754 0 0 0 0 0 0 0 0 0 0 0 0 0
