"argentina" 0 0 0 0 0 0 1321.40898704529 3498.09908866882 3878.5092830658 4247.10178375244 0 7605.25131225586 -20.9280792623758 -17.4211859703064 98.7328737974167 0 0 0
"bolivia" 0 0 -13477.2882461548 540012.939453125 1555995.84960938 3072707.27539062 0 0 133984.954833984 129692.169189453 80603.7368774414 135017.471313477 0 0 0 0 0 0
"brasil" 0 0 0 2759.67073440552 44160.2249145508 -16434.0343475342 0 0 0 0 0 -272.350639104843 0 0 0 0 0 0
"oceania" 0 0 0 30.7175666093826 -110.722683370113 -1781.96632862091 0 0 6.65247067809105 -32.7246710658073 -286.949157714844 -902.452230453491 0 0 0 0 0 0
"newzealand" 0 0 0 0 0 0 0 0 0 0 1537.21785545349 4588.53340148926 0 0 0 -297.690868377686 0 0
"china" 0 0 0 0 396.936416625977 138.712823390961 22.7578990161419 34.6265733242035 5951.50279998779 182.790696620941 -6951.68352127075 9846.86279296875 62.9313439130783 4.45597385987639 -763.502061367035 0 0 0
"japan" 0 0 0 0 0 0 0 0 27.071937918663 375.93013048172 300.092279911041 226.649105548859 0 0 6.7350585013628 0 0 0
"korea" 0 0 0 0 0 0 0 0 0 46.2483540177345 87.958924472332 0 0 0 0 0 0 0
"indonesia" 0 0 0 -13.7993237003684 -73.0535089969635 -6803.94268035889 0 0 0 0 0 0 0 0 0 0 0 0
"madagascar" 0 0 0 590.205907821655 301.165461540222 4274.60670471191 0 0 0 0 0 0 0 0 0 0 0 0
"eastasia" 0 0 0 0 0 39.7961661219597 0 0 847.960710525513 8390.08331298828 1808.22288990021 0 0 11.5449083968997 369.882792234421 0 0 0
"seasia" 0 0 0 7754.25338745117 12271.2306976318 11076.4999389648 0 0 0 0 54.3723851442337 2762.3143196106 0 0 0 0 0 0
"malasya" 0 0 0 0 0 -2228.26051712036 0 0 0 0 0 0 0 0 0 0 0 0
"myanmar" 0 0 0 4577.07262039185 7482.53917694092 923.481822013855 0 0 0 0 1564.4987821579 1441.72644615173 0 0 0 0 0 0
"southasia" 0 0 0 879.594504833221 4082.43036270142 299.24601316452 0 0.219799097976647 1.14066747482866 714.657604694366 40.725689381361 0 0 0 0 0 0 0
"india" 0 472.752332687378 7978.49130630493 12709.8655700684 2363.26098442078 603.574752807617 0 464.711546897888 1651.99315547943 352.142006158829 272.397965192795 853.284120559692 0 0 0 0 0 0
"canada" 0 0 0 0 0 0 0 5326.14755630493 -650244.262695312 -211690.948486328 -508.015394210815 0 0 -1435.24312973022 -21690.2904510498 -6.02106843143702 0 0
"us" 0 0 0 0 0 0 -756.912171840668 -3008.04686546326 -1500.14328956604 20844.5129394531 12210.6475830078 6241.07837677002 53.6201596260071 406.990110874176 18.0995631963015 0 0 0
"mexico" 0 2739.59946632385 12061.5844726562 8758.58306884766 4236.24849319458 4679.26692962646 473.381131887436 2135.69331169128 9975.75187683105 6023.37074279785 1489.45188522339 -150.01454949379 0 0 0 0 0 0
"colombia" 0 0 0 231.715261936188 8784.98935699463 511372.192382812 0 0 0 0 114.490449428558 56686.0198974609 0 0 0 0 0 0
"latinamer" 0 65.8036172389984 -15.1920448988676 180.465221405029 37.8393791615963 3134.89985466003 -142.253205180168 -165.736645460129 -218.831747770309 -232.596263289452 130.336940288544 833.047449588776 1.51660060510039 28.1464345753193 181.134223937988 702.014446258545 -7.22332112491131 0
"paraguay" 0 0 0 0 0 689.466118812561 0 0 0 0 0 260.9743475914 0 0 0 0 0 0
"peru" -2087.57209777832 -5069.02456283569 -2597.07474708557 -209.297060966492 -10417.1886444092 -117588.729858398 -10611.9298934937 -6799.44276809692 -6741.06216430664 -10227.9901504517 -38678.0471801758 -86030.2047729492 0 0 0 0 0 0
"uruguay" 0 0 0 0 0 0 0 0 0 0 0 116.21305346489 0 0 0 0 0 0
"venezuela" 0 0.405130092985928 0 104.098372161388 527.233362197876 1328.30905914307 0 0 0 0 0 0 0 0 0 0 0 0
"eu27" 0 0 0 0 0 0 0 0 -2218.00136566162 -44218.5974121094 -1442.9053068161 -469.870507717133 0 72.2784325480461 -1705.31976222992 -1.41436862759292 0 0
"uk" 0 0 0 0 0 0 0 0 0 1424.62718486786 2275.54869651794 256.955564022064 0 0 0 75.9280622005463 0 0
"efta" 0 0 0 0 0 0 0 0 0 -1699.23758506775 0 0 0 -255.70011138916 -640.343427658081 2.06425506621599 0 0
"restofworld" 0 0 0 0 0 0 1669.63052749634 86.5567177534103 -2944.07653808594 -45344.7341918945 -2377.3365020752 -375.901430845261 9.80241037905216 47.5495010614395 -673.263728618622 -1.78040098398924 0 0
"russia" 0 0 0 0 0 0 0 527.255296707153 45692.8863525391 14675.8632659912 480.645835399628 0 1712.41188049316 7135.35642623901 32177.5741577148 0 0 0
"mena" -323.579579591751 0 0 0 0 0 -182.478025555611 -1197.4378824234 -559.946417808533 1833.62770080566 217.96926856041 0 0 0 -2.99466447904706 0 0 0
"angola" 0 0 135.971128940582 3108.57892036438 3326.13277435303 0 0 0 1.06885749846697 460.189133882523 0 0 0 0 0 0 0 0
"drc" 0 0 0 0 1758.96501541138 3253.46565246582 0 0 0 0 0 0 0 0 0 0 0 0
"nafr" 3.9097536355257 0 0 0 0 0 39.7867858409882 31.7922383546829 6.14892318844795 2.18643038533628 0 0 0 0 0 0 0 0
"wafr" 0 0 319.359481334686 907.893300056458 1044.6949005127 -2914.73698616028 0 0 0 0 0 0 0 0 0 0 0 0
"cafr" 0 4.69266157597303 0 367.619335651398 2958.13798904419 8059.08012390137 0 0 0 0 0 0 0 0 0 0 0 0
"eafr" 1.82547129224986 86.7529734969139 443.059921264648 2408.68544578552 -71.9062834978104 -3754.66775894165 0 0 0 0 -1087.44633197784 -1801.00381374359 0 0 0 0 0 0
"safr" 0 0 -1808.81869792938 -177.719116210938 2.07307259552181 189.284548163414 0 -0.000573956185689894 -74.6198520064354 193.047806620598 103.979498147964 0 0 0 0 0 0 0
"ivorycoast" 0 0 0 -1559.96465682983 -3519.2666053772 -7357.93876647949 0 0 0 0 0 0 0 0 0 0 0 0
"ghana" 0 0 0 46.2426468729973 1357.91349411011 1579.59485054016 0 0 0 0 0 0 0 0 0 0 0 0
"nigeria" 0 0 0 -127.271413803101 -3305.08399009705 -2352.31614112854 0 0 0 0 0 0 0 0 0 0 0 0
"mozambique" 0 0 -1624.78315830231 -6481.4338684082 -3636.14463806152 0 0 0 0 0 0 0 0 0 0 0 0 0
