"argentina" 0 0 0 0 0 0 50123.8098144531 154406.860351562 154802.124023438 141937.957763672 0 271565.521240234 2214.10942077637 12178.1625747681 11398.7264633179 0 0 0
"bolivia" 0 0 37836.3876342773 1068042.60253906 3058428.7109375 6068281.25 0 0 283244.659423828 237325.424194336 152313.781738281 245690.200805664 0 0 0 0 0 0
"brasil" 0 0 0 55903.1829833984 329447.021484375 139646.286010742 0 0 0 0 0 27804.3899536133 0 0 0 0 0 0
"oceania" 0 0 0 -62.179408967495 -347.23299741745 -2306.58364295959 0 0 -38.6327877640724 -1174.92246627808 -1950.86622238159 -5378.35025787354 0 0 0 0 0 0
"newzealand" 0 0 0 0 0 0 0 0 0 0 -3884.07421112061 -12352.4122238159 0 0 0 -1461.27796173096 0 0
"china" 0 0 0 0 -1694.01395320892 -1853.05821895599 -50.8722215890884 -143.746450543404 -17667.6712036133 -32227.5505065918 -36607.9483032227 -53116.0583496094 -124.279394745827 -8.70673079043627 -5657.67574310303 0 0 0
"japan" 0 0 0 0 0 0 0 0 -430.225968360901 -6015.96736907959 -4705.50918579102 -3543.89762878418 0 0 -104.46959733963 0 0 0
"korea" 0 0 0 0 0 0 0 0 0 -129.969224333763 -223.485946655273 0 0 0 0 0 0 0
"indonesia" 0 0 0 -178.443267941475 -428.432762622833 -22226.4232635498 0 0 0 0 0 0 0 0 0 0 0 0
"madagascar" 0 0 0 754.749059677124 336.162388324738 5838.83380889893 0 0 0 0 0 0 0 0 0 0 0 0
"eastasia" 0 0 0 0 0 24.5845969766378 0 0 -3688.64989280701 -42432.6934814453 -8779.33025360107 0 0 407.375633716583 -47.5697070360184 0 0 0
"seasia" 0 0 0 10892.1680450439 15905.5004119873 12476.8123626709 0 0 0 0 77.6448398828506 3576.41506195068 0 0 0 0 0 0
"malasya" 0 0 0 0 0 -3798.8133430481 0 0 0 0 0 0 0 0 0 0 0 0
"myanmar" 0 0 0 4860.98098754883 5141.9506072998 314.062356948853 0 0 0 0 784.945368766785 918.746292591095 0 0 0 0 0 0
"southasia" 0 0 0 -1240.797996521 -5043.78604888916 -414.058446884155 0 -0.362913764547557 -3.17948125302792 -1633.1878900528 -80.5864334106445 0 0 0 0 0 0 0
"india" 0 -1506.55698776245 -27833.2767486572 -43052.001953125 -7681.39362335205 -2054.79621887207 0 -2695.52373886108 -7333.97102355957 -1271.62098884583 -819.423496723175 -2684.28945541382 0 0 0 0 0 0
"canada" 0 0 0 0 0 0 0 6071.74682617188 -1268987.18261719 -396711.608886719 -987.656533718109 0 0 -3087.61596679688 -47225.5401611328 -18.1763768196106 0 0
"us" 0 0 0 0 0 0 -2669.4130897522 -11699.9263763428 -4968.45817565918 5339.60342407227 -2001.60217285156 -16903.4080505371 -22.6474106311798 -121.980726718903 0.0487640500068665 0 0 0
"mexico" 0 3135.41722297668 13070.5471038818 8798.0899810791 3298.64597320557 4277.70090103149 546.483397483826 2365.06533622742 11054.5787811279 6221.38214111328 1426.41580104828 -330.616146326065 0 0 0 0 0 0
"colombia" 0 0 0 -0.248688855208457 -7.91508425027132 1179.0851354599 0 0 0 0 0.0504349882248789 225.11588037014 0 0 0 0 0 0
"latinamer" 0 74.6267735958099 -290.791511535645 -1334.14816856384 -3796.37002944946 -11151.9632339478 -428.273320198059 -609.874606132507 -849.421262741089 -1079.13458347321 -894.288897514343 -936.752259731293 -0.291999662294984 -69.309413433075 -139.88271355629 491.695165634155 -113.532595336437 0
"paraguay" 0 0 0 0 0 7639.36519622803 0 0 0 0 0 837.149143218994 0 0 0 0 0 0
"peru" -375.1060962677 -893.342077732086 -431.716859340668 -29.2624644935131 -1736.73355579376 -17905.2486419678 -1916.71693325043 -1227.38361358643 -1204.29861545563 -1846.05669975281 -6709.05685424805 -13468.9331054688 0 0 0 0 0 0
"uruguay" 0 0 0 0 0 0 0 0 0 0 0 -4416.92733764648 0 0 0 0 0 0
"venezuela" 0 1.56818830873817 0 429.722309112549 2254.73666191101 5884.40370559692 0 0 0 0 0 0 0 0 0 0 0 0
"eu27" 0 0 0 0 0 0 0 0 -30216.9494628906 -387094.970703125 -103935.073852539 -19455.5492401123 0 -2006.61873817444 -13839.8399353027 -621.190905570984 0 0
"uk" 0 0 0 0 0 0 0 0 0 -77.3811042308807 5607.76996612549 34.5901772379875 0 0 0 -50.6780967116356 0 0
"efta" 0 0 0 0 0 0 0 0 0 -1978.34420204163 0 0 0 281.816273927689 -593.9000248909 14.0917422249913 0 0
"restofworld" 0 0 0 0 0 0 4686.90013885498 324.609756469727 -1905.95138072968 -59017.0288085938 -2208.25242996216 -478.034913539886 41.4500571787357 336.715817451477 -754.870414733887 13.1733966991305 0 0
"russia" 0 0 0 0 0 0 0 147.159397602081 19553.6022186279 7075.82902908325 -4.8312246799469 0 -1115.0768995285 -6995.88489532471 -42159.4047546387 0 0 0
"mena" -480.23533821106 0 0 0 0 0 -2.23034620285034 -214.553833007812 -7476.5453338623 -5960.54887771606 -691.779613494873 0 0 0 -15.1273980736732 0 0 0
"angola" 0 0 -31.7241661250591 -166.091680526733 -561.476707458496 0 0 0 -1.96158047765493 148.100271821022 0 0 0 0 0 0 0 0
"drc" 0 0 0 0 6813.84992599487 9744.41242218018 0 0 0 0 0 0 0 0 0 0 0 0
"nafr" -8.17975588142872 0 0 0 0 0 1199.01084899902 904.846906661987 20.3076787292957 12.2404582798481 0 0 0 0 0 0 0 0
"wafr" 0 0 725.187540054321 2651.84640884399 1813.98057937622 -3243.55936050415 0 0 0 0 0 0 0 0 0 0 0 0
"cafr" 0 9.52883623540401 0 742.231845855713 5086.05909347534 13733.6311340332 0 0 0 0 0 0 0 0 0 0 0 0
"eafr" 2.08003586158156 95.494732260704 480.877876281738 2360.5260848999 -210.263609886169 -4037.46795654297 0 0 0 0 -1223.80971908569 -1905.00259399414 0 0 0 0 0 0
"safr" 0 0 -3753.52334976196 -1830.81150054932 -4.75115329027176 98.9694744348526 0 0.0201932962227147 -122.417405247688 216.491147875786 -203.213632106781 0 0 0 0 0 0 0
"ivorycoast" 0 0 0 -2328.05991172791 -5212.58592605591 -10860.9256744385 0 0 0 0 0 0 0 0 0 0 0 0
"ghana" 0 0 0 71.2942183017731 2577.50844955444 3746.07443809509 0 0 0 0 0 0 0 0 0 0 0 0
"nigeria" 0 0 0 459.710538387299 2118.8485622406 610.067486763 0 0 0 0 0 0 0 0 0 0 0 0
"mozambique" 0 0 -1464.02549743652 -6450.91152191162 -3798.54917526245 0 0 0 0 0 0 0 0 0 0 0 0 0
