"argentina" 0 0 0 0 0 0 222.671508789062 343.467056751251 394.491910934448 539.122462272644 0 788.228392601013 -36.7501154541969 -144.950181245804 -69.4736242294312 0 0 0
"bolivia" 0 0 -599.092960357666 4079.23173904419 11208.7926864624 9788.67721557617 0 0 -265.568673610687 -182.439908385277 -202.26526260376 -309.335231781006 0 0 0 0 0 0
"brasil" 0 0 0 -1611.71674728394 2006.83617591858 -7787.97435760498 0 0 0 0 0 -784.636080265045 0 0 0 0 0 0
"oceania" 0 0 0 54.077610373497 -81.3313201069832 -1862.84673213959 0 0 14.9342669174075 147.116094827652 -28.5963229835033 -201.969802379608 0 0 0 0 0 0
"newzealand" 0 0 0 0 0 0 0 0 0 0 2236.21273040771 6755.67197799683 0 0 0 -184.040993452072 0 0
"china" 0 0 0 0 509.580552577972 266.617119312286 25.0548794865608 44.2953146994114 7140.60306549072 2412.83226013184 -4387.88986206055 13448.694229126 71.7563033103943 4.94088791310787 -372.676879167557 0 0 0
"japan" 0 0 0 0 0 0 0 0 -331.641554832458 -4570.35064697266 -3860.65530776978 -2890.85817337036 0 0 -66.3056373596191 0 0 0
"korea" 0 0 0 0 0 0 0 0 0 -145.302876830101 -258.257538080215 0 0 0 0 0 0 0
"indonesia" 0 0 0 12.063829228282 -28.8356728851795 -4749.67956542969 0 0 0 0 0 0 0 0 0 0 0 0
"madagascar" 0 0 0 542.800784111023 253.359109163284 4056.85710906982 0 0 0 0 0 0 0 0 0 0 0 0
"eastasia" 0 0 0 0 0 23.8658767193556 0 0 -2799.10230636597 -33319.4427490234 -7009.75227355957 0 0 345.514535903931 102.344244718552 0 0 0
"seasia" 0 0 0 13868.9165115356 21550.4703521729 18586.1988067627 0 0 0 0 104.342356324196 4687.62683868408 0 0 0 0 0 0
"malasya" 0 0 0 0 0 -1081.59446716309 0 0 0 0 0 0 0 0 0 0 0 0
"myanmar" 0 0 0 7862.24412918091 12890.7012939453 1592.15652942657 0 0 0 0 2681.27083778381 2491.72472953796 0 0 0 0 0 0
"southasia" 0 0 0 1964.32781219482 9169.52896118164 666.795611381531 0 0.120014432468452 2.31555220670998 1732.68592357635 93.1717231869698 0 0 0 0 0 0 0
"india" 0 -1012.86125183105 -19992.9809570312 -31080.6198120117 -5548.47240447998 -1518.9471244812 0 -1937.15155124664 -5876.89685821533 -963.169634342194 -520.021915435791 -2004.99629974365 0 0 0 0 0 0
"canada" 0 0 0 0 0 0 0 5911.91339492798 -610042.907714844 -195278.564453125 -467.767268419266 0 0 -1299.26657676697 -19395.4524993896 -5.09425159543753 0 0
"us" 0 0 0 0 0 0 -2704.89120483398 -13369.5611953735 -6188.33446502686 52958.1336975098 29718.843460083 11817.9397583008 121.612742543221 880.793571472168 43.920885771513 0 0 0
"mexico" 0 2461.0161781311 11190.1826858521 8575.11711120605 4882.02667236328 4786.52477264404 445.857435464859 2003.95107269287 9464.84756469727 6054.99649047852 1582.58056640625 15.9339029341936 0 0 0 0 0 0
"colombia" 0 0 0 221.291184425354 8400.00247955322 489210.845947266 0 0 0 0 109.592907130718 54210.4606628418 0 0 0 0 0 0
"latinamer" 0 178.435742855072 32.3691368103027 793.754458427429 736.77921295166 10551.0082244873 -244.609966874123 -231.602132320404 -282.960027456284 -381.649374961853 425.644397735596 2560.04977226257 4.87036444246769 120.733126997948 639.599442481995 1991.97232723236 32.7870026230812 0
"paraguay" 0 0 0 0 0 -857.253193855286 0 0 0 0 0 274.174332618713 0 0 0 0 0 0
"peru" -2393.22948455811 -5810.81390380859 -2961.54880523682 -231.322556734085 -12007.1430206299 -135747.924804688 -12146.7208862305 -7762.60805130005 -7697.91603088379 -11672.4576950073 -44090.0115966797 -97233.3068847656 0 0 0 0 0 0
"uruguay" 0 0 0 0 0 0 0 0 0 0 0 2404.0699005127 0 0 0 0 0 0
"venezuela" 0 0.273042824119329 0 54.6956360340118 298.33197593689 748.898386955261 0 0 0 0 0 0 0 0 0 0 0 0
"eu27" 0 0 0 0 0 0 0 0 -15382.0991516113 -212607.452392578 -45865.9744262695 -8939.21852111816 0 -563.847184181213 -7718.79959106445 -262.63040304184 0 0
"uk" 0 0 0 0 0 0 0 0 0 383.249193429947 4378.73840332031 99.1317108273506 0 0 0 -8.32642987370491 0 0
"efta" 0 0 0 0 0 0 0 0 0 -880.213856697083 0 0 0 276.754707098007 -221.599638462067 9.39660333096981 0 0
"restofworld" 0 0 0 0 0 0 2807.59477615356 200.040206313133 92.7934348583221 -19385.4293823242 -456.574708223343 -149.763524532318 25.0573921948671 239.445820450783 -181.11352622509 9.06203221529722 0 0
"russia" 0 0 0 0 0 0 0 1030.09986877441 87842.0562744141 28137.7372741699 950.084686279297 0 3533.81824493408 15125.4415512085 69916.4199829102 0 0 0
"mena" -694.403350353241 0 0 0 0 0 -435.258328914642 -2788.46645355225 186.610952019691 5510.55431365967 654.631078243256 0 0 0 -4.12682816386223 0 0 0
"angola" 0 0 217.152774333954 4702.0902633667 5017.64297485352 0 0 0 3.90769261866808 689.112722873688 0 0 0 0 0 0 0 0
"drc" 0 0 0 0 4098.15883636475 6636.00492477417 0 0 0 0 0 0 0 0 0 0 0 0
"nafr" -2.56575620733202 0 0 0 0 0 591.863572597504 521.751999855042 15.0963170453906 8.46624467521906 0 0 0 0 0 0 0 0
"wafr" 0 0 1057.2247505188 4927.06346511841 3382.81154632568 -2584.71345901489 0 0 0 0 0 0 0 0 0 0 0 0
"cafr" 0 7.54345534369349 0 563.437819480896 4369.64130401611 11535.4814529419 0 0 0 0 0 0 0 0 0 0 0 0
"eafr" 2.04185489565134 95.0575545430183 526.413917541504 3980.82280158997 639.084875583649 -2629.10223007202 0 0 0 0 -797.42693901062 -1385.67352294922 0 0 0 0 0 0
"safr" 0 0 -5931.43892288208 -2109.80653762817 1.0078907944262 417.965054512024 0 -0.034608874557307 -308.106333017349 312.996536493301 -14.9965286254883 0 0 0 0 0 0 0
"ivorycoast" 0 0 0 12046.7929840088 22760.9100341797 65517.8070068359 0 0 0 0 0 0 0 0 0 0 0 0
"ghana" 0 0 0 100.433439016342 2865.36026000977 3657.35912322998 0 0 0 0 0 0 0 0 0 0 0 0
"nigeria" 0 0 0 63.021183013916 3065.3829574585 2357.48791694641 0 0 0 0 0 0 0 0 0 0 0 0
"mozambique" 0 0 -1444.70024108887 -5874.43161010742 -3328.32050323486 0 0 0 0 0 0 0 0 0 0 0 0 0
