"argentina" 0 0 0 0 0 0 800.567924976349 2187.11042404175 2112.11538314819 1571.45023345947 0 2434.14711952209 4.5163813047111 58.1090450286865 98.8873243331909 0 0 0
"bolivia" 0 0 -20.30492387712 -95.5649316310883 -238.879889249802 -205.207660794258 0 0 16.1277204751968 -7.09429103881121 0.761140137910843 -4.68808878213167 0 0 0 0 0 0
"brasil" 0 0 0 4235.84079742432 48175.4760742188 -463.883370161057 0 0 0 0 0 1364.56918716431 0 0 0 0 0 0
"oceania" 0 0 0 14.9283744394779 -86.9444832205772 -1395.0959444046 0 0 1.39198731631041 -93.7749221920967 -277.355939149857 -813.133239746094 0 0 0 0 0 0
"newzealand" 0 0 0 0 0 0 0 0 0 0 -358.068943023682 -1049.08084869385 0 0 0 113.082580268383 0 0
"china" 0 0 0 0 18.6468064785004 34.235056489706 1.21809029951692 3.37082846090198 303.668737411499 908.847093582153 1272.03130722046 847.827434539795 0.265969487372786 0.260271423030645 204.080522060394 0 0 0
"japan" 0 0 0 0 0 0 0 0 10.5304280295968 141.16196334362 127.466470003128 96.1240381002426 0 0 1.66449567768723 0 0 0
"korea" 0 0 0 0 0 0 0 0 0 19.477991387248 36.8649587035179 0 0 0 0 0 0 0
"indonesia" 0 0 0 -38.933239877224 -97.4900275468826 -5678.06911468506 0 0 0 0 0 0 0 0 0 0 0 0
"madagascar" 0 0 0 517.690658569336 283.752143383026 3693.88437271118 0 0 0 0 0 0 0 0 0 0 0 0
"eastasia" 0 0 0 0 0 16.0197392106056 0 0 295.106470584869 2756.68907165527 583.833932876587 0 0 11.2116485834122 155.092120170593 0 0 0
"seasia" 0 0 0 2577.16870307922 3447.51286506653 2993.46947669983 0 0 0 0 11.3137168809772 811.195850372314 0 0 0 0 0 0
"malasya" 0 0 0 0 0 -604.369103908539 0 0 0 0 0 0 0 0 0 0 0 0
"myanmar" 0 0 0 1499.28212165833 2420.37868499756 301.26965045929 0 0 0 0 496.65755033493 478.580236434937 0 0 0 0 0 0
"southasia" 0 0 0 994.300603866577 4513.15307617188 373.750925064087 0 0.228093718760647 1.41410040669143 869.630932807922 47.9353591799736 0 0 0 0 0 0 0
"india" 0 -1072.75032997131 -22180.9883117676 -34215.1184082031 -6107.5439453125 -1715.411901474 0 -2280.89356422424 -6937.73365020752 -1097.52607345581 -532.383441925049 -2244.71926689148 0 0 0 0 0 0
"canada" 0 0 0 0 0 0 0 2807.11841583252 -391766.387939453 -129234.954833984 -305.875062942505 0 0 -829.260110855103 -12606.1058044434 -2.91733723133802 0 0
"us" 0 0 0 0 0 0 -1312.01696395874 -5770.15495300293 -2746.56677246094 14833.6029052734 8310.47534942627 2058.40444564819 33.509436994791 235.06835103035 12.6932403072715 0 0 0
"mexico" 0 2545.53937911987 11257.1220397949 8377.24304199219 4471.510887146 4625.32806396484 440.628975629807 2004.94146347046 9576.84993743896 5917.52624511719 1513.18001747131 -50.7946759462357 0 0 0 0 0 0
"colombia" 0 0 0 0.731013948097825 32.548014074564 2065.03868103027 0 0 0 0 0.38856704486534 227.444693446159 0 0 0 0 0 0
"latinamer" 0 56.355070322752 59.7769357264042 441.058218479156 546.119451522827 4048.59638214111 24.604944512248 99.4799584150314 139.668539166451 93.5078561306 209.19968187809 1055.51767349243 2.26835580542684 81.3233181834221 351.272702217102 776.520669460297 57.5360208749771 0
"paraguay" 0 0 0 0 0 -222.379222512245 0 0 0 0 0 15.627408400178 0 0 0 0 0 0
"peru" 2.47264420613647 11.6874957457185 17.2865595668554 3.72052215971053 14.6956611424685 107.737548649311 -1.72411208041012 5.78547455370426 8.29811114817858 8.89523047953844 101.189494132996 578.734040260315 0 0 0 0 0 0
"uruguay" 0 0 0 0 0 0 0 0 0 0 0 -869.996309280396 0 0 0 0 0 0
"venezuela" 0 0.137614479172044 0 28.6839343607426 150.624707341194 392.535150051117 0 0 0 0 0 0 0 0 0 0 0 0
"eu27" 0 0 0 0 0 0 0 0 -3734.07006263733 -65944.8852539062 -6666.0041809082 -1495.76544761658 0 74.0598663687706 -2526.3032913208 -22.2420040518045 0 0
"uk" 0 0 0 0 0 0 0 0 0 1108.71970653534 1637.8983259201 198.893338441849 0 0 0 59.9743202328682 0 0
"efta" 0 0 0 0 0 0 0 0 0 -1877.485871315 0 0 0 -307.275414466858 -715.874552726746 1.82798365131021 0 0
"restofworld" 0 0 0 0 0 0 454.345762729645 53.4591153264046 1940.93656539917 19582.7484130859 1345.56901454926 169.796854257584 8.16244073212147 104.239255189896 348.199903964996 6.20988290756941 0 0
"russia" 0 0 0 0 0 0 0 128.618687391281 10695.8827972412 3186.26761436462 104.268550872803 0 295.919835567474 1110.43667793274 4433.95709991455 0 0 0
"mena" -240.874081850052 0 0 0 0 0 -128.016769886017 -874.08047914505 -676.655411720276 1186.10453605652 144.988238811493 0 0 0 -2.61079706251621 0 0 0
"angola" 0 0 56.8862371146679 1511.25800609589 1688.11571598053 0 0 0 -1.79956923238933 205.491781234741 0 0 0 0 0 0 0 0
"drc" 0 0 0 0 2830.50680160522 4444.61441040039 0 0 0 0 0 0 0 0 0 0 0 0
"nafr" 3.75438574701548 0 0 0 0 0 5.0326525233686 14.4727230072021 5.16760069876909 1.77479407284409 0 0 0 0 0 0 0 0
"wafr" 0 0 495.050489902496 3040.72690010071 1785.03942489624 529.078423976898 0 0 0 0 0 0 0 0 0 0 0 0
"cafr" 0 2.81356507912278 0 206.107750535011 1599.9356508255 4278.86390686035 0 0 0 0 0 0 0 0 0 0 0 0
"eafr" -0.302486878354102 -15.363235026598 -59.0665265917778 256.371557712555 333.676546812057 1368.26133728027 0 0 0 0 379.095315933228 631.921052932739 0 0 0 0 0 0
"safr" 0 0 -577.411770820618 -140.700787305832 0.306824105791748 67.7641630172729 0 0.00274711487691093 -22.3809164017439 83.1461325287819 14.2669808119535 0 0 0 0 0 0 0
"ivorycoast" 0 0 0 -1610.23962497711 -3615.5834197998 -7375.03528594971 0 0 0 0 0 0 0 0 0 0 0 0
"ghana" 0 0 0 4818.84050369263 66771.1639404297 -25359.6954345703 0 0 0 0 0 0 0 0 0 0 0 0
"nigeria" 0 0 0 43.792724609375 1103.65176200867 791.595637798309 0 0 0 0 0 0 0 0 0 0 0 0
"mozambique" 0 0 1267.37344264984 3902.2421836853 1758.18300247192 0 0 0 0 0 0 0 0 0 0 0 0 0
