"argentina" 0 0 0 0 0 0 851.580858230591 2329.42271232605 2294.15512084961 1728.63662242889 0 2734.95435714722 4.58526844158769 61.5020841360092 105.512663722038 0 0 0
"bolivia" 0 0 -44.4487221539021 -16.5917053818703 -26.2212343513966 180.568397045135 0 0 30.6290686130524 7.24460929632187 6.22444367036223 4.99615352600813 0 0 0 0 0 0
"brasil" 0 0 0 4237.85591125488 49726.1390686035 -3738.52443695068 0 0 0 0 0 1089.72609043121 0 0 0 0 0 0
"oceania" 0 0 0 15.5329890549183 -89.7889137268066 -1486.55927181244 0 0 1.70574500225484 -92.5830751657486 -280.487686395645 -822.970628738403 0 0 0 0 0 0
"newzealand" 0 0 0 0 0 0 0 0 0 0 -287.153154611588 -841.104328632355 0 0 0 92.4086421728134 0 0
"china" 0 0 0 0 46.2763011455536 55.3408898413181 1.98574736714363 5.80116920173168 661.42725944519 1195.61362266541 1348.27125072479 1652.79257297516 3.61065776087344 0.464172597276047 226.340115070343 0 0 0
"japan" 0 0 0 0 0 0 0 0 4.44971770048141 58.58014523983 60.9598606824875 45.5160066485405 0 0 0.425030157202855 0 0 0
"korea" 0 0 0 0 0 0 0 0 0 17.4951907247305 32.1852117776871 0 0 0 0 0 0 0
"indonesia" 0 0 0 -18.8879482448101 -66.1428645253181 -4944.34642791748 0 0 0 0 0 0 0 0 0 0 0 0
"madagascar" 0 0 0 540.942251682281 290.181994438171 3801.25069618225 0 0 0 0 0 0 0 0 0 0 0 0
"eastasia" 0 0 0 0 0 15.8949680626392 0 0 186.197191476822 1610.4838848114 350.417584180832 0 0 20.7427926361561 143.201038241386 0 0 0
"seasia" 0 0 0 1793.33424568176 2892.33446121216 2258.41283798218 0 0 0 0 17.9372318089008 594.660401344299 0 0 0 0 0 0
"malasya" 0 0 0 0 0 -786.501407623291 0 0 0 0 0 0 0 0 0 0 0 0
"myanmar" 0 0 0 211.258247494698 211.771219968796 16.3413099944592 0 0 0 0 37.9271134734154 33.9381396770477 0 0 0 0 0 0
"southasia" 0 0 0 389.527052640915 1700.96457004547 160.765931010246 0 0.27666799724102 0.637870514765382 275.253653526306 16.4371952414513 0 0 0 0 0 0 0
"india" 0 137.627512216568 1631.8154335022 2779.47473526001 623.805701732635 147.971957921982 0 28.8483779877424 -89.7886902093887 40.3562262654305 102.413788437843 222.719967365265 0 0 0 0 0 0
"canada" 0 0 0 0 0 0 0 3884.06133651733 -355844.207763672 -116289.260864258 -269.885629415512 0 0 -715.922296047211 -10653.3365249634 -2.23525846377015 0 0
"us" 0 0 0 0 0 0 115.526139736176 -207.063004374504 -471.881091594696 7695.43361663818 5623.1575012207 4572.40676879883 24.276765063405 188.090950250626 8.40223394334316 0 0 0
"mexico" 0 -291.410595178604 -1192.33870506287 -751.486718654633 -215.693324804306 -419.80043053627 -43.2721786201 -209.093138575554 -741.085171699524 -410.85809469223 -80.1970511674881 57.0198372006416 0 0 0 0 0 0
"colombia" 0 0 0 0.643945182673633 33.808559179306 2264.21689987183 0 0 0 0 0.389471970265731 255.746245384216 0 0 0 0 0 0
"latinamer" 0 45.0464449822903 45.6271134316921 342.525005340576 414.656281471252 3189.89086151123 13.587350025773 69.6800351142883 100.051656365395 63.2518231868744 161.40079498291 835.351705551147 1.79910659790039 64.2253458499908 279.923915863037 629.05752658844 45.0515262782574 0
"paraguay" 0 0 0 0 0 -325.593590736389 0 0 0 0 0 31.859278678894 0 0 0 0 0 0
"peru" 2.9795749578625 12.1146021410823 16.0151589661837 3.37183638475835 16.5772642940283 135.675936937332 2.42909649387002 7.41695379838347 9.86051186919212 11.607438325882 103.919044137001 544.099926948547 0 0 0 0 0 0
"uruguay" 0 0 0 0 0 0 0 0 0 0 0 -34.0119823813438 0 0 0 0 0 0
"venezuela" 0 0.117861956823617 0 15.904612839222 112.395919859409 282.818704843521 0 0 0 0 0 0 0 0 0 0 0 0
"eu27" 0 0 0 0 0 0 0 0 -4420.17793655396 -76047.36328125 -8449.27883148193 -1865.63646793365 0 63.8220757246017 -2895.13349533081 -32.8004844486713 0 0
"uk" 0 0 0 0 0 0 0 0 0 1126.69157981873 1816.14756584167 203.117415308952 0 0 0 59.9137917160988 0 0
"efta" 0 0 0 0 0 0 0 0 0 -1928.89153957367 0 0 0 -294.073402881622 -730.270385742188 2.32522538863122 0 0
"restofworld" 0 0 0 0 0 0 614.315211772919 65.2582347393036 1964.29514884949 18698.7380981445 1332.56709575653 163.087666034698 9.64972749352455 118.593566119671 342.008948326111 6.76711415871978 0 0
"russia" 0 0 0 0 0 0 0 125.786513090134 10779.3884277344 3378.22818756104 99.8281016945839 0 236.112907528877 763.45306634903 2501.27077102661 0 0 0
"mena" -141.583800315857 0 0 0 0 0 -65.5650645494461 -467.582195997238 -626.741766929626 437.080711126328 54.8544153571129 0 0 0 -2.02777935191989 0 0 0
"angola" 0 0 96.1117669939995 2381.43920898438 2602.19883918762 0 0 0 -1.17626739665866 339.443147182465 0 0 0 0 0 0 0 0
"drc" 0 0 0 0 2201.53665542603 3109.63582992554 0 0 0 0 0 0 0 0 0 0 0 0
"nafr" 3.74441780149937 0 0 0 0 0 58.0976530909538 59.822466224432 6.62302365526557 2.58608348667622 0 0 0 0 0 0 0 0
"wafr" 0 0 471.697986125946 2507.39765167236 1460.73794364929 -294.418215751648 0 0 0 0 0 0 0 0 0 0 0 0
"cafr" 0 2.78481980785728 0 241.741329431534 1647.25995063782 4425.32157897949 0 0 0 0 0 0 0 0 0 0 0 0
"eafr" -0.0569815310882404 -4.89185284823179 -11.0158482566476 430.921673774719 285.146445035934 887.052237987518 0 0 0 0 243.511810898781 424.11208152771 0 0 0 0 0 0
"safr" 0 0 -55.6533709168434 182.613909244537 0.962175137829036 52.010502666235 0 0.0114483282231959 14.6542470902205 94.747319817543 60.0740201771259 0 0 0 0 0 0 0
"ivorycoast" 0 0 0 -1331.77387714386 -3067.76285171509 -6334.16318893433 0 0 0 0 0 0 0 0 0 0 0 0
"ghana" 0 0 0 4788.47503662109 66317.756652832 -25345.2186584473 0 0 0 0 0 0 0 0 0 0 0 0
"nigeria" 0 0 0 -158.016055822372 -4210.3796005249 -2999.49383735657 0 0 0 0 0 0 0 0 0 0 0 0
"mozambique" 0 0 622.984230518341 1885.67471504211 842.125296592712 0 0 0 0 0 0 0 0 0 0 0 0 0
