"argentina" 0 0 0 0 0 0 1263.53430747986 3332.65113830566 3691.52331352234 4105.91650009155 0 7348.89888763428 -21.8760930001736 -24.6855467557907 89.3744379281998 0 0 0
"bolivia" 0 0 -13448.7934112549 539970.825195312 1555878.17382812 3072444.3359375 0 0 133966.110229492 129679.779052734 80596.3439941406 135006.484985352 0 0 0 0 0 0
"brasil" 0 0 0 2449.22065734863 40247.9476928711 -13141.1170959473 0 0 0 0 0 -16.6032016277313 0 0 0 0 0 0
"oceania" 0 0 0 31.1223566532135 -100.640915334225 -1631.34527206421 0 0 6.86796801164746 -18.8792459666729 -250.552654266357 -794.03829574585 0 0 0 0 0 0
"newzealand" 0 0 0 0 0 0 0 0 0 0 1528.69343757629 4568.00556182861 0 0 0 -276.381611824036 0 0
"china" 0 0 0 0 372.669726610184 129.769951105118 20.2643293887377 32.8392162919044 5584.57565307617 193.262502551079 -6505.84173202515 9156.3720703125 59.6044734120369 4.19977633282542 -704.758286476135 0 0 0
"japan" 0 0 0 0 0 0 0 0 38.3660569787025 530.722260475159 424.706518650055 320.678532123566 0 0 9.2570073902607 0 0 0
"korea" 0 0 0 0 0 0 0 0 0 52.1217286586761 99.609948694706 0 0 0 0 0 0 0
"indonesia" 0 0 0 -36.5749821066856 -104.91532087326 -7271.35467529297 0 0 0 0 0 0 0 0 0 0 0 0
"madagascar" 0 0 0 558.001458644867 294.91138458252 4159.44671630859 0 0 0 0 0 0 0 0 0 0 0 0
"eastasia" 0 0 0 0 0 39.2334945499897 0 0 919.259548187256 9297.287940979 2016.12687110901 0 0 -2.98851332627237 349.504351615906 0 0 0
"seasia" 0 0 0 9093.77479553223 13655.1370620728 12501.1081695557 0 0 0 0 50.9725213050842 3166.11051559448 0 0 0 0 0 0
"malasya" 0 0 0 0 0 -1972.65911102295 0 0 0 0 0 0 0 0 0 0 0 0
"myanmar" 0 0 0 6383.70084762573 10501.7700195312 1311.69021129608 0 0 0 0 2187.83855438232 2043.6418056488 0 0 0 0 0 0
"southasia" 0 0 0 1532.77206420898 7129.82034683228 520.805954933167 0 0.204960015253164 1.94607418961823 1333.00018310547 73.5482424497604 0 0 0 0 0 0 0
"india" 0 -1104.92634773254 -21698.9326477051 -33753.4027099609 -6054.89349365234 -1659.46626663208 0 -2135.42056083679 -6322.96800613403 -1038.63716125488 -575.987100601196 -2184.69738960266 0 0 0 0 0 0
"canada" 0 0 0 0 0 0 0 4713.68217468262 -618350.09765625 -202858.215332031 -490.965366363525 0 0 -1345.94202041626 -20586.3800048828 -5.02145662903786 0 0
"us" 0 0 0 0 0 0 -1908.86449813843 -6757.96985626221 -2870.80717086792 23240.4594421387 13864.6688461304 4339.00451660156 59.2901892960072 445.262730121613 20.7165703177452 0 0 0
"mexico" 0 2665.9369468689 11820.8446502686 8662.03308105469 4306.88285827637 4650.65956115723 466.688930988312 2100.40330886841 9846.10557556152 5992.9575920105 1494.92049217224 -121.639877557755 0 0 0 0 0 0
"colombia" 0 0 0 230.992406606674 8756.49929046631 509714.752197266 0 0 0 0 114.14285749197 56500.9651184082 0 0 0 0 0 0
"latinamer" 0 80.7409882545471 2.42809462361038 321.340084075928 249.307855963707 4496.24824523926 -136.250108480453 -140.269935131073 -182.458907365799 -200.878858566284 210.102930665016 1140.22028446198 2.10215710103512 48.653282225132 270.236909389496 901.02881193161 7.04640801995993 0
"paraguay" 0 0 0 0 0 684.296786785126 0 0 0 0 0 273.972779512405 0 0 0 0 0 0
"peru" -2092.43965148926 -5080.52968978882 -2602.87666320801 -209.4986140728 -10441.2841796875 -117858.871459961 -10636.9009017944 -6815.28043746948 -6756.18171691895 -10250.8516311646 -38760.8947753906 -86178.1311035156 0 0 0 0 0 0
"uruguay" 0 0 0 0 0 0 0 0 0 0 0 197.443425655365 0 0 0 0 0 0
"venezuela" 0 0.405780214350671 0 98.3200147747993 503.398776054382 1261.16502285004 0 0 0 0 0 0 0 0 0 0 0 0
"eu27" 0 0 0 0 0 0 0 0 -1414.77394104004 -33423.7442016602 1018.24307441711 17.4873284995556 0 91.0450965166092 -1322.24690914154 13.0528183653951 0 0
"uk" 0 0 0 0 0 0 0 0 0 1420.61138153076 2142.24624633789 255.384236574173 0 0 0 76.5659064054489 0 0
"efta" 0 0 0 0 0 0 0 0 0 -1663.06531429291 0 0 0 -269.747644662857 -631.560623645782 1.61756679881364 0 0
"restofworld" 0 0 0 0 0 0 1519.34993267059 75.2551853656769 -2943.07088851929 -44168.7164306641 -2348.28042984009 -366.900444030762 8.50280560553074 35.3179946541786 -660.924196243286 -2.13442300446332 0 0
"russia" 0 0 0 0 0 0 0 534.358084201813 45933.5403442383 14537.899017334 488.530993461609 0 1785.73882579803 7540.07196426392 34399.4979858398 0 0 0
"mena" -438.975870609283 0 0 0 0 0 -253.591179847717 -1675.60482025146 -711.344480514526 2622.65658378601 314.610064029694 0 0 0 -3.81073914468288 0 0 0
"angola" 0 0 95.0357466936111 2194.31471824646 2364.65120315552 0 0 0 0.48041611444205 319.551318883896 0 0 0 0 0 0 0 0
"drc" 0 0 0 0 2331.90059661865 4588.56058120728 0 0 0 0 0 0 0 0 0 0 0 0
"nafr" 4.00295155122876 0 0 0 0 0 -11.3314762711525 -8.5750799626112 4.97271679341793 1.51227647438645 0 0 0 0 0 0 0 0
"wafr" 0 0 270.649135112762 367.245435714722 671.656370162964 -3178.78365516663 0 0 0 0 0 0 0 0 0 0 0 0
"cafr" 0 4.71821753308177 0 327.94314622879 2920.79901695251 7953.00006866455 0 0 0 0 0 0 0 0 0 0 0 0
"eafr" 1.84161250945181 86.7734774947166 444.266527891159 2407.34124183655 -45.0092852115631 -3660.89820861816 0 0 0 0 -1064.64779376984 -1766.57664775848 0 0 0 0 0 0
"safr" 0 0 -2422.29866981506 -534.393787384033 0.968059524893761 201.887935400009 0 -0.0071728309194441 -109.169192612171 191.30727648735 48.68533462286 0 0 0 0 0 0 0
"ivorycoast" 0 0 0 -1860.84914207458 -4101.17053985596 -8521.34990692139 0 0 0 0 0 0 0 0 0 0 0 0
"ghana" 0 0 0 70.1081603765488 1871.12724781036 2319.05651092529 0 0 0 0 0 0 0 0 0 0 0 0
"nigeria" 0 0 0 4.42776642739773 1644.8380947113 1338.0538225174 0 0 0 0 0 0 0 0 0 0 0 0
"mozambique" 0 0 -2245.81503868103 -8312.13569641113 -4426.55420303345 0 0 0 0 0 0 0 0 0 0 0 0 0
