"argentina" 0 0 0 0 0 0 40333.8813781738 126136.749267578 127080.116271973 124724.69329834 0 242711.090087891 2069.49710845947 10974.4892120361 9830.28030395508 0 0 0
"bolivia" 0 0 -399.1519510746 1545.94731330872 4281.86702728271 7586.85302734375 0 0 275.038748979568 258.688479661942 109.130635857582 190.724521875381 0 0 0 0 0 0
"brasil" 0 0 0 19482.2177886963 157928.985595703 10878.6840438843 0 0 0 0 0 7614.78805541992 0 0 0 0 0 0
"oceania" 0 0 0 -52.9180020093918 -238.759785890579 -1705.48367500305 0 0 -29.0893781930208 -844.487726688385 -1369.06290054321 -3756.66236877441 0 0 0 0 0 0
"newzealand" 0 0 0 0 0 0 0 0 0 0 -2612.48850822449 -8301.55658721924 0 0 0 -985.316157341003 0 0
"china" 0 0 0 0 -438.058257102966 -453.439772129059 -11.9768418371677 -30.8112278580666 -4168.93100738525 -6930.57012557983 -7486.19556427002 -13141.6215896606 -37.0769128203392 -1.63153745234013 -1104.62391376495 0 0 0
"japan" 0 0 0 0 0 0 0 0 -57.7161572873592 -824.861347675323 -515.82670211792 -398.219645023346 0 0 -20.2885046601295 0 0 0
"korea" 0 0 0 0 0 0 0 0 0 84.625631570816 171.275988221169 0 0 0 0 0 0 0
"indonesia" 0 0 0 -8.12115985900164 -163.64449262619 -15463.4532928467 0 0 0 0 0 0 0 0 0 0 0 0
"madagascar" 0 0 0 771.463811397552 384.263932704926 5622.31063842773 0 0 0 0 0 0 0 0 0 0 0 0
"eastasia" 0 0 0 0 0 25.2337865531445 0 0 59.0249672532082 -379.491776227951 -61.7737248539925 0 0 62.4058470129967 235.689714550972 0 0 0
"seasia" 0 0 0 -897.172808647156 -972.074329853058 -2850.20351409912 0 0 0 0 18.7452137470245 -358.137220144272 0 0 0 0 0 0
"malasya" 0 0 0 0 0 -3433.59327316284 0 0 0 0 0 0 0 0 0 0 0 0
"myanmar" 0 0 0 -1762.60709762573 -5365.61489105225 -980.893850326538 0 0 0 0 -1378.29446792603 -1138.78774642944 0 0 0 0 0 0
"southasia" 0 0 0 -836.979985237122 -4076.85661315918 -193.396523594856 0 0.975482224021107 -1.22051115613431 -1327.48591899872 -64.8394301533699 0 0 0 0 0 0 0
"india" 0 -186.694607138634 -2663.40494155884 -3306.38551712036 -578.959047794342 -143.735498189926 0 -405.228167772293 -343.370586633682 -64.2760396003723 -98.6342579126358 -150.282010436058 0 0 0 0 0 0
"canada" 0 0 0 0 0 0 0 2879.79936599731 -801805.17578125 -258513.122558594 -622.079193592072 0 0 -1981.45890235901 -30104.4540405273 -11.9832856580615 0 0
"us" 0 0 0 0 0 0 1399.00374412537 4494.51208114624 914.049506187439 -17451.7669677734 -5585.03341674805 866.373598575592 -26.5988428145647 -181.145250797272 -8.39301198720932 0 0 0
"mexico" 0 2673.63429069519 11792.7494049072 8070.65105438232 2988.84344100952 3909.81101989746 460.322886705399 2073.4658241272 10227.9863357544 5535.77709197998 1247.12657928467 -344.97731924057 0 0 0 0 0 0
"colombia" 0 0 0 2.15050764381886 115.808807313442 8027.71949768066 0 0 0 0 1.24792382121086 852.887690067291 0 0 0 0 0 0
"latinamer" 0 -19.0290007740259 -283.243477344513 -1450.479388237 -3288.28763961792 -12491.3940429688 -358.590573072433 -593.09458732605 -838.835179805756 -934.412598609924 -867.231249809265 -1999.72486495972 -3.40475328266621 -173.273593187332 -618.821322917938 -734.427332878113 -176.300391554832 0
"paraguay" 0 0 0 0 0 -15266.4203643799 0 0 0 0 0 -6222.46742248535 0 0 0 0 0 0
"peru" 21.6721817851067 36.4234261214733 20.797049626708 2.44750618003309 52.8898611664772 373.327821493149 99.4004234671593 51.0922633111477 60.9919019043446 76.4728784561157 355.535477399826 747.799158096313 0 0 0 0 0 0
"uruguay" 0 0 0 0 0 0 0 0 0 0 0 -10786.0021591187 0 0 0 0 0 0
"venezuela" 0 0.578457140363753 0 207.32556283474 1030.70855140686 2521.56639099121 0 0 0 0 0 0 0 0 0 0 0 0
"eu27" 0 0 0 0 0 0 0 0 -11602.4217605591 -146174.087524414 -41288.4521484375 -7597.08261489868 0 -717.969477176666 -5132.50923156738 -234.183892607689 0 0
"uk" 0 0 0 0 0 0 0 0 0 940.848827362061 1787.58716583252 171.285390853882 0 0 0 46.9103530049324 0 0
"efta" 0 0 0 0 0 0 0 0 0 -2533.5259437561 0 0 0 -355.22735118866 -948.158264160156 3.55572765693069 0 0
"restofworld" 0 0 0 0 0 0 2544.16823387146 132.08857178688 -4671.50735855103 -73360.9771728516 -3602.38480567932 -606.637001037598 20.0022384524345 91.3358479738235 -1096.69804573059 1.89712620340288 0 0
"russia" 0 0 0 0 0 0 0 -214.909672737122 -14065.5832290649 -3833.31274986267 -301.147282123566 0 -1717.08285808563 -8542.28591918945 -44892.5628662109 0 0 0
"mena" -93.5794115066528 0 0 0 0 0 146.083027124405 951.679468154907 -4674.80182647705 -5879.45890426636 -698.049485683441 0 0 0 -7.89025984704494 0 0 0
"angola" 0 0 62.7232268452644 2235.3892326355 2005.75542449951 0 0 0 -3.4347225446254 512.052059173584 0 0 0 0 0 0 0 0
"drc" 0 0 0 0 1456.18438720703 2811.83266639709 0 0 0 0 0 0 0 0 0 0 0 0
"nafr" -2.7813003398478 0 0 0 0 0 379.34410572052 165.489822626114 1.72171054873616 0.921911501791328 0 0 0 0 0 0 0 0
"wafr" 0 0 957.954287528992 5194.9520111084 3080.49535751343 102.941043674946 0 0 0 0 0 0 0 0 0 0 0 0
"cafr" 0 3.66880767978728 0 339.105576276779 1901.02982521057 5031.32057189941 0 0 0 0 0 0 0 0 0 0 0 0
"eafr" 1.37320044450462 68.1921690702438 304.179787635803 289.462029933929 -922.393560409546 -4799.47566986084 0 0 0 0 -1368.31271648407 -2177.91390419006 0 0 0 0 0 0
"safr" 0 0 1720.38424015045 1152.08601951599 0.819595530629158 -25.3678299486637 0 0.0697724608471617 169.788554310799 271.615505218506 154.218316078186 0 0 0 0 0 0 0
"ivorycoast" 0 0 0 -1382.90810585022 -3202.0251750946 -6685.49776077271 0 0 0 0 0 0 0 0 0 0 0 0
"ghana" 0 0 0 40.5093543231487 919.134259223938 831.177711486816 0 0 0 0 0 0 0 0 0 0 0 0
"nigeria" 0 0 0 -181.100964546204 -4500.52165985107 -3184.12208557129 0 0 0 0 0 0 0 0 0 0 0 0
"mozambique" 0 0 -1292.14882850647 -5255.15842437744 -2955.51800727844 0 0 0 0 0 0 0 0 0 0 0 0 0
