"argentina" 0 0 0 0 0 0 1000.51391124725 3034.4877243042 3094.70796585083 3751.70040130615 0 7083.16326141357 40.734775364399 223.565667867661 214.579477906227 0 0 0
"bolivia" 0 0 244.683444499969 -671.226859092712 -1717.95439720154 -3140.03896713257 0 0 -113.894358277321 -128.344565629959 -37.7418547868729 -70.0299665331841 0 0 0 0 0 0
"brasil" 0 0 0 4616.06073379517 27537.9447937012 14361.8059158325 0 0 0 0 0 2253.11374664307 0 0 0 0 0 0
"oceania" 0 0 0 42.1072766184807 278.899848461151 2514.20736312866 0 0 29.5194871723652 874.331951141357 1469.0101146698 4076.55620574951 0 0 0 0 0 0
"newzealand" 0 0 0 0 0 0 0 0 0 0 -185.07231771946 -284.882843494415 0 0 0 680.762648582458 0 0
"china" 0 0 0 0 221.556633710861 -31.6621512174606 21.523654460907 23.8265879452229 4507.12156295776 -2102.67400741577 -9414.73388671875 4725.80718994141 46.5861484408379 3.63365607336164 -1165.57097434998 0 0 0
"japan" 0 0 0 0 0 0 0 0 -399.006932973862 -5485.14032363892 -4681.22386932373 -3513.08703422546 0 0 -75.4014477133751 0 0 0
"korea" 0 0 0 0 0 0 0 0 0 -181.497871875763 -319.528520107269 0 0 0 0 0 0 0
"indonesia" 0 0 0 176.155656576157 286.181420087814 7239.03369903564 0 0 0 0 0 0 0 0 0 0 0 0
"madagascar" 0 0 0 -169.630974531174 -165.034174919128 -1335.86251735687 0 0 0 0 0 0 0 0 0 0 0 0
"eastasia" 0 0 0 0 0 -6.53263879939914 0 0 -3205.00230789185 -36306.5490722656 -7621.86813354492 0 0 294.05552148819 -238.200306892395 0 0 0
"seasia" 0 0 0 12877.8972625732 21346.7903137207 18111.2651824951 0 0 0 0 121.536448597908 4473.23322296143 0 0 0 0 0 0
"malasya" 0 0 0 0 0 -14.7599540650845 0 0 0 0 0 0 0 0 0 0 0 0
"myanmar" 0 0 0 5613.39664459229 9417.47283935547 1116.61338806152 0 0 0 0 1962.67473697662 1791.09871387482 0 0 0 0 0 0
"southasia" 0 0 0 2110.13579368591 10059.0791702271 681.614577770233 0 -0.554096885025501 2.47699022293091 2153.06925773621 113.521233201027 0 0 0 0 0 0 0
"india" 0 783.754885196686 14600.5811691284 23192.5010681152 4443.02845001221 1215.15369415283 0 1368.80874633789 3770.46680450439 656.387507915497 446.309626102448 1649.94394779205 0 0 0 0 0 0
"canada" 0 0 0 0 0 0 0 -4829.21123504639 650485.595703125 203488.983154297 476.336777210236 0 0 1502.85315513611 22808.6318969727 8.35325941443443 0 0
"us" 0 0 0 0 0 0 -2152.14562416077 -12371.7279434204 -5495.84102630615 53851.1848449707 30705.4214477539 11494.1692352295 123.746000230312 922.469973564148 45.7805097103119 0 0 0
"mexico" 0 -818.631052970886 -2416.13292694092 -632.278382778168 1537.83845901489 125.145554542542 -150.796994566917 -572.429597377777 -1248.54230880737 68.8336789608002 278.781712055206 459.416121244431 0 0 0 0 0 0
"colombia" 0 0 0 -0.596097786910832 -70.4853162169456 -5587.33510971069 0 0 0 0 -0.736057874746621 -686.68258190155 0 0 0 0 0 0
"latinamer" 0 207.736849784851 -21.1599282920361 538.978576660156 -85.3322446346283 8473.48976135254 -330.65864443779 -351.935982704163 -450.767815113068 -652.234315872192 182.348102331161 2460.60013771057 5.15535473823547 113.015599548817 642.858266830444 2176.55992507935 9.52378381043673 0
"paraguay" 0 0 0 0 0 -286.362886428833 0 0 0 0 0 466.900497674942 0 0 0 0 0 0
"peru" 6.65068998932838 34.6578881144524 27.8482232242823 10.5854300782084 86.0079154372215 1494.25184726715 9.41111706197262 13.0761917680502 31.808577477932 45.1785922050476 343.720287084579 1982.21755027771 0 0 0 0 0 0
"uruguay" 0 0 0 0 0 0 0 0 0 0 0 1013.96250724792 0 0 0 0 0 0
"venezuela" 0 -0.144394260132685 0 -86.6049528121948 -384.807080030441 -916.993916034698 0 0 0 0 0 0 0 0 0 0 0 0
"eu27" 0 0 0 0 0 0 0 0 -17369.9150085449 -244424.896240234 -51698.9326477051 -10279.6401977539 0 -523.83553981781 -8974.51305389404 -291.135847568512 0 0
"uk" 0 0 0 0 0 0 0 0 0 231.988340616226 4652.80723571777 75.8930593729019 0 0 0 -20.729461684823 0 0
"efta" 0 0 0 0 0 0 0 0 0 -1109.92193222046 0 0 0 235.087871551514 -311.959505081177 9.62303765118122 0 0
"restofworld" 0 0 0 0 0 0 1527.79412269592 171.339720487595 6810.67180633545 67781.3568115234 4641.63684844971 585.528016090393 25.8763767778873 352.445483207703 1192.87252426147 20.5788929015398 0 0
"russia" 0 0 0 0 0 0 0 731.597781181335 62014.6484375 19698.8067626953 674.903869628906 0 2566.71237945557 11140.115737915 51814.5446777344 0 0 0
"mena" -643.380641937256 0 0 0 0 0 -459.322541952133 -2950.71077346802 832.870006561279 6552.734375 773.4454870224 0 0 0 -3.13356565311551 0 0 0
"angola" 0 0 77.3089826107025 1664.17682170868 1806.61273002625 0 0 0 1.29525829106569 231.414064764977 0 0 0 0 0 0 0 0
"drc" 0 0 0 0 4067.50154495239 5586.40098571777 0 0 0 0 0 0 0 0 0 0 0 0
"nafr" -4.94357757270336 0 0 0 0 0 564.586639404297 457.505255937576 10.6806345283985 6.41719764098525 0 0 0 0 0 0 0 0
"wafr" 0 0 317.050516605377 617.344498634338 669.621169567108 -2581.8190574646 0 0 0 0 0 0 0 0 0 0 0 0
"cafr" 0 6.21497817337513 0 438.030004501343 3134.90223884583 7956.92157745361 0 0 0 0 0 0 0 0 0 0 0 0
"eafr" -0.767050078138709 -36.5636795759201 -77.6608735322952 2737.20574378967 1846.35937213898 5045.166015625 0 0 0 0 1394.89483833313 2187.69454956055 0 0 0 0 0 0
"safr" 0 0 -5646.37517929077 -2804.94403839111 -0.994876492768526 351.562142372131 0 -0.0561459310119972 -351.403802633286 165.958181023598 -192.560940980911 0 0 0 0 0 0 0
"ivorycoast" 0 0 0 -1870.08321285248 -4238.66748809814 -8757.51113891602 0 0 0 0 0 0 0 0 0 0 0 0
"ghana" 0 0 0 48.9144437015057 2118.74675750732 3248.48413467407 0 0 0 0 0 0 0 0 0 0 0 0
"nigeria" 0 0 0 -102.610483765602 -2227.82897949219 -1568.69006156921 0 0 0 0 0 0 0 0 0 0 0 0
"mozambique" 0 0 3232.12790489197 11139.0972137451 5630.39064407349 0 0 0 0 0 0 0 0 0 0 0 0 0
