"argentina" 0 0 0 0 0 0 45470.8023071289 141416.442871094 142341.96472168 136297.836303711 0 264229.827880859 2200.29616355896 11840.087890625 10784.8262786865 0 0 0
"bolivia" 0 0 7619.72999572754 688945.678710938 1984127.19726562 3919399.90234375 0 0 176621.704101562 157225.082397461 99722.2747802734 164258.987426758 0 0 0 0 0 0
"brasil" 0 0 0 37925.537109375 241254.272460938 88682.5408935547 0 0 0 0 0 19055.5610656738 0 0 0 0 0 0
"oceania" 0 0 0 -46.7103496193886 -278.045356273651 -2178.02786827087 0 0 -29.3513815850019 -913.74671459198 -1517.56310462952 -4176.63192749023 0 0 0 0 0 0
"newzealand" 0 0 0 0 0 0 0 0 0 0 -2458.54878425598 -7878.55243682861 0 0 0 -1105.40771484375 0 0
"china" 0 0 0 0 -883.700251579285 -818.589508533478 -26.3991206884384 -66.5139257907867 -9238.42239379883 -12102.5018692017 -10570.9924697876 -25812.7307891846 -80.0361037254333 -4.35915635898709 -1669.56734657288 0 0 0
"japan" 0 0 0 0 0 0 0 0 -475.907534360886 -6634.14859771729 -5313.81273269653 -3994.48776245117 0 0 -108.02099108696 0 0 0
"korea" 0 0 0 0 0 0 0 0 0 -180.391982197762 -314.347386360168 0 0 0 0 0 0 0
"indonesia" 0 0 0 -38.0319468677044 -192.845970392227 -14573.5530853271 0 0 0 0 0 0 0 0 0 0 0 0
"madagascar" 0 0 0 798.226952552795 359.371930360794 6036.39507293701 0 0 0 0 0 0 0 0 0 0 0 0
"eastasia" 0 0 0 0 0 28.3094607293606 0 0 -3561.53202056885 -41668.1060791016 -8666.33224487305 0 0 417.84793138504 44.6280017495155 0 0 0
"seasia" 0 0 0 4743.92414093018 7575.83951950073 3934.56959724426 0 0 0 0 67.372053861618 1419.89398002625 0 0 0 0 0 0
"malasya" 0 0 0 0 0 -2355.6661605835 0 0 0 0 0 0 0 0 0 0 0 0
"myanmar" 0 0 0 394.295930862427 -2098.70719909668 -609.713673591614 0 0 0 0 -727.065026760101 -506.48021697998 0 0 0 0 0 0
"southasia" 0 0 0 -308.054745197296 -1437.95156478882 -14.7321820259094 0 0.796794716734439 -0.949427718296647 -902.487337589264 -41.3150861859322 0 0 0 0 0 0 0
"india" 0 -1382.68208503723 -27295.4635620117 -42895.4391479492 -7573.01473617554 -2061.67960166931 0 -2766.31689071655 -8046.56505584717 -1321.76887989044 -736.090540885925 -2695.71256637573 0 0 0 0 0 0
"canada" 0 0 0 0 0 0 0 4880.08689880371 -1052100.09765625 -334167.144775391 -818.142354488373 0 0 -2555.40037155151 -38927.6885986328 -14.9815063923597 0 0
"us" 0 0 0 0 0 0 144.946694374084 -756.616592407227 -741.804599761963 -2884.8705291748 1924.8743057251 653.591632843018 3.42856347560883 71.9955712556839 3.9717722684145 0 0 0
"mexico" 0 2984.41171646118 12802.752494812 8773.73027801514 3436.81907653809 4298.17342758179 519.416451454163 2284.24596786499 10986.7849349976 6172.25933074951 1430.5659532547 -305.574059486389 0 0 0 0 0 0
"colombia" 0 0 0 2.20819190144539 87.0444923639297 5973.29092025757 0 0 0 0 1.10504124313593 640.3449177742 0 0 0 0 0 0
"latinamer" 0 58.0481216311455 -163.186892867088 -670.730710029602 -2246.17457389832 -6175.2667427063 -248.472899198532 -322.305679321289 -463.69743347168 -613.214731216431 -474.061965942383 -301.514595746994 0.333768111886457 -22.6548220962286 2.88815796375275 494.437247514725 -54.0157146751881 0
"paraguay" 0 0 0 0 0 -5585.13259887695 0 0 0 0 0 -3284.66844558716 0 0 0 0 0 0
"peru" -100.618571043015 -243.875443935394 -110.98113656044 -4.63149882853031 -480.95577955246 -4893.69106292725 -526.438295841217 -341.316312551498 -325.026214122772 -509.671211242676 -1755.80358505249 -3158.06722640991 0 0 0 0 0 0
"uruguay" 0 0 0 0 0 0 0 0 0 0 0 -7893.96238327026 0 0 0 0 0 0
"venezuela" 0 1.1327019892633 0 313.409388065338 1636.88397407532 4175.41837692261 0 0 0 0 0 0 0 0 0 0 0 0
"eu27" 0 0 0 0 0 0 0 0 -27959.7358703613 -359963.470458984 -95784.7900390625 -18010.9577178955 0 -1654.83689308167 -12966.8598175049 -565.96565246582 0 0
"uk" 0 0 0 0 0 0 0 0 0 87.6209437847137 5467.78774261475 60.2540150284767 0 0 0 -38.3344367146492 0 0
"efta" 0 0 0 0 0 0 0 0 0 -1891.29376411438 0 0 0 268.724709749222 -567.730903625488 13.4640876203775 0 0
"restofworld" 0 0 0 0 0 0 4541.11051559448 311.964124441147 -1563.47680091858 -53358.8714599609 -1847.09501266479 -428.045213222504 42.2742739319801 349.479764699936 -662.496328353882 15.0041040033102 0 0
"russia" 0 0 0 0 0 0 0 161.557421088219 19026.9145965576 6911.84854507446 16.9432088732719 0 -842.012524604797 -5369.55165863037 -32655.460357666 0 0 0
"mena" -148.719012737274 0 0 0 0 0 109.2179864645 699.293494224548 -4296.65374755859 -4848.95610809326 -585.722923278809 0 0 0 -8.47332552075386 0 0 0
"angola" 0 0 172.231793403625 4511.91997528076 4367.53845214844 0 0 0 -0.122931684018113 869.322657585144 0 0 0 0 0 0 0 0
"drc" 0 0 0 0 6111.62281036377 8872.56050109863 0 0 0 0 0 0 0 0 0 0 0 0
"nafr" -7.32522364705801 0 0 0 0 0 1137.99595832825 870.744347572327 20.8643395453691 12.1206641197205 0 0 0 0 0 0 0 0
"wafr" 0 0 800.214648246765 2866.36233329773 2094.23995018005 -4296.98848724365 0 0 0 0 0 0 0 0 0 0 0 0
"cafr" 0 8.81681311875582 0 745.920121669769 4775.87795257568 12731.1153411865 0 0 0 0 0 0 0 0 0 0 0 0
"eafr" 1.90304731950164 90.8658057451248 465.718507766724 2384.55533981323 -155.844122171402 -4108.21580886841 0 0 0 0 -1223.36864471436 -1988.17932605743 0 0 0 0 0 0
"safr" 0 0 -692.138135433197 343.308597803116 0.624717737082392 120.113611221313 0 0.0701585304341279 79.4948264956474 421.07817530632 152.990520000458 0 0 0 0 0 0 0
"ivorycoast" 0 0 0 -2149.03545379639 -4856.02951049805 -10036.0679626465 0 0 0 0 0 0 0 0 0 0 0 0
"ghana" 0 0 0 4724.68662261963 65757.4615478516 -25118.8316345215 0 0 0 0 0 0 0 0 0 0 0 0
"nigeria" 0 0 0 236.711919307709 2159.9428653717 1180.6583404541 0 0 0 0 0 0 0 0 0 0 0 0
"mozambique" 0 0 -1168.16735267639 -4950.00314712524 -2835.56652069092 0 0 0 0 0 0 0 0 0 0 0 0 0
