"argentina" 0 0 0 0 0 0 294.252097606659 547.628045082092 624.081969261169 715.942680835724 0 1104.31385040283 -35.5878323316574 -136.066436767578 -58.0145418643951 0 0 0
"bolivia" 0 0 -624.642848968506 4165.92788696289 11448.6064910889 10245.0304031372 0 0 -247.028738260269 -164.900153875351 -194.471746683121 -295.590549707413 0 0 0 0 0 0
"brasil" 0 0 0 -1242.54584312439 6644.51789855957 -11785.4194641113 0 0 0 0 0 -1119.79806423187 0 0 0 0 0 0
"oceania" 0 0 0 54.0052019059658 -93.2023525238037 -2037.01829910278 0 0 14.6941551938653 130.610063672066 -71.2047591805458 -327.909708023071 0 0 0 0 0 0
"newzealand" 0 0 0 0 0 0 0 0 0 0 2261.46721839905 6825.88243484497 0 0 0 -209.74400639534 0 0
"china" 0 0 0 0 537.539541721344 277.063608169556 27.6590250432491 46.335369348526 7552.47259140015 2401.68023109436 -4892.08698272705 14240.9362792969 75.4536241292953 5.21932356059551 -439.134836196899 0 0 0
"japan" 0 0 0 0 0 0 0 0 -348.185956478119 -4801.83410644531 -4045.94993591309 -3029.56557273865 0 0 -69.9179172515869 0 0 0
"korea" 0 0 0 0 0 0 0 0 0 -149.727642536163 -267.082542181015 0 0 0 0 0 0 0
"indonesia" 0 0 0 37.921279668808 5.20021328702569 -4428.07149887085 0 0 0 0 0 0 0 0 0 0 0 0
"madagascar" 0 0 0 581.449508666992 262.270569801331 4225.6441116333 0 0 0 0 0 0 0 0 0 0 0 0
"eastasia" 0 0 0 0 0 25.5112703889608 0 0 -2906.89516067505 -34723.258972168 -7311.34748458862 0 0 362.744778394699 121.102370321751 0 0 0
"seasia" 0 0 0 12284.5687866211 19844.8944091797 16919.0292358398 0 0 0 0 106.712244451046 4211.42768859863 0 0 0 0 0 0
"malasya" 0 0 0 0 0 -1328.82189750671 0 0 0 0 0 0 0 0 0 0 0 0
"myanmar" 0 0 0 5683.70676040649 9279.80041503906 1131.42657279968 0 0 0 0 1937.92772293091 1775.33996105194 0 0 0 0 0 0
"southasia" 0 0 0 1248.61192703247 5816.86496734619 425.643384456635 0 0.153139219037257 1.46531115751714 1054.58045005798 57.3849752545357 0 0 0 0 0 0 0
"india" 0 623.884320259094 10780.3688049316 17874.2561340332 3381.71482086182 876.240968704224 0 789.553046226501 2374.80401992798 481.997847557068 389.183759689331 1219.88368034363 0 0 0 0 0 0
"canada" 0 0 0 0 0 0 0 6613.92307281494 -643229.370117188 -204607.208251953 -488.377064466476 0 0 -1388.76390457153 -20575.5367279053 -5.93716930598021 0 0
"us" 0 0 0 0 0 0 -1300.10676383972 -8823.28796386719 -4512.24231719971 49938.4765625 27645.6718444824 14066.3967132568 114.559948444366 834.239780902863 40.7577902078629 0 0 0
"mexico" 0 2548.672914505 11463.9101028442 8673.78520965576 4781.73732757568 4806.70976638794 457.290440797806 2053.56788635254 9615.51570892334 6088.16862106323 1573.17852973938 -18.83958093822 0 0 0 0 0 0
"colombia" 0 0 0 222.150802612305 8433.762550354 491179.19921875 0 0 0 0 110.006548464298 54430.2825927734 0 0 0 0 0 0
"latinamer" 0 161.082029342651 15.9313827753067 647.851169109344 525.511145591736 9072.41535186768 -245.123684406281 -250.128418207169 -310.554534196854 -402.805149555206 342.854917049408 2226.87816619873 4.2455131188035 99.9514237046242 546.942472457886 1774.08480644226 19.3776413798332 0
"paraguay" 0 0 0 0 0 -857.711791992188 0 0 0 0 0 257.725954055786 0 0 0 0 0 0
"peru" -2387.91465759277 -5798.27404022217 -2955.17778396606 -231.142774224281 -11980.5841445923 -135445.281982422 -12119.4219589233 -7745.26834487915 -7681.49566650391 -11647.6535797119 -44000.5035400391 -97078.5140991211 0 0 0 0 0 0
"uruguay" 0 0 0 0 0 0 0 0 0 0 0 2340.80839157104 0 0 0 0 0 0
"venezuela" 0 0.276450096862391 0 61.772383749485 328.929007053375 835.122108459473 0 0 0 0 0 0 0 0 0 0 0 0
"eu27" 0 0 0 0 0 0 0 0 -16249.2065429688 -224366.195678711 -48502.2659301758 -9469.72751617432 0 -589.530825614929 -8156.6162109375 -279.338926076889 0 0
"uk" 0 0 0 0 0 0 0 0 0 402.229130268097 4618.62182617188 104.383036494255 0 0 0 -8.8701993227005 0 0
"efta" 0 0 0 0 0 0 0 0 0 -919.626891613007 0 0 0 294.068932533264 -230.672627687454 9.92512702941895 0 0
"restofworld" 0 0 0 0 0 0 2985.08930206299 213.376149535179 99.4030609726906 -20677.417755127 -486.084938049316 -159.64075922966 26.6071949154139 254.188537597656 -193.839952349663 9.52319800853729 0 0
"russia" 0 0 0 0 0 0 0 1020.5545425415 87457.9162597656 28256.1721801758 939.286828041077 0 3439.95952606201 14613.3079528809 67115.6005859375 0 0 0
"mena" -563.204050064087 0 0 0 0 0 -353.421598672867 -2244.18640136719 319.496750831604 4581.75325393677 540.822327136993 0 0 0 -3.25420126318932 0 0 0
"angola" 0 0 265.691697597504 5787.52279281616 6160.04705429077 0 0 0 4.58109099417925 855.724573135376 0 0 0 0 0 0 0 0
"drc" 0 0 0 0 3522.69005775452 5280.03597259521 0 0 0 0 0 0 0 0 0 0 0 0
"nafr" -2.24607065320015 0 0 0 0 0 624.811887741089 559.717357158661 16.885157674551 9.28687676787376 0 0 0 0 0 0 0 0
"wafr" 0 0 1117.41995811462 5461.06433868408 3756.02054595947 -2454.50305938721 0 0 0 0 0 0 0 0 0 0 0 0
"cafr" 0 7.56315514445305 0 611.729383468628 4432.6810836792 11716.5966033936 0 0 0 0 0 0 0 0 0 0 0 0
"eafr" 2.06053163856268 96.8082770705223 534.610867500305 4036.92531585693 614.623069763184 -2809.53073501587 0 0 0 0 -844.654202461243 -1464.50519561768 0 0 0 0 0 0
"safr" 0 0 -5048.92158508301 -1643.06402206421 2.16459622606635 397.754848003387 0 -0.0259436565102078 -259.658932685852 315.567910671234 46.4391000568867 0 0 0 0 0 0 0
"ivorycoast" 0 0 0 12077.693939209 22826.8508911133 65695.0836181641 0 0 0 0 0 0 0 0 0 0 0 0
"ghana" 0 0 0 75.0873535871506 2318.3376789093 2840.60287475586 0 0 0 0 0 0 0 0 0 0 0 0
"nigeria" 0 0 0 -92.5067514181137 -2464.02096748352 -1796.87786102295 0 0 0 0 0 0 0 0 0 0 0 0
"mozambique" 0 0 -916.695058345795 -4320.49083709717 -2657.03082084656 0 0 0 0 0 0 0 0 0 0 0 0 0
