"argentina" 0 0 0 0 0 0 48899.6315002441 150970.977783203 151574.645996094 140558.27331543 0 269944.030761719 2206.69603347778 12074.5124816895 11229.8965454102 0 0 0
"bolivia" 0 0 30283.5693359375 976687.5 2799462.890625 5551394.04296875 0 0 257789.825439453 218191.40625 139715.194702148 226147.155761719 0 0 0 0 0 0
"brasil" 0 0 0 52478.3706665039 313790.710449219 123823.013305664 0 0 0 0 0 25649.6238708496 0 0 0 0 0 0
"oceania" 0 0 0 -55.3492605686188 -338.60832452774 -2409.15203094482 0 0 -35.1825319230556 -1097.45311737061 -1855.32760620117 -5133.16822052002 0 0 0 0 0 0
"newzealand" 0 0 0 0 0 0 0 0 0 0 -3482.05137252808 -11097.9824066162 0 0 0 -1386.1997127533 0 0
"china" 0 0 0 0 -1419.49999332428 -1605.9193611145 -39.5012535154819 -120.210453867912 -14443.2001113892 -28311.4833831787 -33469.6006774902 -44861.572265625 -99.0297496318817 -6.83865044265985 -5122.47657775879 0 0 0
"japan" 0 0 0 0 0 0 0 0 -435.379207134247 -6083.59098434448 -4786.45038604736 -3602.23889350891 0 0 -104.152798652649 0 0 0
"korea" 0 0 0 0 0 0 0 0 0 -127.957135438919 -219.108402729034 0 0 0 0 0 0 0
"indonesia" 0 0 0 -127.971708774567 -346.867144107819 -19914.5469665527 0 0 0 0 0 0 0 0 0 0 0 0
"madagascar" 0 0 0 769.568204879761 334.171533584595 5797.06573486328 0 0 0 0 0 0 0 0 0 0 0 0
"eastasia" 0 0 0 0 0 24.7621461749077 0 0 -3653.0613899231 -42289.8788452148 -8774.7859954834 0 0 410.520970821381 -19.5339415222406 0 0 0
"seasia" 0 0 0 9662.18948364258 14899.9977111816 11358.8619232178 0 0 0 0 85.4184776544571 3229.06541824341 0 0 0 0 0 0
"malasya" 0 0 0 0 0 -3862.32399940491 0 0 0 0 0 0 0 0 0 0 0 0
"myanmar" 0 0 0 3170.3782081604 2423.85625839233 -36.1051708459854 0 0 0 0 228.085517883301 371.53434753418 0 0 0 0 0 0
"southasia" 0 0 0 -1540.99225997925 -6538.3768081665 -503.997206687927 0 -0.228483957471326 -3.38175659999251 -1912.84537315369 -95.7107990980148 0 0 0 0 0 0 0
"india" 0 270.503342151642 5819.98920440674 10229.3739318848 2037.81938552856 567.664861679077 0 330.37793636322 1814.95201587677 315.324008464813 157.315641641617 838.841259479523 0 0 0 0 0 0
"canada" 0 0 0 0 0 0 0 6208.98246765137 -1224493.40820312 -383312.01171875 -944.204807281494 0 0 -2987.7233505249 -45354.7477722168 -18.070125952363 0 0
"us" 0 0 0 0 0 0 -1273.93996715546 -7394.08397674561 -3632.37047195435 7731.98509216309 199.670791625977 -10982.8433990479 -10.701484978199 -33.8712930679321 2.87913531064987 0 0 0
"mexico" 0 3045.43423652649 12816.6065216064 8687.83378601074 3330.2001953125 4241.52898788452 533.089816570282 2315.38200378418 10907.5202941895 6143.05877685547 1414.76845741272 -314.351558685303 0 0 0 0 0 0
"colombia" 0 0 0 -0.105984741821885 -0.678430311381817 1454.96392250061 0 0 0 0 0.100613586255349 234.194755554199 0 0 0 0 0 0
"latinamer" 0 73.3885392546654 -306.705743074417 -1395.09391784668 -3884.50741767883 -11330.2049636841 -465.550094842911 -675.392866134644 -937.457025051117 -1165.51494598389 -927.127122879028 -1043.29705238342 -0.630880414973944 -89.0681371092796 -209.690064191818 408.44851732254 -134.558394551277 0
"paraguay" 0 0 0 0 0 4565.09113311768 0 0 0 0 0 -127.740383148193 0 0 0 0 0 0
"peru" -307.067275047302 -731.025993824005 -351.321458816528 -22.7454658597708 -1420.50194740295 -14573.037147522 -1571.90811634064 -1006.83999061584 -985.199153423309 -1512.42661476135 -5468.06335449219 -10826.642036438 0 0 0 0 0 0
"uruguay" 0 0 0 0 0 0 0 0 0 0 0 -5323.77147674561 0 0 0 0 0 0
"venezuela" 0 1.41263369005173 0 393.910527229309 2062.52908706665 5365.49282073975 0 0 0 0 0 0 0 0 0 0 0 0
"eu27" 0 0 0 0 0 0 0 0 -29807.2662353516 -383044.006347656 -102119.598388672 -19186.243057251 0 -1905.79438209534 -13734.790802002 -609.970569610596 0 0
"uk" 0 0 0 0 0 0 0 0 0 -30.8251120150089 5633.88538360596 42.4511581659317 0 0 0 -47.6444065570831 0 0
"efta" 0 0 0 0 0 0 0 0 0 -1986.70434951782 0 0 0 278.279900550842 -598.315358161926 14.0751358121634 0 0
"restofworld" 0 0 0 0 0 0 4675.04167556763 323.25291633606 -1874.19068813324 -58686.2716674805 -2172.9588508606 -474.815338850021 41.6267700493336 338.982820510864 -749.354004859924 13.3626312017441 0 0
"russia" 0 0 0 0 0 0 0 176.204442977905 21933.2122802734 7986.20414733887 27.2386968135834 0 -945.488512516022 -6164.26277160645 -37893.1884765625 0 0 0
"mena" -385.028898715973 0 0 0 0 0 34.5291197299957 84.5768451690674 -6736.88697814941 -5912.29200363159 -692.67064332962 0 0 0 -13.5022196918726 0 0 0
"angola" 0 0 28.4315124154091 1185.88197231293 858.779907226562 0 0 0 -1.16098392754793 356.863081455231 0 0 0 0 0 0 0 0
"drc" 0 0 0 0 5804.90589141846 7954.4563293457 0 0 0 0 0 0 0 0 0 0 0 0
"nafr" -7.80098373070359 0 0 0 0 0 1178.79176139832 896.897435188293 20.7429639995098 12.2815193608403 0 0 0 0 0 0 0 0
"wafr" 0 0 796.403288841248 3211.85755729675 2199.67603683472 -3007.95602798462 0 0 0 0 0 0 0 0 0 0 0 0
"cafr" 0 9.29604843258858 0 764.094650745392 4973.13690185547 13364.4247055054 0 0 0 0 0 0 0 0 0 0 0 0
"eafr" 2.03628116287291 94.3680256605148 472.009599208832 2249.68910217285 -272.533386945724 -4154.25777435303 0 0 0 0 -1247.24507331848 -1947.57556915283 0 0 0 0 0 0
"safr" 0 0 -2910.2931022644 -1365.91196060181 -3.01401037722826 105.782747268677 0 0.0272169218078488 -85.4870229959488 243.602395057678 -124.583408236504 0 0 0 0 0 0 0
"ivorycoast" 0 0 0 -2003.08680534363 -4578.33766937256 -9586.37714385986 0 0 0 0 0 0 0 0 0 0 0 0
"ghana" 0 0 0 50.4788905382156 2099.70998764038 3008.80813598633 0 0 0 0 0 0 0 0 0 0 0 0
"nigeria" 0 0 0 232.610508799553 -3549.37100410461 -3473.87218475342 0 0 0 0 0 0 0 0 0 0 0 0
"mozambique" 0 0 3883.8906288147 12675.2271652222 6172.39475250244 0 0 0 0 0 0 0 0 0 0 0 0 0
