"argentina" 0 0 0 0 0 0 40258.7738037109 125911.041259766 126837.478637695 124514.068603516 0 242275.543212891 2067.64435768127 10961.7385864258 9816.02478027344 0 0 0
"bolivia" 0 0 -374.33385848999 1490.12517929077 4135.3759765625 7298.54202270508 0 0 262.424498796463 246.99504673481 104.795828461647 183.055326342583 0 0 0 0 0 0
"brasil" 0 0 0 19471.6453552246 156885.131835938 11455.1219940186 0 0 0 0 0 7598.67572784424 0 0 0 0 0 0
"oceania" 0 0 0 -52.6518598198891 -235.864087939262 -1627.78329849243 0 0 -29.041288420558 -839.741349220276 -1360.31484603882 -3733.42323303223 0 0 0 0 0 0
"newzealand" 0 0 0 0 0 0 0 0 0 0 -2626.1568069458 -8340.25955200195 0 0 0 -972.283005714417 0 0
"china" 0 0 0 0 -456.864416599274 -467.576324939728 -12.2804148122668 -32.2765409946442 -4396.67463302612 -7095.73841094971 -7501.53779983521 -13662.2037887573 -39.5095199346542 -1.73421169165522 -1111.58323287964 0 0 0
"japan" 0 0 0 0 0 0 0 0 -50.5771189928055 -727.308630943298 -435.545742511749 -337.539821863174 0 0 -18.8203379511833 0 0 0
"korea" 0 0 0 0 0 0 0 0 0 88.7560173869133 179.361402988434 0 0 0 0 0 0 0
"indonesia" 0 0 0 -30.1950704306364 -196.067228913307 -16055.5934906006 0 0 0 0 0 0 0 0 0 0 0 0
"madagascar" 0 0 0 744.643211364746 380.485236644745 5553.2603263855 0 0 0 0 0 0 0 0 0 0 0 0
"eastasia" 0 0 0 0 0 24.9233078211546 0 0 118.683151900768 396.747827529907 114.050045609474 0 0 51.5307188034058 221.905633807182 0 0 0
"seasia" 0 0 0 -3.47480177879333 -244.07970905304 -1972.63693809509 0 0 0 0 13.1534021347761 -106.131747364998 0 0 0 0 0 0
"malasya" 0 0 0 0 0 -3208.30678939819 0 0 0 0 0 0 0 0 0 0 0 0
"myanmar" 0 0 0 -417.833566665649 -3071.46787643433 -687.249779701233 0 0 0 0 -900.503814220428 -676.462531089783 0 0 0 0 0 0
"southasia" 0 0 0 -241.144001483917 -1300.00066757202 9.33286547660828 0 0.947207445278764 -0.492722261697054 -762.626826763153 -34.7570404410362 0 0 0 0 0 0 0
"india" 0 -1422.2925901413 -27202.6844024658 -42058.7005615234 -7537.56046295166 -2049.31831359863 0 -2694.7705745697 -7571.72298431396 -1273.74219894409 -763.489305973053 -2685.91618537903 0 0 0 0 0 0
"canada" 0 0 0 0 0 0 0 2610.47601699829 -777759.704589844 -252292.098999023 -612.450003623962 0 0 -1908.97369384766 -29261.3945007324 -10.9605006873608 0 0
"us" 0 0 0 0 0 0 463.683307170868 1587.86654472351 -258.233100175858 -15654.5133590698 -4359.73644256592 -714.045584201813 -22.1177078783512 -151.846945285797 -6.41202321276069 0 0 0
"mexico" 0 2603.55949401855 11537.7712249756 7940.18650054932 3007.0595741272 3851.15647315979 459.880232810974 2053.46345901489 10092.4415588379 5486.86456680298 1241.08004570007 -324.074983596802 0 0 0 0 0 0
"colombia" 0 0 0 2.25991266779602 115.290194749832 7864.19677734375 0 0 0 0 1.25847454182804 827.888906002045 0 0 0 0 0 0
"latinamer" 0 -6.62832520902157 -270.874798297882 -1346.85957431793 -3142.57717132568 -11473.7014770508 -356.316208839417 -576.488018035889 -815.047860145569 -915.71569442749 -809.485077857971 -1760.55800914764 -2.93607381172478 -157.269209623337 -548.418641090393 -572.102785110474 -165.621072053909 0
"paraguay" 0 0 0 0 0 -15298.2845306396 0 0 0 0 0 -6215.46220779419 0 0 0 0 0 0
"peru" 20.9283716976643 35.2875106036663 20.3915778547525 2.70191417075694 51.5890754759312 383.738994598389 94.9460566043854 48.3545735478401 58.9935258030891 73.3756199479103 349.697440862656 777.538061141968 0 0 0 0 0 0
"uruguay" 0 0 0 0 0 0 0 0 0 0 0 -10755.054473877 0 0 0 0 0 0
"venezuela" 0 0.58083503972739 0 202.828660607338 1013.54563236237 2469.90609169006 0 0 0 0 0 0 0 0 0 0 0 0
"eu27" 0 0 0 0 0 0 0 0 -10905.6529998779 -136619.62890625 -39206.4590454102 -7177.99997329712 0 -703.293681144714 -4784.36851501465 -221.621364355087 0 0
"uk" 0 0 0 0 0 0 0 0 0 930.781364440918 1646.70693874359 168.626517057419 0 0 0 47.2244620323181 0 0
"efta" 0 0 0 0 0 0 0 0 0 -2499.36676025391 0 0 0 -367.154181003571 -939.008235931396 3.15693998709321 0 0
"restofworld" 0 0 0 0 0 0 2416.01991653442 122.29011207819 -4691.11967086792 -72581.3446044922 -3593.70708465576 -601.049840450287 18.8750680536032 80.3764164447784 -1089.41745758057 1.5011066570878 0 0
"russia" 0 0 0 0 0 0 0 -208.660274744034 -13839.3030166626 -3949.86867904663 -294.717967510223 0 -1657.36770629883 -8212.29076385498 -43088.2263183594 0 0 0
"mena" -209.266766905785 0 0 0 0 0 78.4803777933121 489.633798599243 -4934.22412872314 -5228.30200195312 -617.769837379456 0 0 0 -8.85806232690811 0 0 0
"angola" 0 0 31.6154509782791 1532.20403194427 1266.4623260498 0 0 0 -3.81508120335639 403.494119644165 0 0 0 0 0 0 0 0
"drc" 0 0 0 0 2045.04370689392 4169.01063919067 0 0 0 0 0 0 0 0 0 0 0 0
"nafr" -2.74291448295116 0 0 0 0 0 330.552309751511 126.155763864517 0.489295285660774 0.235758139751852 0 0 0 0 0 0 0 0
"wafr" 0 0 1010.62500476837 5909.43765640259 3519.83499526978 991.694271564484 0 0 0 0 0 0 0 0 0 0 0 0
"cafr" 0 3.74245014972985 0 310.37649512291 1901.57914161682 5027.96840667725 0 0 0 0 0 0 0 0 0 0 0 0
"eafr" 1.40792084857821 68.9218863844872 308.585286140442 294.390082359314 -900.645732879639 -4745.87440490723 0 0 0 0 -1356.46224021912 -2158.76960754395 0 0 0 0 0 0
"safr" 0 0 1216.20750427246 830.366730690002 -0.3235237672925 -16.0846635699272 0 0.0641138685750775 141.027867794037 270.681381225586 99.4891226291656 0 0 0 0 0 0 0
"ivorycoast" 0 0 0 -1643.03314685822 -3707.54194259644 -7637.41493225098 0 0 0 0 0 0 0 0 0 0 0 0
"ghana" 0 0 0 62.678650021553 1370.85831165314 1478.67250442505 0 0 0 0 0 0 0 0 0 0 0 0
"nigeria" 0 0 0 22.1022218465805 765.746533870697 569.411337375641 0 0 0 0 0 0 0 0 0 0 0 0
"mozambique" 0 0 -1956.32410049438 -7213.75465393066 -3803.11441421509 0 0 0 0 0 0 0 0 0 0 0 0 0
