"argentina" 0 0 0 0 0 0 543.852567672729 1649.10590648651 1614.3205165863 1570.97446918488 0 2735.41641235352 23.7130317837 127.666980028152 120.016373693943 0 0 0
"bolivia" 0 0 223.180279135704 -730.037569999695 -1901.77381038666 -3466.56489372253 0 0 -122.440099716187 -141.755342483521 -46.8973107635975 -87.1473476290703 0 0 0 0 0 0
"brasil" 0 0 0 1597.60129451752 14653.5606384277 11690.6595230103 0 0 0 0 0 1705.69920539856 0 0 0 0 0 0
"oceania" 0 0 0 27.7956575155258 -74.4018107652664 -1608.78539085388 0 0 5.93251176178455 3.9404584094882 -134.684160351753 -424.944460391998 0 0 0 0 0 0
"newzealand" 0 0 0 0 0 0 0 0 0 0 1461.48884296417 4383.21971893311 0 0 0 -217.925667762756 0 0
"china" 0 0 0 0 50.851084291935 141.560539603233 2.0965940784663 9.09420382231474 504.747211933136 3715.38829803467 6113.38043212891 2708.33325386047 -4.376620054245 0.458269292721525 922.742009162903 0 0 0
"japan" 0 0 0 0 0 0 0 0 -392.597883939743 -5430.1700592041 -4534.16156768799 -3395.29347419739 0 0 -80.6419253349304 0 0 0
"korea" 0 0 0 0 0 0 0 0 0 -221.93717956543 -399.604797363281 0 0 0 0 0 0 0
"indonesia" 0 0 0 -43.0103801190853 -43.4408634901047 955.990791320801 0 0 0 0 0 0 0 0 0 0 0 0
"madagascar" 0 0 0 -183.089718222618 -171.952351927757 -1509.12094116211 0 0 0 0 0 0 0 0 0 0 0 0
"eastasia" 0 0 0 0 0 -1.70875422190875 0 0 -2933.01486968994 -33524.1165161133 -7037.7631187439 0 0 284.600138664246 -163.972571492195 0 0 0
"seasia" 0 0 0 9316.69521331787 13115.6597137451 11549.036026001 0 0 0 0 49.1768233478069 3001.81102752686 0 0 0 0 0 0
"malasya" 0 0 0 0 0 418.710827827454 0 0 0 0 0 0 0 0 0 0 0 0
"myanmar" 0 0 0 3410.17651557922 5664.31713104248 676.051318645477 0 0 0 0 1168.81132125854 1093.43421459198 0 0 0 0 0 0
"southasia" 0 0 0 2071.65384292603 9773.45657348633 707.287549972534 0 -0.276328821200877 2.50934134237468 2014.9621963501 107.773274183273 0 0 0 0 0 0 0
"india" 0 -878.422796726227 -17439.9700164795 -27705.8525085449 -4920.36962509155 -1346.13525867462 0 -1667.30213165283 -5143.30053329468 -859.314203262329 -464.392811059952 -1775.7363319397 0 0 0 0 0 0
"canada" 0 0 0 0 0 0 0 2096.01140022278 -382753.326416016 -121782.402038574 -271.014273166656 0 0 -794.319868087769 -11558.2876205444 -3.94925056025386 0 0
"us" 0 0 0 0 0 0 -2583.17947387695 -15580.9450149536 -6894.61326599121 42605.9722900391 24541.3684844971 8894.65427398682 95.1877757906914 667.134642601013 37.5141650438309 0 0 0
"mexico" 0 2128.61204147339 9864.8738861084 7844.74897384644 4930.69362640381 4483.229637146 383.977234363556 1746.81127071381 8730.31330108643 5730.96561431885 1558.3758354187 127.376452088356 0 0 0 0 0 0
"colombia" 0 0 0 0.404743943363428 -23.3209002763033 -2609.63344573975 0 0 0 0 -0.161711446708068 -355.751603841782 0 0 0 0 0 0
"latinamer" 0 170.344203710556 33.2217514514923 630.199611186981 237.968310713768 7603.97052764893 -166.980028152466 -111.103482544422 -134.590357542038 -311.065286397934 226.117223501205 2269.85001564026 4.9973214045167 138.44695687294 684.549391269684 1941.74444675446 57.5155839323997 0
"paraguay" 0 0 0 0 0 -778.046190738678 0 0 0 0 0 387.623757123947 0 0 0 0 0 0
"peru" 9.38637740910053 38.9987714588642 33.0773144960403 9.77666862308979 84.0423628687859 1257.981300354 22.1626423299313 22.9547210037708 37.5123545527458 52.8799667954445 356.763035058975 1830.48295974731 0 0 0 0 0 0
"uruguay" 0 0 0 0 0 0 0 0 0 0 0 976.501107215881 0 0 0 0 0 0
"venezuela" 0 -0.0410067877965048 0 -42.5086244940758 -181.501790881157 -424.217522144318 0 0 0 0 0 0 0 0 0 0 0 0
"eu27" 0 0 0 0 0 0 0 0 -17820.3315734863 -244373.901367188 -55147.6020812988 -10742.2790527344 0 -527.619302272797 -8955.22308349609 -307.617127895355 0 0
"uk" 0 0 0 0 0 0 0 0 0 155.632853507996 4278.28788757324 59.6740059554577 0 0 0 -22.8034481406212 0 0
"efta" 0 0 0 0 0 0 0 0 0 -1107.66160488129 0 0 0 213.887602090836 -316.554754972458 9.18005779385567 0 0
"restofworld" 0 0 0 0 0 0 1516.90435409546 166.432768106461 6220.76272964478 60975.227355957 4227.7717590332 527.759790420532 25.3385789692402 335.47168970108 1083.94265174866 19.2072745412588 0 0
"russia" 0 0 0 0 0 0 0 584.944546222687 48856.9831848145 15320.2667236328 529.83832359314 0 1971.74143791199 8516.63303375244 39494.2321777344 0 0 0
"mena" -666.287004947662 0 0 0 0 0 -436.751246452332 -2850.71063041687 101.712808012962 5709.07211303711 680.334568023682 0 0 0 -4.36267908662558 0 0 0
"angola" 0 0 66.6285902261734 1474.6561050415 1614.52078819275 0 0 0 0.65498414915055 201.067805290222 0 0 0 0 0 0 0 0
"drc" 0 0 0 0 5194.13948059082 7447.97515869141 0 0 0 0 0 0 0 0 0 0 0 0
"nafr" -4.58244560286403 0 0 0 0 0 563.047885894775 469.688773155212 11.9067551568151 6.90183136612177 0 0 0 0 0 0 0 0
"wafr" 0 0 254.208773374557 1036.84878349304 1082.69429206848 -2353.45077514648 0 0 0 0 0 0 0 0 0 0 0 0
"cafr" 0 5.82288764417171 0 408.859938383102 2785.76469421387 6975.58641433716 0 0 0 0 0 0 0 0 0 0 0 0
"eafr" -0.569156836718321 -29.9724787473679 -63.790500164032 2276.86333656311 1550.64535140991 4504.32682037354 0 0 0 0 1241.25528335571 1997.94888496399 0 0 0 0 0 0
"safr" 0 0 -4591.09497070312 -2385.42222976685 -1.20362755842507 293.663501739502 0 -0.0458057729701977 -287.204921245575 147.645696997643 -175.501942634583 0 0 0 0 0 0 0
"ivorycoast" 0 0 0 -2159.92879867554 -4851.72033309937 -9954.41055297852 0 0 0 0 0 0 0 0 0 0 0 0
"ghana" 0 0 0 63.5500848293304 2235.54706573486 3436.14101409912 0 0 0 0 0 0 0 0 0 0 0 0
"nigeria" 0 0 0 85.3836461901665 3325.2420425415 2525.89225769043 0 0 0 0 0 0 0 0 0 0 0 0
"mozambique" 0 0 2683.93445014954 8647.9606628418 4086.40956878662 0 0 0 0 0 0 0 0 0 0 0 0 0
