"argentina" 0 0 0 0 0 0 678.587436676025 1819.48232650757 1778.8861989975 1783.65576267242 0 3076.53021812439 -1.99036183767021 24.298895150423 68.4595704078674 0 0 0
"bolivia" 0 0 90.5893594026566 -532.854676246643 -1433.35366249084 -2372.68209457397 0 0 -64.0165880322456 -87.9562795162201 -32.5705334544182 -63.8824701309204 0 0 0 0 0 0
"brasil" 0 0 0 122.204393148422 21186.5291595459 -8461.44104003906 0 0 0 0 0 -368.520259857178 0 0 0 0 0 0
"oceania" 0 0 0 26.9377660006285 -100.973457098007 -1602.40292549133 0 0 5.72047987952828 -30.5444188416004 -264.858931303024 -836.095452308655 0 0 0 0 0 0
"newzealand" 0 0 0 0 0 0 0 0 0 0 -444.098949432373 -1213.18030357361 0 0 0 351.787984371185 0 0
"china" 0 0 0 0 164.615094661713 -66.1501735448837 15.6153934076428 15.6412627547979 3327.93831825256 -2863.62314224243 -9299.16763305664 2885.85662841797 39.7899858653545 2.83743697218597 -1187.86001205444 0 0 0
"japan" 0 0 0 0 0 0 0 0 66.6878074407578 907.217383384705 747.630596160889 566.973686218262 0 0 13.8539960607886 0 0 0
"korea" 0 0 0 0 0 0 0 0 0 35.9470248222351 69.7114840149879 0 0 0 0 0 0 0
"indonesia" 0 0 0 -69.2590028047562 -125.941783189774 -4692.551612854 0 0 0 0 0 0 0 0 0 0 0 0
"madagascar" 0 0 0 442.902386188507 230.337932705879 2983.45518112183 0 0 0 0 0 0 0 0 0 0 0 0
"eastasia" 0 0 0 0 0 14.9141866713762 0 0 1102.56779193878 12244.2684173584 2591.33100509644 0 0 -75.6216943264008 168.809652328491 0 0 0
"seasia" 0 0 0 8377.18963623047 12155.5957794189 11775.6729125977 0 0 0 0 35.6328561902046 2917.893409729 0 0 0 0 0 0
"malasya" 0 0 0 0 0 -849.89732503891 0 0 0 0 0 0 0 0 0 0 0 0
"myanmar" 0 0 0 4764.67227935791 7836.67373657227 970.597445964813 0 0 0 0 1637.36522197723 1514.81473445892 0 0 0 0 0 0
"southasia" 0 0 0 1028.75471115112 4954.25462722778 298.790127038956 0 -0.331028888467699 1.26379542052746 1081.35545253754 57.7842332422733 0 0 0 0 0 0 0
"india" 0 514.275372028351 9520.48110961914 14314.4369125366 2671.41270637512 724.22456741333 0 833.544909954071 2440.19508361816 420.051574707031 265.200674533844 983.936667442322 0 0 0 0 0 0
"canada" 0 0 0 0 0 0 0 2623.99697303772 -352316.833496094 -118233.070373535 -262.083381414413 0 0 -731.858134269714 -10720.2939987183 -2.92647280730307 0 0
"us" 0 0 0 0 0 0 -2725.51417350769 -12748.7754821777 -6214.55192565918 39094.23828125 18603.4812927246 1405.77793121338 72.4258273839951 500.825703144073 27.9126092791557 0 0 0
"mexico" 0 2040.35997390747 9568.25256347656 7483.40082168579 4527.72617340088 4249.58372116089 377.321422100067 1719.32828426361 8503.93676757812 5441.84303283691 1447.87847995758 70.6982016563416 0 0 0 0 0 0
"colombia" 0 0 0 -0.763809774070978 -36.9360111653805 -2394.68574523926 0 0 0 0 -0.451645697467029 -269.564867019653 0 0 0 0 0 0
"latinamer" 0 116.956233978271 -80.5549621582031 -40.9466400742531 -750.097751617432 2489.32957649231 -290.582448244095 -376.488208770752 -494.187474250793 -634.488523006439 -105.330944061279 950.089335441589 2.13015591725707 18.6798758804798 205.39279282093 1070.72818279266 -43.5507595539093 0
"paraguay" 0 0 0 0 0 -189.463570713997 0 0 0 0 0 214.351654052734 0 0 0 0 0 0
"peru" -3.02888732403517 2.89823184721172 11.8163041770458 5.4638241417706 8.22438579052687 289.546430110931 -32.6646864414215 -14.6388811990619 -5.62623888254166 -12.0983170345426 60.8049221336842 812.486708164215 0 0 0 0 0 0
"uruguay" 0 0 0 0 0 0 0 0 0 0 0 673.007071018219 0 0 0 0 0 0
"venezuela" 0 -0.0518134911544621 0 -19.9223533272743 -94.9951261281967 -227.531731128693 0 0 0 0 0 0 0 0 0 0 0 0
"eu27" 0 0 0 0 0 0 0 0 -933.60710144043 -28072.6947784424 1885.14590263367 143.433645367622 0 135.792165994644 -1160.9218120575 24.3411213159561 0 0
"uk" 0 0 0 0 0 0 0 0 0 1188.70687484741 1204.31780815125 209.473192691803 0 0 0 68.3490484952927 0 0
"efta" 0 0 0 0 0 0 0 0 0 -1687.97874450684 0 0 0 -349.4912981987 -661.608636379242 0.123724952572957 0 0
"restofworld" 0 0 0 0 0 0 -201.31328701973 9.63335670530796 2496.31977081299 31228.0902862549 1888.29827308655 265.849620103836 3.11536015942693 66.954717040062 503.916263580322 5.61136147007346 0 0
"russia" 0 0 0 0 0 0 0 363.312959671021 30738.338470459 9751.04522705078 350.242555141449 0 1490.2366399765 6741.45698547363 32346.4584350586 0 0 0
"mena" -876.876831054688 0 0 0 0 0 -467.356711626053 -3216.38345718384 -3420.59063911438 3027.38809585571 396.320223808289 0 0 0 -9.8270196467638 0 0 0
"angola" 0 0 -36.1868925392628 -651.242792606354 -607.53071308136 0 0 0 -2.35756486654282 -124.019928276539 0 0 0 0 0 0 0 0
"drc" 0 0 0 0 151.331961154938 1635.8824968338 0 0 0 0 0 0 0 0 0 0 0 0
"nafr" 3.50556708872318 0 0 0 0 0 -122.536942362785 -108.177974820137 0.924388878047466 -0.473838183097541 0 0 0 0 0 0 0 0
"wafr" 0 0 551.022231578827 5175.27961730957 3207.04245567322 2386.08503341675 0 0 0 0 0 0 0 0 0 0 0 0
"cafr" 0 2.8370195068419 0 161.571353673935 1410.48145294189 3607.05184936523 0 0 0 0 0 0 0 0 0 0 0 0
"eafr" 1.41984247602522 67.9664835333824 331.550508737564 1345.38769721985 -356.180161237717 -3560.03928184509 0 0 0 0 -1023.99051189423 -1654.34622764587 0 0 0 0 0 0
"safr" 0 0 -3732.15317726135 -1887.79163360596 -1.75535399466753 197.698384523392 0 -0.0489245503558777 -242.90519952774 38.072481751442 -176.276415586472 0 0 0 0 0 0 0
"ivorycoast" 0 0 0 -1479.93147373199 -3378.84092330933 -6882.13157653809 0 0 0 0 0 0 0 0 0 0 0 0
"ghana" 0 0 0 29.7941621392965 1173.63393306732 1705.99162578583 0 0 0 0 0 0 0 0 0 0 0 0
"nigeria" 0 0 0 -148.677498102188 -3034.08765792847 -2070.88422775269 0 0 0 0 0 0 0 0 0 0 0 0
"mozambique" 0 0 -1859.01916027069 -6958.04071426392 -3756.92534446716 0 0 0 0 0 0 0 0 0 0 0 0 0
