"argentina" 0 0 0 0 0 0 833.13775062561 2278.91492843628 2244.0071105957 2293.88618469238 0 4025.10404586792 3.18422075361013 54.0875308215618 98.8075137138367 0 0 0
"bolivia" 0 0 70.5812722444534 -405.595362186432 -1070.00970840454 -1704.90789413452 0 0 -38.8114415109158 -63.547670841217 -20.1984047889709 -42.1654134988785 0 0 0 0 0 0
"brasil" 0 0 0 2473.63471984863 34083.6791992188 -2095.09658813477 0 0 0 0 0 737.344145774841 0 0 0 0 0 0
"oceania" 0 0 0 36.2790264189243 -95.1467081904411 -1670.72105407715 0 0 9.15748346596956 33.1457406282425 -189.089059829712 -638.804376125336 0 0 0 0 0 0
"newzealand" 0 0 0 0 0 0 0 0 0 0 -148.746758699417 -298.393219709396 0 0 0 394.05158162117 0 0
"china" 0 0 0 0 233.660459518433 0.582321546971798 17.5347998738289 22.3360694944859 4189.64672088623 -1712.0635509491 -8285.5110168457 5002.63357162476 47.5292392075062 3.36729339323938 -1008.58199596405 0 0 0
"japan" 0 0 0 0 0 0 0 0 65.5645653605461 895.783185958862 728.82217168808 552.742421627045 0 0 14.3118854612112 0 0 0
"korea" 0 0 0 0 0 0 0 0 0 41.2166453897953 79.634040594101 0 0 0 0 0 0 0
"indonesia" 0 0 0 -71.5964138507843 -139.959663152695 -5881.92319869995 0 0 0 0 0 0 0 0 0 0 0 0
"madagascar" 0 0 0 449.956595897675 250.465303659439 3272.59516716003 0 0 0 0 0 0 0 0 0 0 0 0
"eastasia" 0 0 0 0 0 23.4194379299879 0 0 1022.95362949371 11088.5934829712 2375.85997581482 0 0 -52.0422831177711 220.458492636681 0 0 0
"seasia" 0 0 0 8501.19400024414 12457.9181671143 11853.5995483398 0 0 0 0 40.364284068346 2948.57311248779 0 0 0 0 0 0
"malasya" 0 0 0 0 0 -447.946637868881 0 0 0 0 0 0 0 0 0 0 0 0
"myanmar" 0 0 0 5709.32054519653 9415.44342041016 1181.08344078064 0 0 0 0 1961.55858039856 1837.37480640411 0 0 0 0 0 0
"southasia" 0 0 0 1575.44445991516 7323.88353347778 548.313140869141 0 -0.0251539968303405 2.08420632407069 1499.45342540741 80.8599814772606 0 0 0 0 0 0 0
"india" 0 -1085.3670835495 -21711.2655639648 -32874.6147155762 -5903.19395065308 -1647.53639698029 0 -2152.79483795166 -6455.16777038574 -1039.19541835785 -529.612421989441 -2165.81630706787 0 0 0 0 0 0
"canada" 0 0 0 0 0 0 0 3653.17177772522 -313686.370849609 -107981.536865234 -247.553199529648 0 0 -571.868538856506 -8621.14143371582 -0.351145630702376 0 0
"us" 0 0 0 0 0 0 -2781.44335746765 -9986.28807067871 -4848.76155853271 34255.1651000977 18417.3126220703 2239.22252655029 75.9383141994476 561.507761478424 27.3814424872398 0 0 0
"mexico" 0 -795.529127120972 -2674.62587356567 -1288.81180286407 345.10138630867 -485.325396060944 -167.140334844589 -635.689616203308 -1701.98369026184 -689.641416072845 -29.2792413383722 248.376920819283 0 0 0 0 0 0
"colombia" 0 0 0 0.103891055914573 -3.7860507145524 -447.088271379471 0 0 0 0 -0.0329871472786181 -62.9685148596764 0 0 0 0 0 0
"latinamer" 0 124.103754758835 -1.09628611244261 417.70738363266 202.535897493362 6255.02347946167 -191.644370555878 -200.767636299133 -248.997151851654 -352.314084768295 186.609536409378 1596.3237285614 3.16119263879955 71.2867081165314 400.996148586273 1336.57133579254 10.1726911962032 0
"paraguay" 0 0 0 0 0 -169.801473617554 0 0 0 0 0 176.352262496948 0 0 0 0 0 0
"peru" -1.18065648712218 6.8614212796092 12.3332347720861 5.41146425530314 17.6412351429462 413.102149963379 -21.9360291957855 -8.75052250921726 0.529789656866342 -2.37882649526 92.3905521631241 862.041711807251 0 0 0 0 0 0
"uruguay" 0 0 0 0 0 0 0 0 0 0 0 1154.73437309265 0 0 0 0 0 0
"venezuela" 0 0.0614560267422348 0 -13.7508427724242 -22.0811367034912 -59.0276978909969 0 0 0 0 0 0 0 0 0 0 0 0
"eu27" 0 0 0 0 0 0 0 0 -1279.47604656219 -35708.6715698242 1853.62219810486 89.5968750119209 0 198.118299245834 -1476.1803150177 28.1346887350082 0 0
"uk" 0 0 0 0 0 0 0 0 0 1210.00778675079 1532.19497203827 215.293675661087 0 0 0 67.2746822237968 0 0
"efta" 0 0 0 0 0 0 0 0 0 -1799.38197135925 0 0 0 -343.462586402893 -698.422312736511 0.753038737457246 0 0
"restofworld" 0 0 0 0 0 0 15.3493843972683 27.000680565834 2579.72764968872 30540.2755737305 1893.40722560883 261.020958423615 4.85733477398753 85.3414088487625 503.06236743927 6.32188282907009 0 0
"russia" 0 0 0 0 0 0 0 339.269995689392 28814.8822784424 8991.43123626709 317.090094089508 0 1262.98260688782 5569.5104598999 26109.3463897705 0 0 0
"mena" -561.003446578979 0 0 0 0 0 -323.108851909637 -2179.81123924255 -1469.08140182495 2948.04310798645 364.738821983337 0 0 0 -5.39156701415777 0 0 0
"angola" 0 0 29.8815835267305 859.697341918945 999.858677387238 0 0 0 -1.7737407470122 104.058682918549 0 0 0 0 0 0 0 0
"drc" 0 0 0 0 2481.90259933472 4164.1640663147 0 0 0 0 0 0 0 0 0 0 0 0
"nafr" 3.71984019875526 0 0 0 0 0 -96.5321138501167 -79.4086307287216 2.04313173890114 0.0860768413986079 0 0 0 0 0 0 0 0
"wafr" 0 0 658.13946723938 5580.26504516602 3460.1526260376 2076.18856430054 0 0 0 0 0 0 0 0 0 0 0 0
"cafr" 0 3.52634722366929 0 213.510394096375 2108.26730728149 5667.90008544922 0 0 0 0 0 0 0 0 0 0 0 0
"eafr" -0.943982042372227 -41.2196815013885 -173.717468976974 29.8310928046703 534.871339797974 2456.04062080383 0 0 0 0 693.496108055115 1082.30197429657 0 0 0 0 0 0
"safr" 0 0 -2777.21166610718 -1295.00389099121 -0.867698574438691 163.051575422287 0 -0.0290943862637505 -172.898843884468 68.8047260046005 -106.953546404839 0 0 0 0 0 0 0
"ivorycoast" 0 0 0 -1695.09434700012 -3783.09988975525 -7604.91228103638 0 0 0 0 0 0 0 0 0 0 0 0
"ghana" 0 0 0 4822.38578796387 66869.270324707 -25263.240814209 0 0 0 0 0 0 0 0 0 0 0 0
"nigeria" 0 0 0 39.0825532376766 1521.10981941223 1149.46115016937 0 0 0 0 0 0 0 0 0 0 0 0
"mozambique" 0 0 -2570.88327407837 -9203.37772369385 -4787.41931915283 0 0 0 0 0 0 0 0 0 0 0 0 0
