"argentina" 0 0 0 0 0 0 847.148478031158 2595.82543373108 2634.45329666138 2403.31983566284 0 4401.67760848999 40.5737981200218 215.491250157356 198.422029614449 0 0 0
"bolivia" 0 0 58.1148825585842 -460.215866565704 -1260.6201171875 -2042.08970069885 0 0 -53.4438043832779 -70.8601996302605 -27.3399148136377 -51.8895536661148 0 0 0 0 0 0
"brasil" 0 0 0 4035.67314147949 30400.9838104248 11852.7717590332 0 0 0 0 0 2184.08226966858 0 0 0 0 0 0
"oceania" 0 0 0 20.8089966326952 -53.9599061012268 -1139.8754119873 0 0 5.39426878094673 18.0161446332932 -94.1660702228546 -311.144351959229 0 0 0 0 0 0
"newzealand" 0 0 0 0 0 0 0 0 0 0 -235.709667205811 -635.200977325439 0 0 0 218.378826975822 0 0
"china" 0 0 0 0 103.650942444801 127.827122807503 4.22467896714807 10.995602235198 1253.87763977051 2575.7155418396 3132.08150863647 3605.87167739868 6.77973311394453 0.773942621890455 495.571404695511 0 0 0
"japan" 0 0 0 0 0 0 0 0 21.2464462965727 292.766034603119 233.670517802238 177.300304174423 0 0 4.99070715159178 0 0 0
"korea" 0 0 0 0 0 0 0 0 0 20.6751730293036 39.819348603487 0 0 0 0 0 0 0
"indonesia" 0 0 0 -9.80727095156908 -39.2597168684006 -2914.85500335693 0 0 0 0 0 0 0 0 0 0 0 0
"madagascar" 0 0 0 446.355938911438 198.645740747452 2999.47118759155 0 0 0 0 0 0 0 0 0 0 0 0
"eastasia" 0 0 0 0 0 21.5772539377213 0 0 209.62518453598 1523.49507808685 332.709521055222 0 0 34.3407317996025 201.908349990845 0 0 0
"seasia" 0 0 0 3431.58626556396 5506.54602050781 4239.19200897217 0 0 0 0 35.5508700013161 1102.88882255554 0 0 0 0 0 0
"malasya" 0 0 0 0 0 -534.073173999786 0 0 0 0 0 0 0 0 0 0 0 0
"myanmar" 0 0 0 961.83055639267 1436.80357933044 155.723124742508 0 0 0 0 293.056517839432 262.442946434021 0 0 0 0 0 0
"southasia" 0 0 0 525.217771530151 2426.51748657227 185.512289404869 0 0.0714350171620026 0.647234497591853 450.477331876755 24.4590397924185 0 0 0 0 0 0 0
"india" 0 188.281342387199 3360.31341552734 5680.21869659424 1099.76315498352 294.382750988007 0 291.108846664429 772.887170314789 153.045251965523 126.362651586533 400.172919034958 0 0 0 0 0 0
"canada" 0 0 0 0 0 0 0 172.475308179855 133076.782226562 44396.842956543 92.2585129737854 0 0 293.420374393463 4217.87166595459 1.75374036189169 0 0
"us" 0 0 0 0 0 0 -217.660576105118 -966.151237487793 -1714.94376659393 13776.5102386475 7637.92133331299 4637.65144348145 33.5264205932617 241.655081510544 11.1663909628987 0 0 0
"mexico" 0 2257.79867172241 10218.5440063477 8257.00664520264 5303.52640151978 4728.15561294556 393.042534589767 1798.5942363739 9208.11080932617 6005.28335571289 1644.815325737 151.333019137383 0 0 0 0 0 0
"colombia" 0 0 0 0.546872557606548 13.10427300632 410.821855068207 0 0 0 0 0.172841726453044 11.450843885541 0 0 0 0 0 0
"latinamer" 0 81.0316652059555 124.774724245071 894.148886203766 1402.85980701447 8253.18813323975 65.2942359447479 193.875253200531 278.577446937561 259.026706218719 496.293365955353 1841.65406227112 3.55034461244941 132.137686014175 563.644468784332 1197.7367401123 99.1768389940262 0
"paraguay" 0 0 0 0 0 -9164.48593139648 0 0 0 0 0 1827.62551307678 0 0 0 0 0 0
"peru" 11.091211810708 36.092683672905 28.6184698343277 6.24277535825968 69.9294358491898 858.957529067993 39.2871089279652 31.9111198186874 38.7705601751804 55.7632334530354 303.010642528534 1242.99585819244 0 0 0 0 0 0
"uruguay" 0 0 0 0 0 0 0 0 0 0 0 149.955093860626 0 0 0 0 0 0
"venezuela" 0 0.0981387565843761 0 23.506335914135 119.646765291691 303.126513957977 0 0 0 0 0 0 0 0 0 0 0 0
"eu27" 0 0 0 0 0 0 0 0 -17860.6395721436 -245871.673583984 -54828.3233642578 -10739.3760681152 0 -694.14210319519 -8951.0555267334 -311.397075653076 0 0
"uk" 0 0 0 0 0 0 0 0 0 3123.68154525757 5255.6471824646 564.349591732025 0 0 0 164.197370409966 0 0
"efta" 0 0 0 0 0 0 0 0 0 706.496059894562 0 0 0 701.692342758179 428.876489400864 11.2680848687887 0 0
"restofworld" 0 0 0 0 0 0 1817.98493862152 180.783271789551 4888.24319839478 42980.8578491211 3181.17833137512 376.171588897705 25.3493208438158 313.008964061737 804.637491703033 17.1947851777077 0 0
"russia" 0 0 0 0 0 0 0 306.479334831238 26196.7926025391 7989.44425582886 245.08361518383 0 609.020709991455 2056.7684173584 7134.49716567993 0 0 0
"mena" -183.003798127174 0 0 0 0 0 -119.538180530071 -709.10120010376 920.181632041931 2268.77784729004 258.083164691925 0 0 0 -0.175846507772803 0 0 0
"angola" 0 0 149.221211671829 3331.83431625366 3553.15566062927 0 0 0 1.83656020089984 492.648303508759 0 0 0 0 0 0 0 0
"drc" 0 0 0 0 3252.24161148071 4083.74261856079 0 0 0 0 0 0 0 0 0 0 0 0
"nafr" 8.18783789873123 0 0 0 0 0 77.9542997479439 91.3940817117691 14.1713209450245 5.20635955035686 0 0 0 0 0 0 0 0
"wafr" 0 0 945.35630941391 5916.94736480713 3516.86477661133 1268.77593994141 0 0 0 0 0 0 0 0 0 0 0 0
"cafr" 0 4.72670421004295 0 391.349941492081 2383.16106796265 6124.14646148682 0 0 0 0 0 0 0 0 0 0 0 0
"eafr" 0.0109345455712173 -1.99669599533081 40.162019431591 1695.1014995575 878.847122192383 1945.26553153992 0 0 0 0 519.623100757599 829.298675060272 0 0 0 0 0 0
"safr" 0 0 -378.830283880234 -77.9837667942047 1.08875264413655 119.508892297745 0 0.00875179193826625 -8.75119306147099 164.067298173904 49.2914691567421 0 0 0 0 0 0 0
"ivorycoast" 0 0 0 -5726.46522521973 -12630.895614624 -25239.9597167969 0 0 0 0 0 0 0 0 0 0 0 0
"ghana" 0 0 0 30.8942217379808 1024.18160438538 1306.94818496704 0 0 0 0 0 0 0 0 0 0 0 0
"nigeria" 0 0 0 57.6532408595085 1793.58649253845 1302.33037471771 0 0 0 0 0 0 0 0 0 0 0 0
"mozambique" 0 0 1216.18437767029 3804.54993247986 1754.54354286194 0 0 0 0 0 0 0 0 0 0 0 0 0
