"argentina" 0 0 0 0 0 0 1082.77702331543 3064.24760818481 3105.4253578186 2685.51635742188 0 4702.20708847046 17.4975823611021 129.104852676392 165.441289544106 0 0 0
"bolivia" 0 0 -118.39297413826 -14.4101809710264 -102.646574378014 212.151139974594 0 0 40.5751690268517 22.897282615304 4.54496312886477 4.15494060143828 0 0 0 0 0 0
"brasil" 0 0 0 5743.31092834473 61275.3486633301 -4190.38915634155 0 0 0 0 0 1438.74716758728 0 0 0 0 0 0
"oceania" 0 0 0 1.00134569220245 2.41571385413408 -38.0269028246403 0 0 -0.0659410943626426 5.53240207955241 20.1267227530479 61.8183165788651 0 0 0 0 0 0
"newzealand" 0 0 0 0 0 0 0 0 0 0 -294.259250164032 -895.35003900528 0 0 0 -1.30505976267159 0 0
"china" 0 0 0 0 24.6639177203178 12.2667513787746 1.3935174793005 2.74793617427349 421.377062797546 160.295039415359 -229.952082037926 722.220838069916 3.1264575663954 0.296056794468313 -15.1664717122912 0 0 0
"japan" 0 0 0 0 0 0 0 0 -10.9133832156658 -144.336819648743 -133.858785033226 -99.3796959519386 0 0 -1.23035162687302 0 0 0
"korea" 0 0 0 0 0 0 0 0 0 7.66152981668711 15.1287298649549 0 0 0 0 0 0 0
"indonesia" 0 0 0 54.6910166740417 -1.95806217379868 -7565.23418426514 0 0 0 0 0 0 0 0 0 0 0 0
"madagascar" 0 0 0 28.6197289824486 3.45867034047842 236.272186040878 0 0 0 0 0 0 0 0 0 0 0 0
"eastasia" 0 0 0 0 0 17.303517088294 0 0 -44.6571409702301 -1401.99649333954 -293.999314308167 0 0 53.4339472651482 169.465720653534 0 0 0
"seasia" 0 0 0 98.9084541797638 813.758254051208 181.080728769302 0 0 0 0 15.601959079504 59.1703243553638 0 0 0 0 0 0
"malasya" 0 0 0 0 0 -1850.17073154449 0 0 0 0 0 0 0 0 0 0 0 0
"myanmar" 0 0 0 -33.536359667778 -181.306540966034 -30.1262028515339 0 0 0 0 -42.3928573727608 -41.5422320365906 0 0 0 0 0 0
"southasia" 0 0 0 -140.285193920135 -734.205007553101 -44.6340329945087 0 0.227887998335063 -0.0918567675398663 -202.696889638901 -10.1245390251279 0 0 0 0 0 0 0
"india" 0 -80.2201703190804 -1731.56130313873 -2609.40408706665 -489.00830745697 -143.457055091858 0 -245.707631111145 -610.283613204956 -82.6582163572311 -39.3288135528564 -181.887298822403 0 0 0 0 0 0
"canada" 0 0 0 0 0 0 0 1462.86976337433 -8537.66345977783 -1574.18715953827 -8.21683742105961 0 0 -22.657597437501 -315.849125385284 0.0170596795214806 0 0
"us" 0 0 0 0 0 0 465.833485126495 3555.80282211304 309.707909822464 718.625068664551 1217.43988990784 3043.38502883911 9.03548859059811 68.169929087162 1.00744119845331 0 0 0
"mexico" 0 8.20272043347359 20.623829215765 51.7291352152824 72.6447105407715 42.546458542347 1.87625561375171 10.2539118379354 75.1915723085403 31.6264182329178 8.83140601217747 3.27423913404346 0 0 0 0 0 0
"colombia" 0 0 0 0.311291252728552 35.2006852626801 2671.42152786255 0 0 0 0 0.335348508087918 308.548957109451 0 0 0 0 0 0
"latinamer" 0 18.2008519768715 81.7449167370796 529.279232025146 1065.11664390564 4832.62729644775 73.763944208622 144.26988363266 209.088370203972 245.69770693779 336.82456612587 831.789493560791 1.29263242706656 57.1839958429337 228.402838110924 396.398991346359 52.6432320475578 0
"paraguay" 0 0 0 0 0 -9309.18502807617 0 0 0 0 0 1677.56116390228 0 0 0 0 0 0
"peru" 0.864575966261327 5.22400438785553 9.88479144871235 2.19432869926095 4.27843350917101 -0.476544722914696 -4.7949799336493 0.981596298515797 2.60101328603923 1.23183103278279 47.6229786872864 316.996783018112 0 0 0 0 0 0
"uruguay" 0 0 0 0 0 0 0 0 0 0 0 -689.69714641571 0 0 0 0 0 0
"venezuela" 0 0.0974996946752071 0 34.1727025806904 176.838725805283 408.978700637817 0 0 0 0 0 0 0 0 0 0 0 0
"eu27" 0 0 0 0 0 0 0 0 -4819.13757324219 -78534.9044799805 -10704.1177749634 -2322.38388061523 0 -72.6959034800529 -2901.70836448669 -52.269883453846 0 0
"uk" 0 0 0 0 0 0 0 0 0 956.15553855896 1576.17473602295 172.445848584175 0 0 0 50.906028598547 0 0
"efta" 0 0 0 0 0 0 0 0 0 42.7851118147373 0 0 0 207.427799701691 72.1596777439117 4.04588039964437 0 0
"restofworld" 0 0 0 0 0 0 614.508032798767 61.7908760905266 1629.7070980072 14679.349899292 1077.0674943924 128.800809383392 8.64740740507841 105.742193758488 274.844616651535 5.82896079868078 0 0
"russia" 0 0 0 0 0 0 0 70.2422633767128 5972.58758544922 1813.73083591461 41.0459041595459 0 -45.9001809358597 -553.561806678772 -3950.46949386597 0 0 0
"mena" -50.9059689939022 0 0 0 0 0 3.68576031178236 48.2513718307018 -356.672704219818 -413.739204406738 -49.332220107317 0 0 0 -0.726526079233736 0 0 0
"angola" 0 0 37.6790538430214 1038.39945793152 1165.40694236755 0 0 0 -1.5588712412864 139.719173312187 0 0 0 0 0 0 0 0
"drc" 0 0 0 0 1213.82641792297 1613.96324634552 0 0 0 0 0 0 0 0 0 0 0 0
"nafr" 2.85132881253958 0 0 0 0 0 53.8499765098095 61.3471157848835 6.40668999403715 2.45335465297103 0 0 0 0 0 0 0 0
"wafr" 0 0 651.211559772491 3957.83090591431 2479.47525978088 451.830953359604 0 0 0 0 0 0 0 0 0 0 0 0
"cafr" 0 1.49160355795175 0 136.572286486626 862.269639968872 2286.51309013367 0 0 0 0 0 0 0 0 0 0 0 0
"eafr" 0.0567177849006839 1.98178226128221 17.6320150494576 317.24351644516 130.215585231781 244.234770536423 0 0 0 0 60.1517930626869 98.9709943532944 0 0 0 0 0 0
"safr" 0 0 474.324107170105 157.197028398514 0.248749507591128 18.7785532325506 0 0.00755509108785191 26.5257190912962 54.1832223534584 11.9229611009359 0 0 0 0 0 0 0
"ivorycoast" 0 0 0 -5775.02536773682 -12718.3427810669 -25600.5630493164 0 0 0 0 0 0 0 0 0 0 0 0
"ghana" 0 0 0 137.640029191971 4962.77952194214 7341.2766456604 0 0 0 0 0 0 0 0 0 0 0 0
"nigeria" 0 0 0 11.3284150138497 361.163675785065 256.410866975784 0 0 0 0 0 0 0 0 0 0 0 0
"mozambique" 0 0 382.004141807556 1124.92489814758 484.502613544464 0 0 0 0 0 0 0 0 0 0 0 0 0
