"argentina" 0 0 0 0 0 0 566.100239753723 1705.73115348816 1668.3497428894 1433.78925323486 0 2472.48458862305 24.439750239253 131.672143936157 124.574407935143 0 0 0
"bolivia" 0 0 94.489187002182 -271.509051322937 -673.746705055237 -1187.72554397583 0 0 -36.6187132894993 -51.4560267329216 -12.3634953051805 -25.3570973873138 0 0 0 0 0 0
"brasil" 0 0 0 2255.66387176514 18643.6367034912 8924.47566986084 0 0 0 0 0 1499.4683265686 0 0 0 0 0 0
"oceania" 0 0 0 19.3814914673567 -45.9346286952496 -978.32727432251 0 0 5.29776327311993 25.1833125948906 -73.0139464139938 -249.521702528 0 0 0 0 0 0
"newzealand" 0 0 0 0 0 0 0 0 0 0 -313.938677310944 -870.861887931824 0 0 0 225.461676716805 0 0
"china" 0 0 0 0 78.2468318939209 117.902874946594 2.97782197594643 9.37370024621487 915.391385555267 2616.02973937988 3614.34268951416 2987.47110366821 2.92365113273263 0.606071960646659 561.169266700745 0 0 0
"japan" 0 0 0 0 0 0 0 0 31.7662432789803 434.580773115158 355.133473873138 268.600940704346 0 0 6.84870779514313 0 0 0
"korea" 0 0 0 0 0 0 0 0 0 22.4348921328783 42.8064092993736 0 0 0 0 0 0 0
"indonesia" 0 0 0 -35.34971550107 -36.9850471615791 366.127252578735 0 0 0 0 0 0 0 0 0 0 0 0
"madagascar" 0 0 0 -47.5114956498146 -84.0254202485085 -383.230865001678 0 0 0 0 0 0 0 0 0 0 0 0
"eastasia" 0 0 0 0 0 12.6566793769598 0 0 322.07527756691 3425.84753036499 742.668628692627 0 0 -5.87925687432289 104.290217161179 0 0 0
"seasia" 0 0 0 4516.2410736084 6733.22248458862 5574.54586029053 0 0 0 0 33.7928310036659 1455.26492595673 0 0 0 0 0 0
"malasya" 0 0 0 0 0 -156.337857246399 0 0 0 0 0 0 0 0 0 0 0 0
"myanmar" 0 0 0 1124.19497966766 1805.94336986542 199.217557907104 0 0 0 0 371.627956628799 334.828585386276 0 0 0 0 0 0
"southasia" 0 0 0 834.705531597137 3949.7594833374 286.12819314003 0 -0.10390485113021 0.986608909443021 792.283415794373 42.8895838558674 0 0 0 0 0 0 0
"india" 0 300.575584173203 5683.60567092896 9151.87740325928 1788.81192207336 494.865983724594 0 551.153481006622 1488.1865978241 257.987082004547 179.838225245476 673.505008220673 0 0 0 0 0 0
"canada" 0 0 0 0 0 0 0 -1439.3298625946 168160.507202148 56009.6130371094 119.170121848583 0 0 371.301472187042 5266.70265197754 1.97180360555649 0 0
"us" 0 0 0 0 0 0 -673.789858818054 -4729.04682159424 -2347.06878662109 15545.1135635376 8478.79600524902 3215.67535400391 32.9747125506401 240.68620800972 13.2362246513367 0 0 0
"mexico" 0 2214.06960487366 10055.4237365723 8180.92155456543 5340.75736999512 4689.60618972778 383.848637342453 1756.03199005127 9091.58992767334 5993.32237243652 1657.17005729675 177.667513489723 0 0 0 0 0 0
"colombia" 0 0 0 0.304969289572909 -8.47338326275349 -1108.59966278076 0 0 0 0 -0.036271372664487 -156.271353363991 0 0 0 0 0 0
"latinamer" 0 87.442047894001 34.8104871809483 388.247519731522 226.84434056282 4034.0747833252 -51.6015887260437 2.3760951589793 8.85471981018782 -75.542189180851 155.374825000763 1265.25282859802 2.87636602297425 89.3694534897804 416.194915771484 1074.06961917877 48.6605390906334 0
"paraguay" 0 0 0 0 0 -134.401276707649 0 0 0 0 0 115.01606553793 0 0 0 0 0 0
"peru" 10.6498934328556 35.7597023248672 29.8297367990017 6.53005205094814 68.4675201773643 839.49887752533 35.9188765287399 30.8293849229813 37.5188328325748 53.6860711872578 300.811111927032 1272.41241931915 0 0 0 0 0 0
"uruguay" 0 0 0 0 0 0 0 0 0 0 0 -213.444843888283 0 0 0 0 0 0
"venezuela" 0 0.0397720214095898 0 -2.81140534207225 -6.48269569501281 12.8483157604933 0 0 0 0 0 0 0 0 0 0 0 0
"eu27" 0 0 0 0 0 0 0 0 -18335.4625701904 -253410.934448242 -55858.9286804199 -10961.8549346924 0 -609.02613401413 -9279.96349334717 -314.548581838608 0 0
"uk" 0 0 0 0 0 0 0 0 0 3138.89193534851 5294.99626159668 567.210853099823 0 0 0 164.889484643936 0 0
"efta" 0 0 0 0 0 0 0 0 0 760.223925113678 0 0 0 720.979988574982 452.012121677399 11.4304572343826 0 0
"restofworld" 0 0 0 0 0 0 1796.36740684509 179.96908724308 4977.01358795166 44152.9121398926 3248.80886077881 386.011600494385 25.326032191515 314.049541950226 822.716951370239 17.3429865390062 0 0
"russia" 0 0 0 0 0 0 0 284.246325492859 24290.5693054199 7318.84765625 231.813281774521 0 623.673319816589 2228.53899002075 8318.77708435059 0 0 0
"mena" -257.460206747055 0 0 0 0 0 -173.21252822876 -1109.39788818359 653.253674507141 2873.99673461914 333.34556221962 0 0 0 -1.24654965475202 0 0 0
"angola" 0 0 117.171183228493 2628.15856933594 2815.13810157776 0 0 0 1.26929546240717 384.30979847908 0 0 0 0 0 0 0 0
"drc" 0 0 0 0 3478.15132141113 4524.96528625488 0 0 0 0 0 0 0 0 0 0 0 0
"nafr" 8.43708775937557 0 0 0 0 0 69.4575160741806 77.5579661130905 13.369926251471 4.90282941609621 0 0 0 0 0 0 0 0
"wafr" 0 0 645.10190486908 4319.34213638306 2451.92742347717 1520.95818519592 0 0 0 0 0 0 0 0 0 0 0 0
"cafr" 0 4.90644108504057 0 387.751519680023 2394.02937889099 6121.79088592529 0 0 0 0 0 0 0 0 0 0 0 0
"eafr" -0.0772572166169994 -6.56182132661343 18.2001292705536 1638.12065124512 913.406431674957 2231.7681312561 0 0 0 0 601.669549942017 974.472522735596 0 0 0 0 0 0
"safr" 0 0 -1035.59041023254 -334.031909704208 0.812006182968616 130.467161536217 0 0.00437867583968909 -39.4783057272434 153.971761465073 31.8029783666134 0 0 0 0 0 0 0
"ivorycoast" 0 0 0 -1325.0834941864 -3060.97626686096 -6215.1951789856 0 0 0 0 0 0 0 0 0 0 0 0
"ghana" 0 0 0 129.502594470978 4772.40037918091 7209.19227600098 0 0 0 0 0 0 0 0 0 0 0 0
"nigeria" 0 0 0 61.8019551038742 2015.03539085388 1477.1192073822 0 0 0 0 0 0 0 0 0 0 0 0
"mozambique" 0 0 1251.81043148041 3954.83088493347 1837.64612674713 0 0 0 0 0 0 0 0 0 0 0 0 0
