"argentina" 0 0 0 0 0 0 559.605538845062 1690.2049779892 1652.42862701416 1423.15876483917 0 2453.78303527832 24.7199032455683 132.533729076385 124.565795063972 0 0 0
"bolivia" 0 0 99.4032919406891 -282.955646514893 -704.097509384155 -1248.29602241516 0 0 -39.3244512379169 -53.9154782891273 -13.3407795801759 -27.0823072642088 0 0 0 0 0 0
"brasil" 0 0 0 2288.33436965942 18274.9137878418 9587.63122558594 0 0 0 0 0 1563.41421604156 0 0 0 0 0 0
"oceania" 0 0 0 19.8861956596375 -42.8369492292404 -939.031839370728 0 0 5.64399501308799 34.8991230130196 -57.7057562768459 -208.136111497879 0 0 0 0 0 0
"newzealand" 0 0 0 0 0 0 0 0 0 0 -305.242598056793 -841.701567173004 0 0 0 233.050972223282 0 0
"china" 0 0 0 0 77.916719019413 120.774008333683 2.96832295134664 9.51127428561449 908.505082130432 2710.72745323181 3794.5282459259 3013.24033737183 2.73271510377526 0.614647811744362 588.628053665161 0 0 0
"japan" 0 0 0 0 0 0 0 0 36.4845618605614 499.05127286911 407.850682735443 308.079779148102 0 0 7.82766565680504 0 0 0
"korea" 0 0 0 0 0 0 0 0 0 23.3121868222952 44.5127673447132 0 0 0 0 0 0 0
"indonesia" 0 0 0 -36.4874787628651 -34.8101891577244 731.621503829956 0 0 0 0 0 0 0 0 0 0 0 0
"madagascar" 0 0 0 415.094703435898 177.982330322266 2728.11079025269 0 0 0 0 0 0 0 0 0 0 0 0
"eastasia" 0 0 0 0 0 12.6192029565573 0 0 338.17732334137 3642.38452911377 789.666473865509 0 0 -8.30453354865313 101.943977177143 0 0 0
"seasia" 0 0 0 4655.79605102539 6942.19779968262 5749.86410140991 0 0 0 0 35.0695140659809 1497.74074554443 0 0 0 0 0 0
"malasya" 0 0 0 0 0 -42.905405163765 0 0 0 0 0 0 0 0 0 0 0 0
"myanmar" 0 0 0 1284.23571586609 2054.46290969849 228.105068206787 0 0 0 0 422.380179166794 382.055282592773 0 0 0 0 0 0
"southasia" 0 0 0 890.466570854187 4208.44554901123 305.305510759354 0 -0.102872327261139 1.05492060538381 844.126403331757 45.6239692866802 0 0 0 0 0 0 0
"india" 0 334.931313991547 6342.80014038086 10262.375831604 1989.32635784149 549.171149730682 0 611.685633659363 1670.35531997681 291.410326957703 201.581984758377 744.483172893524 0 0 0 0 0 0
"canada" 0 0 0 0 0 0 0 -1553.52854728699 171544.570922852 57200.6378173828 122.4604845047 0 0 378.977239131927 5389.70518112183 1.96613697335124 0 0
"us" 0 0 0 0 0 0 -695.577383041382 -5024.79362487793 -2427.20365524292 15851.037979126 8679.44717407227 3262.90893554688 33.4876738488674 244.363367557526 13.6010013520718 0 0 0
"mexico" 0 2202.39114761353 10018.3982849121 8166.83197021484 5352.29206085205 4685.2650642395 382.174700498581 1748.74293804169 9070.81031799316 5988.39378356934 1658.32829475403 182.264655828476 0 0 0 0 0 0
"colombia" 0 0 0 0.330385519191623 -8.7327565997839 -1155.87592124939 0 0 0 0 -0.0341632585332263 -162.829890847206 0 0 0 0 0 0
"latinamer" 0 89.8236408829689 38.6220961809158 414.333015680313 265.541970729828 4244.90928649902 -48.9024892449379 9.47393476963043 18.3121021836996 -66.2823021411896 170.193746685982 1318.60363483429 2.98339570872486 93.4248566627502 433.051079511642 1108.17492008209 51.7230555415154 0
"paraguay" 0 0 0 0 0 -129.77460026741 0 0 0 0 0 118.87426674366 0 0 0 0 0 0
"peru" 10.5851553380489 35.7251763343811 29.8442803323269 6.58681988716125 68.5634315013885 844.945192337036 35.4488119482994 30.54503723979 37.3815223574638 53.4607470035553 301.098078489304 1281.12828731537 0 0 0 0 0 0
"uruguay" 0 0 0 0 0 0 0 0 0 0 0 -165.48065841198 0 0 0 0 0 0
"venezuela" 0 0.0360107733285986 0 -5.4567395709455 -17.8561396896839 -13.9224492013454 0 0 0 0 0 0 0 0 0 0 0 0
"eu27" 0 0 0 0 0 0 0 0 -18229.305267334 -252097.671508789 -55487.621307373 -10892.993927002 0 -603.274703025818 -9231.91452026367 -312.212705612183 0 0
"uk" 0 0 0 0 0 0 0 0 0 3142.41862297058 5260.9748840332 567.580223083496 0 0 0 165.361613035202 0 0
"efta" 0 0 0 0 0 0 0 0 0 795.886397361755 0 0 0 725.800454616547 465.280532836914 11.3639570772648 0 0
"restofworld" 0 0 0 0 0 0 1781.68284893036 178.916394710541 4980.1459312439 44286.8804931641 3253.19910049438 387.056738138199 25.1984447240829 312.869697809219 824.140548706055 17.2949340194464 0 0
"russia" 0 0 0 0 0 0 0 287.403732538223 24537.1608734131 7387.91418075562 234.924674034119 0 639.03796672821 2302.33192443848 8689.77928161621 0 0 0
"mena" -271.19317650795 0 0 0 0 0 -183.237180113792 -1178.21097373962 639.477729797363 2997.48229980469 348.28844666481 0 0 0 -1.37269857805222 0 0 0
"angola" 0 0 121.091268956661 2709.94830131531 2899.77097511292 0 0 0 1.38543650973588 397.235751152039 0 0 0 0 0 0 0 0
"drc" 0 0 0 0 3499.2847442627 4559.34858322144 0 0 0 0 0 0 0 0 0 0 0 0
"nafr" 8.4688663482666 0 0 0 0 0 68.2072937488556 75.6919085979462 13.3126443251967 4.87073231488466 0 0 0 0 0 0 0 0
"wafr" 0 0 635.612905025482 4223.93178939819 2383.79216194153 1459.24270153046 0 0 0 0 0 0 0 0 0 0 0 0
"cafr" 0 4.9878591671586 0 394.241571426392 2429.57139015198 6209.10120010376 0 0 0 0 0 0 0 0 0 0 0 0
"eafr" -0.0855021935421973 -6.98837917298079 17.1475075185299 1662.80579566956 932.107508182526 2287.59622573853 0 0 0 0 617.153525352478 999.371767044067 0 0 0 0 0 0
"safr" 0 0 -1097.52631187439 -363.873064517975 0.768894795328379 133.227735757828 0 0.00404557476940681 -42.8921580314636 156.103551387787 29.4502526521683 0 0 0 0 0 0 0
"ivorycoast" 0 0 0 -1321.81429862976 -3053.44581604004 -6197.33428955078 0 0 0 0 0 0 0 0 0 0 0 0
"ghana" 0 0 0 30.9156142175198 1238.45446109772 1749.95386600494 0 0 0 0 0 0 0 0 0 0 0 0
"nigeria" 0 0 0 62.3238235712051 2063.14277648926 1516.14439487457 0 0 0 0 0 0 0 0 0 0 0 0
"mozambique" 0 0 1291.94092750549 4080.27267456055 1894.97137069702 0 0 0 0 0 0 0 0 0 0 0 0 0
