"argentina" 0 0 0 0 0 0 639.084458351135 1943.1586265564 1918.6327457428 1715.32380580902 0 3017.72499084473 29.5523852109909 157.226473093033 145.932883024216 0 0 0
"bolivia" 0 0 84.6255421638489 -191.745012998581 -453.110337257385 -791.670143604279 0 0 -23.5991589725018 -35.783439874649 -5.42634259909391 -12.6244286075234 0 0 0 0 0 0
"brasil" 0 0 0 2966.77660942078 20720.7870483398 12484.3826293945 0 0 0 0 0 1955.42645454407 0 0 0 0 0 0
"oceania" 0 0 0 14.247621409595 71.6882720589638 669.629991054535 0 0 8.17417539656162 235.211789608002 388.410091400146 1068.12226772308 0 0 0 0 0 0
"newzealand" 0 0 0 0 0 0 0 0 0 0 -94.8679447174072 -209.547683596611 0 0 0 210.440143942833 0 0
"china" 0 0 0 0 117.434851825237 156.513005495071 4.25909552723169 12.9383662715554 1371.13404273987 3273.30541610718 4241.03212356567 4210.39295196533 6.52998965233564 0.883592758327723 666.699469089508 0 0 0
"japan" 0 0 0 0 0 0 0 0 41.6006147861481 583.886623382568 423.765182495117 322.124749422073 0 0 11.9775049388409 0 0 0
"korea" 0 0 0 0 0 0 0 0 0 24.1871550679207 47.9026064276695 0 0 0 0 0 0 0
"indonesia" 0 0 0 32.8480899333954 70.4453215003014 2848.21462631226 0 0 0 0 0 0 0 0 0 0 0 0
"madagascar" 0 0 0 -39.2767265439034 -80.2378505468369 -311.688840389252 0 0 0 0 0 0 0 0 0 0 0 0
"eastasia" 0 0 0 0 0 14.9332592263818 0 0 285.248130559921 2946.61831855774 646.183967590332 0 0 2.959368750453 120.01259624958 0 0 0
"seasia" 0 0 0 4352.0565032959 7283.71858596802 5629.44841384888 0 0 0 0 49.7952178120613 1435.35888195038 0 0 0 0 0 0
"malasya" 0 0 0 0 0 63.349150121212 0 0 0 0 0 0 0 0 0 0 0 0
"myanmar" 0 0 0 1136.22188568115 1901.62694454193 205.600827932358 0 0 0 0 393.921315670013 349.913150072098 0 0 0 0 0 0
"southasia" 0 0 0 822.306275367737 3870.8655834198 280.447721481323 0 -0.06002827649354 0.981281278654933 771.673083305359 41.6075512766838 0 0 0 0 0 0 0
"india" 0 319.418728351593 5992.95711517334 9726.33266448975 1887.30001449585 519.354820251465 0 564.905524253845 1551.80215835571 275.364398956299 194.374889135361 705.495357513428 0 0 0 0 0 0
"canada" 0 0 0 0 0 0 0 -974.92504119873 132019.04296875 45561.7332458496 103.27573120594 0 0 323.8345682621 4794.50225830078 1.68871728237718 0 0
"us" 0 0 0 0 0 0 -92.3201143741608 -1648.38969707489 -1065.95194339752 13055.0336837769 9103.8646697998 5944.3826675415 37.9912555217743 298.463314771652 13.8594945892692 0 0 0
"mexico" 0 -165.535479784012 -584.547579288483 -77.1613046526909 555.624127388 71.4927017688751 -26.2983161956072 -125.249743461609 -235.419824719429 164.272546768188 128.244370222092 157.71159529686 0 0 0 0 0 0
"colombia" 0 0 0 0.464745739009231 -3.92371090129018 -877.917647361755 0 0 0 0 0.0304123568639625 -132.599681615829 0 0 0 0 0 0
"latinamer" 0 88.9494940638542 52.0452074706554 493.527412414551 450.216352939606 4935.07528305054 -32.8890979290009 36.0677242279053 56.6604137420654 -16.5711604058743 225.743755698204 1412.42241859436 3.08757508173585 99.9781787395477 456.497579813004 1132.36117362976 59.4182014465332 0
"paraguay" 0 0 0 0 0 -55.835023522377 0 0 0 0 0 117.863073945045 0 0 0 0 0 0
"peru" 10.8452048152685 35.9076969325542 28.4074451774359 6.38351589441299 70.7406401634216 894.528985023499 38.1730496883392 31.2636159360409 38.4549722075462 55.4653592407703 303.940117359161 1270.19488811493 0 0 0 0 0 0
"uruguay" 0 0 0 0 0 0 0 0 0 0 0 215.09200334549 0 0 0 0 0 0
"venezuela" 0 0.0241668458329514 0 -19.5446126163006 -66.7167603969574 -142.837718129158 0 0 0 0 0 0 0 0 0 0 0 0
"eu27" 0 0 0 0 0 0 0 0 -18469.5053100586 -257240.020751953 -55513.9389038086 -10955.4414749146 0 -591.730356216431 -9441.04290008545 -312.821209430695 0 0
"uk" 0 0 0 0 0 0 0 0 0 3140.90776443481 5339.31446075439 567.795693874359 0 0 0 164.726376533508 0 0
"efta" 0 0 0 0 0 0 0 0 0 801.051139831543 0 0 0 742.79111623764 471.673011779785 11.688245460391 0 0
"restofworld" 0 0 0 0 0 0 1885.24174690247 186.533153057098 5027.76575088501 43999.9771118164 3261.71731948853 385.098159313202 26.0684471577406 322.546869516373 824.586272239685 17.7077911794186 0 0
"russia" 0 0 0 0 0 0 0 289.995431900024 24775.6996154785 7470.29209136963 234.960615634918 0 616.585731506348 2165.81749916077 7904.56533432007 0 0 0
"mena" -202.376425266266 0 0 0 0 0 -150.933265686035 -946.455121040344 1008.80885124207 2892.49968528748 331.610769033432 0 0 0 -0.438266026321799 0 0 0
"angola" 0 0 133.778989315033 2995.79095840454 3200.86479187012 0 0 0 1.54682225547731 441.124886274338 0 0 0 0 0 0 0 0
"drc" 0 0 0 0 3615.72480201721 4681.93674087524 0 0 0 0 0 0 0 0 0 0 0 0
"nafr" 8.5588563233614 0 0 0 0 0 83.1457227468491 90.9038931131363 13.9591936022043 5.18886651843786 0 0 0 0 0 0 0 0
"wafr" 0 0 649.39296245575 4288.93375396729 2432.99031257629 1424.44658279419 0 0 0 0 0 0 0 0 0 0 0 0
"cafr" 0 5.0010266713798 0 398.211985826492 2482.95497894287 6388.02814483643 0 0 0 0 0 0 0 0 0 0 0 0
"eafr" -0.0244368875428336 -4.01473790407181 34.3092232942581 1804.01563644409 962.862133979797 2226.17530822754 0 0 0 0 597.240447998047 958.525776863098 0 0 0 0 0 0
"safr" 0 0 -917.745649814606 -204.385086894035 1.14433688577265 132.616609334946 0 0.00831106262921821 -27.3150391876698 169.519156217575 55.7852983474731 0 0 0 0 0 0 0
"ivorycoast" 0 0 0 -1300.82368850708 -3004.98485565186 -6093.33276748657 0 0 0 0 0 0 0 0 0 0 0 0
"ghana" 0 0 0 30.7424254715443 1216.62938594818 1707.78775215149 0 0 0 0 0 0 0 0 0 0 0 0
"nigeria" 0 0 0 61.0565133392811 1987.36524581909 1457.10527896881 0 0 0 0 0 0 0 0 0 0 0 0
"mozambique" 0 0 1277.55427360535 4015.2702331543 1856.80592060089 0 0 0 0 0 0 0 0 0 0 0 0 0
