"argentina" 0 0 0 0 0 0 1351.30524635315 4024.46126937866 4147.22156524658 4234.49039459229 0 7795.16935348511 46.133391559124 265.420347452164 269.312918186188 0 0 0
"bolivia" 0 0 38.4140610694885 -233.292490243912 -613.9155626297 -1156.28802776337 0 0 -38.09704631567 -53.2984398305416 -20.1725289225578 -38.3977442979813 0 0 0 0 0 0
"brasil" 0 0 0 -11357.4247360229 -97542.6483154297 53767.4713134766 0 0 0 0 0 3899.58333969116 0 0 0 0 0 0
"oceania" 0 0 0 27.4381153285503 -45.2279821038246 -1083.30345153809 0 0 8.617146871984 81.1670646071434 -21.0913717746735 -127.901464700699 0 0 0 0 0 0
"newzealand" 0 0 0 0 0 0 0 0 0 0 150.296837091446 567.902565002441 0 0 0 293.255686759949 0 0
"china" 0 0 0 0 186.723649501801 190.097346901894 8.20141471922398 21.4605107903481 2561.33651733398 3809.95225906372 3741.55235290527 6270.51162719727 15.9325990825891 1.97254843078554 674.206852912903 0 0 0
"japan" 0 0 0 0 0 0 0 0 23.6108731478453 328.663170337677 253.788232803345 191.557854413986 0 0 6.09353464096785 0 0 0
"korea" 0 0 0 0 0 0 0 0 0 26.3984967023134 50.8183762431145 0 0 0 0 0 0 0
"indonesia" 0 0 0 -18.7488198280334 -20.6616707146168 -216.400533914566 0 0 0 0 0 0 0 0 0 0 0 0
"madagascar" 0 0 0 445.314347743988 193.872720003128 2990.66781997681 0 0 0 0 0 0 0 0 0 0 0 0
"eastasia" 0 0 0 0 0 19.422885030508 0 0 220.524162054062 1983.46590995789 438.979685306549 0 0 22.455882281065 162.160441279411 0 0 0
"seasia" 0 0 0 4009.80472564697 6323.64225387573 4849.98941421509 0 0 0 0 38.3865237236023 1308.00890922546 0 0 0 0 0 0
"malasya" 0 0 0 0 0 -535.447239875793 0 0 0 0 0 0 0 0 0 0 0 0
"myanmar" 0 0 0 943.202495574951 1401.48782730103 137.359857559204 0 0 0 0 278.18688750267 252.57083773613 0 0 0 0 0 0
"southasia" 0 0 0 512.832999229431 2449.20778274536 188.697636127472 0 0.0356712407665327 0.501534552313387 399.90970492363 23.0467654764652 0 0 0 0 0 0 0
"india" 0 215.728253126144 4225.73184967041 7117.35439300537 1431.11038208008 401.368319988251 0 395.167887210846 1154.72400188446 201.348885893822 137.373179197311 556.827306747437 0 0 0 0 0 0
"canada" 0 0 0 0 0 0 0 -1178.39443683624 76645.2941894531 28019.1898345947 58.046281337738 0 0 164.300203323364 2273.07724952698 0.56006817612797 0 0
"us" 0 0 0 0 0 0 40.017407387495 -1945.23513317108 -1116.44351482391 9364.56298828125 6949.15294647217 5546.51260375977 27.7194902300835 211.842998862267 10.7669420540333 0 0 0
"mexico" 0 2233.73293876648 9991.23382568359 8017.22717285156 5019.38390731812 4519.98996734619 390.580773353577 1765.85590839386 8994.05860900879 5812.75510787964 1578.35984230042 123.427614569664 0 0 0 0 0 0
"colombia" 0 0 0 0.347634893842041 -1.40521093271673 -529.534816741943 0 0 0 0 0.0313285563606769 -88.1459265947342 0 0 0 0 0 0
"latinamer" 0 82.1532383561134 98.6618027091026 724.978029727936 979.957342147827 6527.82726287842 42.7486039698124 159.18605029583 223.485976457596 182.341203093529 382.218778133392 1653.18608283997 3.42177739366889 125.028133392334 537.738978862762 1173.24268817902 90.3680995106697 0
"paraguay" 0 0 0 0 0 -2538.78784179688 0 0 0 0 0 21.9884961843491 0 0 0 0 0 0
"peru" 8.06487444788218 28.394790366292 26.2271240353584 5.82262594252825 52.2007122635841 627.288341522217 23.5963650047779 22.7419100701809 28.4676477313042 39.6792516112328 241.651520133018 1084.22327041626 0 0 0 0 0 0
"uruguay" 0 0 0 0 0 0 0 0 0 0 0 944.989860057831 0 0 0 0 0 0
"venezuela" 0 0.0730692117940634 0 5.4707988165319 11.8673797696829 101.778209209442 0 0 0 0 0 0 0 0 0 0 0 0
"eu27" 0 0 0 0 0 0 0 0 -18661.6249084473 -258848.175048828 -56570.5795288086 -11121.8881607056 0 -622.407078742981 -9491.41216278076 -319.403409957886 0 0
"uk" 0 0 0 0 0 0 0 0 0 3198.68135452271 5558.14123153687 579.078137874603 0 0 0 166.811034083366 0 0
"efta" 0 0 0 0 0 0 0 0 0 558.996677398682 0 0 0 694.91308927536 378.332614898682 11.7341475561261 0 0
"restofworld" 0 0 0 0 0 0 1980.38589954376 192.077785730362 4834.32960510254 40969.3450927734 3099.17497634888 359.701991081238 26.5904571861029 324.014216661453 779.923439025879 17.561286687851 0 0
"russia" 0 0 0 0 0 0 0 238.832488656044 20449.3808746338 6083.76550674438 173.420280218124 0 284.407556056976 565.082848072052 -167.042851448059 0 0 0
"mena" -50.9815104305744 0 0 0 0 0 -63.747227191925 -304.866850376129 1613.08240890503 2174.55005645752 234.856903553009 0 0 0 1.23238633386791 0 0 0
"angola" 0 0 201.256662607193 4613.16585540771 4907.40585327148 0 0 0 1.51435018051416 691.193342208862 0 0 0 0 0 0 0 0
"drc" 0 0 0 0 3633.22639465332 4676.05781555176 0 0 0 0 0 0 0 0 0 0 0 0
"nafr" 8.35822150111198 0 0 0 0 0 118.396937847137 113.620489835739 14.4322328269482 5.45442802831531 0 0 0 0 0 0 0 0
"wafr" 0 0 681.066393852234 4186.66696548462 2349.72476959229 1157.58061408997 0 0 0 0 0 0 0 0 0 0 0 0
"cafr" 0 5.24454889819026 0 437.200367450714 2591.74776077271 6699.91970062256 0 0 0 0 0 0 0 0 0 0 0 0
"eafr" 0.108534964965656 0.6856195977889 46.8110293149948 1615.23580551147 816.838920116425 1910.51256656647 0 0 0 0 509.738683700562 849.907338619232 0 0 0 0 0 0
"safr" 0 0 -367.631435394287 135.913148522377 1.78655295167118 124.963119626045 0 0.017907779692905 9.79061890393496 196.166813373566 100.695498287678 0 0 0 0 0 0 0
"ivorycoast" 0 0 0 -1385.1101398468 -3208.65917205811 -6529.8867225647 0 0 0 0 0 0 0 0 0 0 0 0
"ghana" 0 0 0 28.2748639583588 1153.84614467621 1636.87825202942 0 0 0 0 0 0 0 0 0 0 0 0
"nigeria" 0 0 0 51.883764564991 1851.59277915955 1361.69373989105 0 0 0 0 0 0 0 0 0 0 0 0
"mozambique" 0 0 1026.16333961487 2908.41817855835 1196.04325294495 0 0 0 0 0 0 0 0 0 0 0 0 0
