"argentina" 0 0 0 0 0 0 -1772.02868461609 -5112.58506774902 -5683.98332595825 -3970.9370136261 0 -6681.27918243408 -40.223415941 -266.933679580688 -310.619622468948 0 0 0
"bolivia" 0 0 648.240268230438 -3125.73432922363 -8634.86862182617 -14975.1377105713 0 0 -510.645031929016 -520.722389221191 -218.646317720413 -388.393729925156 0 0 0 0 0 0
"brasil" 0 0 0 -5550.93860626221 -37857.7499389648 5443.50624084473 0 0 0 0 0 -943.264365196228 0 0 0 0 0 0
"oceania" 0 0 0 23.7516444176435 277.359962463379 2363.15727233887 0 0 23.8262787461281 794.659912586212 1410.2029800415 3954.55169677734 0 0 0 0 0 0
"newzealand" 0 0 0 0 0 0 0 0 0 0 440.664231777191 1416.06557369232 0 0 0 170.385986566544 0 0
"china" 0 0 0 0 -175.305381417274 -317.645192146301 6.38294406235218 -8.3791445940733 -590.385675430298 -5538.47408294678 -9391.91055297852 -6342.72623062134 -7.12758582085371 0.816326995845884 -1280.18832206726 0 0 0
"japan" 0 0 0 0 0 0 0 0 194.218710064888 2661.7534160614 2053.42388153076 1568.54629516602 0 0 47.5146509706974 0 0 0
"korea" 0 0 0 0 0 0 0 0 0 92.8728133440018 183.983623981476 0 0 0 0 0 0 0
"indonesia" 0 0 0 9.99530218541622 81.1854600906372 7850.48151016235 0 0 0 0 0 0 0 0 0 0 0 0
"madagascar" 0 0 0 -444.576174020767 -258.992046117783 -3764.42694664001 0 0 0 0 0 0 0 0 0 0 0 0
"eastasia" 0 0 0 0 0 -24.9367505311966 0 0 1937.21163272858 23306.2057495117 4895.20645141602 0 0 -261.187613010406 -142.087623476982 0 0 0
"seasia" 0 0 0 14059.5216751099 21646.26121521 20591.4421081543 0 0 0 0 83.0372199416161 4990.34881591797 0 0 0 0 0 0
"malasya" 0 0 0 0 0 1829.43880558014 0 0 0 0 0 0 0 0 0 0 0 0
"myanmar" 0 0 0 6398.08797836304 10856.7266464233 1311.96641921997 0 0 0 0 2269.88649368286 2081.54201507568 0 0 0 0 0 0
"southasia" 0 0 0 2274.95646476746 11242.0263290405 624.230146408081 0 -1.55581242870539 2.32844101265073 2670.10474205017 136.326640844345 0 0 0 0 0 0 0
"india" 0 787.30833530426 15859.24243927 23992.0711517334 4489.52054977417 1273.89430999756 0 1786.23175621033 4717.49544143677 724.401116371155 396.209686994553 1664.7082567215 0 0 0 0 0 0
"canada" 0 0 0 0 0 0 0 -8912.65392303467 1126317.62695312 345531.158447266 844.114243984222 0 0 2324.39231872559 36684.2803955078 8.2387663424015 0 0
"us" 0 0 0 0 0 0 -6377.4471282959 -37637.4015808105 -23880.2852630615 68138.4963989258 34860.5766296387 6899.6319770813 120.273254811764 617.465972900391 53.2086677849293 0 0 0
"mexico" 0 -2290.16089439392 -5110.426902771 903.006613254547 6428.01284790039 1751.10650062561 -225.11088848114 -859.022498130798 311.643779277802 1671.03052139282 1052.88743972778 1230.74567317963 0 0 0 0 0 0
"colombia" 0 0 0 -3.95313603803515 -211.278572678566 -14811.7933273315 0 0 0 0 -2.57577397860587 -1769.70291137695 0 0 0 0 0 0
"latinamer" 0 348.864197731018 -367.267638444901 -412.840485572815 -2385.38861274719 8820.22285461426 -1206.33816719055 -1706.3535451889 -2219.44856643677 -2521.98696136475 -290.545701980591 2406.69441223145 3.917814232409 -88.7340679764748 122.885644435883 2707.77225494385 -285.614490509033 0
"paraguay" 0 0 0 0 0 236386.55090332 0 0 0 0 0 293316.772460938 0 0 0 0 0 0
"peru" 12879.4355392456 32413.875579834 7802.20031738281 415.572822093964 17559.5302581787 611159.729003906 66539.1387939453 51193.4204101562 13490.1752471924 21358.2534790039 80214.6453857422 251364.929199219 0 0 0 0 0 0
"uruguay" 0 0 0 0 0 0 0 0 0 0 0 1633.50594043732 0 0 0 0 0 0
"venezuela" 0 -0.7730393554084 0 -215.309679508209 -1099.45201873779 -2803.2386302948 0 0 0 0 0 0 0 0 0 0 0 0
"eu27" 0 0 0 0 0 0 0 0 -6764.60218429565 -91776.6189575195 -21818.717956543 -4538.41304779053 0 446.5052485466 -3447.57962226868 -100.624650716782 0 0
"uk" 0 0 0 0 0 0 0 0 0 2813.32015991211 1426.42521858215 487.993031740189 0 0 0 172.78265953064 0 0
"efta" 0 0 0 0 0 0 0 0 0 1404.68609333038 0 0 0 425.972133874893 578.369200229645 2.95084808021784 0 0
"restofworld" 0 0 0 0 0 0 -1158.5488319397 -32.3894843459129 4953.03440093994 64468.4600830078 3822.29590415955 545.488834381104 -0.63985853921622 66.4339736104012 999.632716178894 8.43139365315437 0 0
"russia" 0 0 0 0 0 0 0 695.084512233734 56049.0417480469 16405.4679870605 695.285141468048 0 3393.7783241272 16125.8316040039 80076.774597168 0 0 0
"mena" -2016.99423789978 0 0 0 0 0 -1218.46294403076 -7968.73331069946 -2772.40300178528 12437.9796981812 1538.30242156982 0 0 0 -15.0297023355961 0 0 0
"angola" 0 0 -252.916932106018 -5769.8073387146 -6080.93309402466 0 0 0 -2.56849988363683 -888.980686664581 0 0 0 0 0 0 0 0
"drc" 0 0 0 0 -473.922610282898 659.637153148651 0 0 0 0 0 0 0 0 0 0 0 0
"nafr" 7.14288651943207 0 0 0 0 0 -573.270916938782 -533.097684383392 -7.23470514640212 -6.24895701184869 0 0 0 0 0 0 0 0
"wafr" 0 0 25.2810977399349 2096.90999984741 1061.10429763794 3049.34239387512 0 0 0 0 0 0 0 0 0 0 0 0
"cafr" 0 1.7340590711683 0 -36.4830605685711 -352.436482906342 -2083.33539962769 0 0 0 0 0 0 0 0 0 0 0 0
"eafr" -1.3931771973148 -63.2856339216232 -279.380768537521 -438.945591449738 619.250953197479 3741.41263961792 0 0 0 0 1063.7172460556 1704.40995693207 0 0 0 0 0 0
"safr" 0 0 -9230.99422454834 -6863.28792572021 -9.62909124791622 392.568081617355 0 -0.185436409083195 -760.375499725342 -211.382925510406 -896.640598773956 0 0 0 0 0 0 0
"ivorycoast" 0 0 0 -1586.22193336487 -3588.96040916443 -7404.52527999878 0 0 0 0 0 0 0 0 0 0 0 0
"ghana" 0 0 0 3.88066773302853 1141.69692993164 2652.82249450684 0 0 0 0 0 0 0 0 0 0 0 0
"nigeria" 0 0 0 50.3997504711151 3057.85131454468 2387.94255256653 0 0 0 0 0 0 0 0 0 0 0 0
"mozambique" 0 0 -1271.23975753784 -4788.88893127441 -2641.69192314148 0 0 0 0 0 0 0 0 0 0 0 0 0
