"argentina" 0 0 0 0 0 0 -1361.3668680191 -3931.64229393005 -3823.07410240173 -2592.50831604004 0 -3407.59468078613 -38.0301922559738 -228.043466806412 -246.407300233841 0 0 0
"bolivia" 0 0 570.804536342621 -3943.47977638245 -10942.9531097412 -17057.0621490479 0 0 -454.951524734497 -499.742388725281 -189.412817358971 -338.462829589844 0 0 0 0 0 0
"brasil" 0 0 0 472.004354000092 58939.6438598633 -4361.21129989624 0 0 0 0 0 1324.62310791016 0 0 0 0 0 0
"oceania" 0 0 0 -14.2995836213231 45.1117716729641 -265.986323356628 0 0 -0.942604034207761 81.3620164990425 238.844037055969 717.887759208679 0 0 0 0 0 0
"newzealand" 0 0 0 0 0 0 0 0 0 0 -648.171603679657 -1944.36001777649 0 0 0 -16.5815316140652 0 0
"china" 0 0 0 0 -246.490299701691 -195.101767778397 -11.1424997448921 -19.2789174616337 -3161.74674034119 -2408.13612937927 -599.669337272644 -6671.26941680908 -44.3830564618111 -1.87527597881854 -165.885582566261 0 0 0
"japan" 0 0 0 0 0 0 0 0 14.0660628676414 192.56979227066 96.6209173202515 96.2622091174126 0 0 6.43884623423219 0 0 0
"korea" 0 0 0 0 0 0 0 0 0 63.4979978203773 123.309671878815 0 0 0 0 0 0 0
"indonesia" 0 0 0 20.1025735586882 -87.2858911752701 -10652.9779434204 0 0 0 0 0 0 0 0 0 0 0 0
"madagascar" 0 0 0 539.560735225677 355.400115251541 3733.01100730896 0 0 0 0 0 0 0 0 0 0 0 0
"eastasia" 0 0 0 0 0 -31.808003783226 0 0 784.531116485596 8711.15970611572 1734.67934131622 0 0 -122.076734900475 -100.105039775372 0 0 0
"seasia" 0 0 0 4958.05215835571 8123.80504608154 9426.97334289551 0 0 0 0 11.9263445958495 2153.08713912964 0 0 0 0 0 0
"malasya" 0 0 0 0 0 -1565.21940231323 0 0 0 0 0 0 0 0 0 0 0 0
"myanmar" 0 0 0 2721.22812271118 4498.86035919189 529.208242893219 0 0 0 0 938.368916511536 856.000125408173 0 0 0 0 0 0
"southasia" 0 0 0 194.540902972221 1381.85262680054 -279.307156801224 0 -1.07481866143644 0.696497794706374 836.215317249298 41.7436324059963 0 0 0 0 0 0 0
"india" 0 117.518663406372 3400.1841545105 3987.77985572815 11.0997557640076 -19.3090811371803 0 253.740459680557 1558.17723274231 224.425077438354 -46.7731729149818 -131.955415010452 0 0 0 0 0 0
"canada" 0 0 0 0 0 0 0 10060.3551864624 562440.490722656 171411.376953125 488.587617874146 0 0 1028.11193466187 19441.8048858643 0.0840112625155598 0 0
"us" 0 0 0 0 0 0 -5926.62811279297 -16072.322845459 -24301.5575408936 30625.4787445068 14181.4460754395 4374.01866912842 65.6521767377853 84.8063677549362 17.4057632684708 0 0 0
"mexico" 0 -2465.38662910461 -5797.65701293945 276.222169399261 5628.0460357666 1527.67217159271 -306.39922618866 -1000.21350383759 -87.058037519455 497.551500797272 604.970932006836 945.704579353333 0 0 0 0 0 0
"colombia" 0 0 0 2839.39456939697 44247.0436096191 2159278.07617188 0 0 0 0 3418.01881790161 194913.009643555 0 0 0 0 0 0
"latinamer" 0 171.578884124756 -698.487162590027 -2122.44462966919 -4150.73299407959 -335.041105747223 -1645.7142829895 -2646.73781394958 -3420.44305801392 -3495.70441246033 -947.976648807526 -1279.26743030548 -5.49530191347003 -486.339449882507 -1436.79821491241 -8.1062950193882 -617.510080337524 0
"paraguay" 0 0 0 0 0 176.364585757256 0 0 0 0 0 512.00795173645 0 0 0 0 0 0
"peru" 12740.0827407837 33377.4299621582 7269.2608833313 340.62260389328 17508.4476470947 610717.468261719 65811.3021850586 53113.452911377 13412.220954895 21235.5766296387 79788.1393432617 250276.092529297 0 0 0 0 0 0
"uruguay" 0 0 0 0 0 0 0 0 0 0 0 44.3731285631657 0 0 0 0 0 0
"venezuela" 0 -0.731470063328743 0 -138.13579082489 -764.135003089905 -2118.51787567139 0 0 0 0 0 0 0 0 0 0 0 0
"eu27" 0 0 0 0 0 0 0 0 -9121.72985076904 -123103.912353516 -29128.9043426514 -6204.57077026367 0 1079.27989959717 -4773.08988571167 -127.239137887955 0 0
"uk" 0 0 0 0 0 0 0 0 0 2807.33108520508 1351.9299030304 485.113888978958 0 0 0 175.023511052132 0 0
"efta" 0 0 0 0 0 0 0 0 0 777.182996273041 0 0 0 374.892979860306 359.30335521698 4.91190142929554 0 0
"restofworld" 0 0 0 0 0 0 -451.851040124893 15.217793174088 4136.390209198 49130.7678222656 3106.56666755676 420.621305704117 4.18219482526183 102.275513112545 790.066659450531 9.80436988174915 0 0
"russia" 0 0 0 0 0 0 0 421.924024820328 31416.9807434082 8322.88932800293 387.604087591171 0 1862.36536502838 8946.26617431641 44676.5403747559 0 0 0
"mena" -674.736320972443 0 0 0 0 0 -487.715780735016 -2470.1669216156 5572.03102111816 9051.28860473633 1028.64027023315 0 0 0 6.61566201597452 0 0 0
"angola" 0 0 -277.844488620758 -6394.08349990845 -6760.43748855591 0 0 0 -2.06182617694139 -976.478040218353 0 0 0 0 0 0 0 0
"drc" 0 0 0 0 -4487.44201660156 -4118.39962005615 0 0 0 0 0 0 0 0 0 0 0 0
"nafr" 8.55168420821428 0 0 0 0 0 -433.225601911545 -358.476877212524 4.02160827070475 -1.66188192088157 0 0 0 0 0 0 0 0
"wafr" 0 0 229.087367653847 2346.10319137573 1536.4089012146 1894.60861682892 0 0 0 0 0 0 0 0 0 0 0 0
"cafr" 0 -1.2372963828966 0 -291.364163160324 -1205.16896247864 -3972.91445732117 0 0 0 0 0 0 0 0 0 0 0 0
"eafr" 1.76371191628277 93.2787880301476 535.439252853394 3921.35572433472 558.473825454712 -3052.08730697632 0 0 0 0 -937.120914459229 -1806.41210079193 0 0 0 0 0 0
"safr" 0 0 -5365.67258834839 -5475.52871704102 -8.94164200872183 319.875329732895 0 -0.167953476193361 -583.77480506897 -184.000238776207 -847.568452358246 0 0 0 0 0 0 0
"ivorycoast" 0 0 0 3122.86233901978 -42593.8606262207 327005.37109375 0 0 0 0 0 0 0 0 0 0 0 0
"ghana" 0 0 0 5069.81706619263 360154.78515625 -11745.9125518799 0 0 0 0 0 0 0 0 0 0 0 0
"nigeria" 0 0 0 -10.8039835467935 1005.13875484467 895.720839500427 0 0 0 0 0 0 0 0 0 0 0 0
"mozambique" 0 0 -622.828960418701 -2073.16875457764 -1067.60120391846 0 0 0 0 0 0 0 0 0 0 0 0 0
