"argentina" 0 0 0 0 0 0 -1964.21217918396 -5669.90327835083 -6252.32648849487 -5137.76588439941 0 -9036.83567047119 -43.9132526516914 -291.637361049652 -340.092182159424 0 0 0
"bolivia" 0 0 575.634181499481 -2878.2856464386 -7980.54122924805 -13838.5715484619 0 0 -472.084939479828 -479.28848862648 -205.187112092972 -364.011943340302 0 0 0 0 0 0
"brasil" 0 0 0 -6568.27688217163 -41532.1502685547 5869.10438537598 0 0 0 0 0 -871.177315711975 0 0 0 0 0 0
"oceania" 0 0 0 -4.19637141749263 129.91563975811 1411.55660152435 0 0 5.73333539068699 287.79011964798 571.76661491394 1619.94290351868 0 0 0 0 0 0
"newzealand" 0 0 0 0 0 0 0 0 0 0 -222.779780626297 -614.938616752625 0 0 0 133.853033185005 0 0
"china" 0 0 0 0 -282.799243927002 -159.420654177666 -11.6186616942286 -20.7231305539608 -3746.08039855957 -1025.36606788635 2683.61830711365 -7221.83275222778 -45.9812469780445 -2.02341331169009 307.879060506821 0 0 0
"japan" 0 0 0 0 0 0 0 0 140.860259532928 1916.77021980286 1527.02450752258 1164.85118865967 0 0 31.4607471227646 0 0 0
"korea" 0 0 0 0 0 0 0 0 0 74.9770179390907 145.034328103065 0 0 0 0 0 0 0
"indonesia" 0 0 0 -60.885164886713 -26.4116283506155 5610.42881011963 0 0 0 0 0 0 0 0 0 0 0 0
"madagascar" 0 0 0 93.7374606728554 34.1106876730919 -197.124570608139 0 0 0 0 0 0 0 0 0 0 0 0
"eastasia" 0 0 0 0 0 -35.493865609169 0 0 1251.56784057617 15834.9390029907 3306.83350563049 0 0 -216.917097568512 -259.392201900482 0 0 0
"seasia" 0 0 0 8728.6491394043 12426.7473220825 12143.6948776245 0 0 0 0 35.4057885706425 2994.34161186218 0 0 0 0 0 0
"malasya" 0 0 0 0 0 1761.09194755554 0 0 0 0 0 0 0 0 0 0 0 0
"myanmar" 0 0 0 2648.94413948059 4576.31731033325 537.62948513031 0 0 0 0 956.839025020599 872.097313404083 0 0 0 0 0 0
"southasia" 0 0 0 1506.93094730377 7548.51102828979 365.350723266602 0 -1.24351785052568 1.46128586493433 1850.26729106903 93.6232283711433 0 0 0 0 0 0 0
"india" 0 532.411217689514 11596.8961715698 18159.6908569336 3291.42713546753 936.792433261871 0 1353.96301746368 3874.71032142639 579.514920711517 279.023766517639 1212.57197856903 0 0 0 0 0 0
"canada" 0 0 0 0 0 0 0 -6800.75740814209 824468.811035156 254467.529296875 642.520189285278 0 0 1669.56448554993 26745.3365325928 4.3654958717525 0 0
"us" 0 0 0 0 0 0 -4977.40268707275 -33616.8785095215 -21943.2830810547 43165.1077270508 22546.947479248 5671.41723632812 70.2297315001488 235.459119081497 36.4236123859882 0 0 0
"mexico" 0 -2084.62619781494 -4534.39092636108 1057.98029899597 6065.7639503479 1703.63616943359 -227.801948785782 -830.360114574432 575.19394159317 1610.06104946136 990.113973617554 1122.03562259674 0 0 0 0 0 0
"colombia" 0 0 0 -3.40528041124344 -180.091321468353 -12688.193321228 0 0 0 0 -2.20867455936968 -1525.70283412933 0 0 0 0 0 0
"latinamer" 0 285.862654447556 -320.65349817276 -436.719447374344 -2146.44241333008 6598.74963760376 -1020.55621147156 -1452.38435268402 -1891.39449596405 -2139.05310630798 -286.850839853287 1858.2558631897 3.02630895748734 -84.0801298618317 62.772661447525 2197.79372215271 -246.973022818565 0
"paraguay" 0 0 0 0 0 236447.113037109 0 0 0 0 0 293520.782470703 0 0 0 0 0 0
"peru" 12870.4357147217 32430.591583252 7785.3102684021 413.14309835434 17553.7376403809 611109.497070312 66491.3787841797 51227.9167175293 13481.3194274902 21344.3183898926 80166.2292480469 251241.302490234 0 0 0 0 0 0
"uruguay" 0 0 0 0 0 0 0 0 0 0 0 224.201232194901 0 0 0 0 0 0
"venezuela" 0 -0.734990462660789 0 -198.474004864693 -1023.19240570068 -2611.30094528198 0 0 0 0 0 0 0 0 0 0 0 0
"eu27" 0 0 0 0 0 0 0 0 -8305.64022064209 -109428.756713867 -27556.2057495117 -5578.72819900513 0 262.926161289215 -4018.81408691406 -139.259606599808 0 0
"uk" 0 0 0 0 0 0 0 0 0 2722.68319129944 1419.24607753754 472.3100066185 0 0 0 167.050391435623 0 0
"efta" 0 0 0 0 0 0 0 0 0 1320.54162025452 0 0 0 440.653055906296 555.598437786102 3.60685330815613 0 0
"restofworld" 0 0 0 0 0 0 -878.547310829163 -17.3223800957203 4323.35376739502 54966.8960571289 3306.24866485596 466.034531593323 0.984218320809305 71.2141692638397 861.904501914978 7.80692743137479 0 0
"russia" 0 0 0 0 0 0 0 521.461188793182 40866.7373657227 11555.2453994751 521.537065505981 0 2644.10376548767 12748.7888336182 63935.4476928711 0 0 0
"mena" -1931.07187747955 0 0 0 0 0 -1123.84653091431 -7403.08666229248 -3570.92237472534 10560.6250762939 1319.16737556458 0 0 0 -15.6536549329758 0 0 0
"angola" 0 0 -230.276435613632 -5235.17417907715 -5516.16430282593 0 0 0 -2.48381705023348 -805.889189243317 0 0 0 0 0 0 0 0
"drc" 0 0 0 0 -1009.39762592316 484.899938106537 0 0 0 0 0 0 0 0 0 0 0 0
"nafr" 7.3464815504849 0 0 0 0 0 -487.181007862091 -449.985593557358 -4.18951734900475 -4.6565025113523 0 0 0 0 0 0 0 0
"wafr" 0 0 -158.974468708038 -369.245946407318 -576.461493968964 1659.91222858429 0 0 0 0 0 0 0 0 0 0 0 0
"cafr" 0 1.16746732965112 0 -44.3955920636654 -855.707347393036 -3486.46187782288 0 0 0 0 0 0 0 0 0 0 0 0
"eafr" 0.388143816962838 22.2015883773565 124.293178319931 829.678952693939 -28.2474905252457 -1211.4018201828 0 0 0 0 -371.530592441559 -612.180054187775 0 0 0 0 0 0
"safr" 0 0 -7919.32010650635 -5864.32218551636 -8.41241516172886 348.019123077393 0 -0.161098723765463 -646.912813186646 -171.676680445671 -760.285198688507 0 0 0 0 0 0 0
"ivorycoast" 0 0 0 -1498.93856048584 -3410.67552566528 -7147.89772033691 0 0 0 0 0 0 0 0 0 0 0 0
"ghana" 0 0 0 -7.0859151892364 766.626954078674 2153.23543548584 0 0 0 0 0 0 0 0 0 0 0 0
"nigeria" 0 0 0 61.0980577766895 2761.82866096497 2111.10138893127 0 0 0 0 0 0 0 0 0 0 0 0
"mozambique" 0 0 -796.014547348022 -2421.49925231934 -1132.46631622314 0 0 0 0 0 0 0 0 0 0 0 0 0
