"argentina" 0 0 0 0 0 0 -1946.12503051758 -5861.88077926636 -6458.60862731934 -5458.38737487793 0 -9745.85056304932 -75.7999494671822 -427.041709423065 -420.988708734512 0 0 0
"bolivia" 0 0 398.264646530151 -2557.93523788452 -7183.4545135498 -12279.6144485474 0 0 -403.531491756439 -415.105134248734 -187.509134411812 -332.185953855515 0 0 0 0 0 0
"brasil" 0 0 0 -6238.46530914307 -10981.4128875732 -10437.0174407959 0 0 0 0 0 -1644.95372772217 0 0 0 0 0 0
"oceania" 0 0 0 -20.3077513724566 78.2226324081421 872.118413448334 0 0 -2.42900685407221 82.0106342434883 270.293623209 813.478708267212 0 0 0 0 0 0
"newzealand" 0 0 0 0 0 0 0 0 0 0 -604.816257953644 -1843.18172931671 0 0 0 -52.6066012680531 0 0
"china" 0 0 0 0 -433.900386095047 -335.626184940338 -18.3393470942974 -35.056296736002 -5497.75695800781 -4319.29731369019 -1171.79906368256 -12216.3562774658 -59.9670261144638 -3.1069575343281 -300.351619720459 0 0 0
"japan" 0 0 0 0 0 0 0 0 107.870452105999 1455.77692985535 1190.77706336975 910.662889480591 0 0 22.0718327909708 0 0 0
"korea" 0 0 0 0 0 0 0 0 0 63.9014765620232 122.564196586609 0 0 0 0 0 0 0
"indonesia" 0 0 0 -52.7677461504936 -104.291997849941 -3568.56226921082 0 0 0 0 0 0 0 0 0 0 0 0
"madagascar" 0 0 0 -366.025239229202 -157.571345567703 -3172.92523384094 0 0 0 0 0 0 0 0 0 0 0 0
"eastasia" 0 0 0 0 0 -45.8027198910713 0 0 1066.25390052795 13746.3760375977 2838.1552696228 0 0 -214.469149708748 -321.155041456223 0 0 0
"seasia" 0 0 0 6554.42380905151 8577.23522186279 9958.32920074463 0 0 0 0 -4.41933423280716 2414.18886184692 0 0 0 0 0 0
"malasya" 0 0 0 0 0 143.831968307495 0 0 0 0 0 0 0 0 0 0 0 0
"myanmar" 0 0 0 2318.27616691589 4029.51765060425 482.36933350563 0 0 0 0 842.707216739655 777.354657649994 0 0 0 0 0 0
"southasia" 0 0 0 1713.87827396393 8533.99276733398 369.488835334778 0 -1.36410957202315 2.28492077440023 2244.55714225769 117.198459804058 0 0 0 0 0 0 0
"india" 0 506.902277469635 9876.04713439941 14163.0764007568 2339.90812301636 639.35124874115 0 979.726672172546 2813.70973587036 452.157884836197 208.800956606865 788.678586483002 0 0 0 0 0 0
"canada" 0 0 0 0 0 0 0 -4513.11779022217 728328.186035156 222786.605834961 577.809870243073 0 0 1428.19821834564 23412.8246307373 2.72288802079856 0 0
"us" 0 0 0 0 0 0 -6342.35811233521 -34494.5487976074 -22878.9920806885 33201.1642456055 15968.9893722534 -1279.46209907532 45.761663466692 21.225219592452 26.0286945849657 0 0 0
"mexico" 0 -2090.22998809814 -4466.72439575195 972.828507423401 5715.42453765869 1624.48263168335 -247.343972325325 -851.872265338898 532.561659812927 1302.25992202759 856.483459472656 1010.04791259766 0 0 0 0 0 0
"colombia" 0 0 0 -3.93982185050845 -155.667513608932 -10037.7073287964 0 0 0 0 -2.09375866688788 -1185.24575233459 0 0 0 0 0 0
"latinamer" 0 219.303652644157 -415.984004735947 -1007.36629962921 -2778.52511405945 2568.8591003418 -1108.45303535461 -1671.7301607132 -2181.43725395203 -2359.44557189941 -526.096999645233 553.760945796967 -0.0429177889600396 -205.215334892273 -434.128224849701 1228.67238521576 -341.697841882706 0
"paraguay" 0 0 0 0 0 235178.497314453 0 0 0 0 0 291518.371582031 0 0 0 0 0 0
"peru" 12769.4787979126 32589.469909668 7588.08660507202 384.667694568634 17443.9353942871 610162.231445312 65943.8934326172 51558.5479736328 13314.5380020142 21081.9034576416 79253.4027099609 248910.842895508 0 0 0 0 0 0
"uruguay" 0 0 0 0 0 0 0 0 0 0 0 -884.581685066223 0 0 0 0 0 0
"venezuela" 0 -0.720966781955212 0 -161.595314741135 -871.873497962952 -2287.26816177368 0 0 0 0 0 0 0 0 0 0 0 0
"eu27" 0 0 0 0 0 0 0 0 7377.06661224365 92433.3038330078 24585.4358673096 4359.96675491333 0 1056.17260932922 2957.46231079102 154.02002632618 0 0
"uk" 0 0 0 0 0 0 0 0 0 418.279737234116 -2672.19161987305 53.8543611764908 0 0 0 48.4958067536354 0 0
"efta" 0 0 0 0 0 0 0 0 0 606.12690448761 0 0 0 -127.824783325195 159.995898604393 -4.88835200667381 0 0
"restofworld" 0 0 0 0 0 0 -2406.9230556488 -160.84311902523 778.120636940002 25900.3467559814 1065.04511833191 210.760027170181 -19.0374366939068 -171.91244661808 305.525720119476 -4.98811062425375 0 0
"russia" 0 0 0 0 0 0 0 238.280192017555 16430.3340911865 3898.24986457825 277.442634105682 0 1896.1489200592 9841.48979187012 51799.3087768555 0 0 0
"mena" -1849.86340999603 0 0 0 0 0 -1023.60439300537 -6731.20403289795 -4639.94264602661 8219.56634521484 1046.35608196259 0 0 0 -15.6392864882946 0 0 0
"angola" 0 0 -391.628295183182 -8693.3536529541 -9146.71516418457 0 0 0 -6.05941563844681 -1333.34255218506 0 0 0 0 0 0 0 0
"drc" 0 0 0 0 -2865.10872840881 -2442.59262084961 0 0 0 0 0 0 0 0 0 0 0 0
"nafr" 1.52820174116641 0 0 0 0 0 -579.136729240417 -536.883950233459 -13.5429231449962 -8.43811687082052 0 0 0 0 0 0 0 0
"wafr" 0 0 -148.297071456909 12.7107203006744 27.9956161975861 1208.64689350128 0 0 0 0 0 0 0 0 0 0 0 0
"cafr" 0 -2.51203309744596 0 -406.205147504807 -2306.75458908081 -6981.03284835815 0 0 0 0 0 0 0 0 0 0 0 0
"eafr" -0.891543983016163 -40.6852997839451 -234.516993165016 -2186.49911880493 -532.947063446045 887.52418756485 0 0 0 0 272.017806768417 483.281224966049 0 0 0 0 0 0
"safr" 0 0 -7081.90298080444 -6294.77643966675 -11.3029517233372 220.302015542984 0 -0.182531657628715 -666.171193122864 -373.613744974136 -967.272400856018 0 0 0 0 0 0 0
"ivorycoast" 0 0 0 3182.5897693634 -41888.256072998 327479.248046875 0 0 0 0 0 0 0 0 0 0 0 0
"ghana" 0 0 0 -42.7427850663662 -642.274677753448 476.571917533875 0 0 0 0 0 0 0 0 0 0 0 0
"nigeria" 0 0 0 10.9248142689466 1308.52437019348 1083.18889141083 0 0 0 0 0 0 0 0 0 0 0 0
"mozambique" 0 0 -1475.45850276947 -4541.69940948486 -2122.52998352051 0 0 0 0 0 0 0 0 0 0 0 0 0
