"argentina" 0 0 0 0 0 0 -1813.26043605804 -5264.78433609009 -5821.08640670776 -4116.89519882202 0 -6922.75047302246 -45.8886660635471 -292.906999588013 -329.448640346527 0 0 0
"bolivia" 0 0 625.458657741547 -3099.56097602844 -8573.35662841797 -14875.0095367432 0 0 -506.664037704468 -517.856538295746 -218.504264950752 -387.55938410759 0 0 0 0 0 0
"brasil" 0 0 0 -6541.59069061279 -37127.2773742676 -2809.64493751526 0 0 0 0 0 -1851.05609893799 0 0 0 0 0 0
"oceania" 0 0 0 14.5217450335622 254.000633955002 2153.48219871521 0 0 19.3801131099463 690.129399299622 1262.93742656708 3562.04891204834 0 0 0 0 0 0
"newzealand" 0 0 0 0 0 0 0 0 0 0 137.400418519974 470.207422971725 0 0 0 103.846795856953 0 0
"china" 0 0 0 0 -235.571876168251 -388.874650001526 4.13397839292884 -14.3152764067054 -1290.71545600891 -6891.95585250854 -10991.4693832397 -8337.27359771729 -12.8364497795701 0.367821019608527 -1537.48571872711 0 0 0
"japan" 0 0 0 0 0 0 0 0 173.694342374802 2380.211353302 1832.74722099304 1403.21207046509 0 0 42.6406748592854 0 0 0
"korea" 0 0 0 0 0 0 0 0 0 88.4876921772957 175.300076603889 0 0 0 0 0 0 0
"indonesia" 0 0 0 7.60900694876909 53.1426519155502 5311.91253662109 0 0 0 0 0 0 0 0 0 0 0 0
"madagascar" 0 0 0 -421.363025903702 -234.15207862854 -3563.15660476685 0 0 0 0 0 0 0 0 0 0 0 0
"eastasia" 0 0 0 0 0 -31.1506930738688 0 0 1860.22329330444 22552.0725250244 4730.45444488525 0 0 -266.474306583405 -189.846277236938 0 0 0
"seasia" 0 0 0 13295.4149246216 20101.8524169922 19733.0150604248 0 0 0 0 65.4066130518913 4772.00651168823 0 0 0 0 0 0
"malasya" 0 0 0 0 0 936.839163303375 0 0 0 0 0 0 0 0 0 0 0 0
"myanmar" 0 0 0 6599.80249404907 11171.8187332153 1353.20270061493 0 0 0 0 2334.53154563904 2144.97494697571 0 0 0 0 0 0
"southasia" 0 0 0 1910.86256504059 9681.38599395752 462.523847818375 0 -1.78878090810031 1.7236351268366 2389.2023563385 120.772667229176 0 0 0 0 0 0 0
"india" 0 641.932368278503 14382.3795318604 21334.8999023438 3868.26038360596 1133.84735584259 0 1758.14485549927 4934.24415588379 696.712136268616 275.544255971909 1455.85632324219 0 0 0 0 0 0
"canada" 0 0 0 0 0 0 0 -7996.09088897705 1112090.20996094 341399.230957031 836.928486824036 0 0 2279.67977523804 36140.5830383301 7.75842322036624 0 0
"us" 0 0 0 0 0 0 -6493.02005767822 -37054.5082092285 -24468.2121276855 66059.0286254883 33146.3241577148 5881.37578964233 114.329159259796 556.809842586517 50.4162833094597 0 0 0
"mexico" 0 -2311.2781047821 -5173.44760894775 874.388337135315 6422.87445068359 1754.93288040161 -228.709071874619 -864.521205425262 287.212073802948 1614.51363563538 1032.58335590363 1220.93558311462 0 0 0 0 0 0
"colombia" 0 0 0 -4.57072770223022 -221.690505743027 -15115.9553527832 0 0 0 0 -2.7684245724231 -1790.06469249725 0 0 0 0 0 0
"latinamer" 0 330.037832260132 -451.545119285583 -865.513861179352 -3167.63305664062 5656.50129318237 -1318.76122951508 -1917.65093803406 -2501.77574157715 -2805.99617958069 -533.979654312134 1674.51405525208 2.42493045516312 -158.849716186523 -141.755983233452 2313.04526329041 -351.570069789886 0
"paraguay" 0 0 0 0 0 236366.622924805 0 0 0 0 0 293307.739257812 0 0 0 0 0 0
"peru" 12857.3398590088 32441.6618347168 7762.74967193604 410.114109516144 17541.1968231201 611001.037597656 66420.8679199219 51252.1209716797 13462.0981216431 21314.0830993652 80061.1572265625 250972.961425781 0 0 0 0 0 0
"uruguay" 0 0 0 0 0 0 0 0 0 0 0 1040.34280776978 0 0 0 0 0 0
"venezuela" 0 -0.834033242426813 0 -215.853676199913 -1121.55175209045 -2882.84015655518 0 0 0 0 0 0 0 0 0 0 0 0
"eu27" 0 0 0 0 0 0 0 0 -7563.3659362793 -101364.799499512 -24691.6999816895 -5088.37652206421 0 538.080334663391 -3825.8957862854 -113.741129636765 0 0
"uk" 0 0 0 0 0 0 0 0 0 2781.10575675964 1348.72698783875 481.82812333107 0 0 0 171.613156795502 0 0
"efta" 0 0 0 0 0 0 0 0 0 1273.19300174713 0 0 0 405.348837375641 529.585421085358 3.18981939926744 0 0
"restofworld" 0 0 0 0 0 0 -1155.50827980042 -32.1953445672989 4889.7876739502 63743.3280944824 3784.31582450867 539.586544036865 -0.639627920463681 65.4396340250969 988.389790058136 8.45402199774981 0 0
"russia" 0 0 0 0 0 0 0 651.155948638916 52283.8668823242 15182.0678710938 655.504286289215 0 3257.70282745361 15561.653137207 77529.7164916992 0 0 0
"mena" -2052.83737182617 0 0 0 0 0 -1218.5937166214 -7948.26221466064 -3003.7260055542 12111.9565963745 1502.04932689667 0 0 0 -15.2912829071283 0 0 0
"angola" 0 0 -345.465183258057 -7814.15987014771 -8235.70156097412 0 0 0 -4.09468403086066 -1201.38931274414 0 0 0 0 0 0 0 0
"drc" 0 0 0 0 -896.548211574554 92.2347605228424 0 0 0 0 0 0 0 0 0 0 0 0
"nafr" 7.04379472881556 0 0 0 0 0 -575.841546058655 -532.797336578369 -6.98568532243371 -6.19409279897809 0 0 0 0 0 0 0 0
"wafr" 0 0 -43.7772646546364 1730.1070690155 880.028784275055 3267.24147796631 0 0 0 0 0 0 0 0 0 0 0 0
"cafr" 0 0.531989673618227 0 -146.247506141663 -1055.03368377686 -3985.10837554932 0 0 0 0 0 0 0 0 0 0 0 0
"eafr" -1.39443785883486 -62.1836930513382 -280.471682548523 -712.099254131317 464.272290468216 3375.23770332336 0 0 0 0 958.028197288513 1517.7081823349 0 0 0 0 0 0
"safr" 0 0 -9285.04467010498 -7200.4542350769 -10.6876948848367 379.891008138657 0 -0.196452485397458 -784.78616476059 -257.95903801918 -975.310385227203 0 0 0 0 0 0 0
"ivorycoast" 0 0 0 -1558.3963394165 -3510.17665863037 -7309.66520309448 0 0 0 0 0 0 0 0 0 0 0 0
"ghana" 0 0 0 5107.6021194458 360615.417480469 -7189.08309936523 0 0 0 0 0 0 0 0 0 0 0 0
"nigeria" 0 0 0 34.0332575142384 2779.40559387207 2210.91675758362 0 0 0 0 0 0 0 0 0 0 0 0
"mozambique" 0 0 -1339.52617645264 -4994.73762512207 -2740.81039428711 0 0 0 0 0 0 0 0 0 0 0 0 0
