"argentina" 0 0 0 0 0 0 -1929.22258377075 -5563.72356414795 -6125.74005126953 -4352.45609283447 0 -7234.30395126343 -44.0558567643166 -290.809810161591 -337.456107139587 0 0 0
"bolivia" 0 0 635.263502597809 -3200.30450820923 -8859.34257507324 -15429.6798706055 0 0 -528.667688369751 -540.183007717133 -228.938192129135 -404.998421669006 0 0 0 0 0 0
"brasil" 0 0 0 -7311.69557571411 -45690.4983520508 9099.00093078613 0 0 0 0 0 -546.00465297699 0 0 0 0 0 0
"oceania" 0 0 0 19.9027080088854 282.880932092667 2301.09763145447 0 0 23.0921842157841 792.858064174652 1432.38866329193 4034.53969955444 0 0 0 0 0 0
"newzealand" 0 0 0 0 0 0 0 0 0 0 244.241386651993 828.542828559875 0 0 0 191.865116357803 0 0
"china" 0 0 0 0 -229.380771517754 -359.391421079636 1.91049103159457 -13.395388610661 -1385.07676124573 -6153.55777740479 -9580.75523376465 -7952.68630981445 -16.1337312310934 0.203545030672103 -1335.15155315399 0 0 0
"japan" 0 0 0 0 0 0 0 0 193.850249052048 2658.12993049622 2040.19093513489 1560.97674369812 0 0 48.0305515229702 0 0 0
"korea" 0 0 0 0 0 0 0 0 0 95.4687669873238 189.268961548805 0 0 0 0 0 0 0
"indonesia" 0 0 0 30.2783790975809 75.2687752246857 4926.47409439087 0 0 0 0 0 0 0 0 0 0 0 0
"madagascar" 0 0 0 37.0756089687347 19.2164406180382 -514.438509941101 0 0 0 0 0 0 0 0 0 0 0 0
"eastasia" 0 0 0 0 0 -28.9904680103064 0 0 1971.83072566986 23584.5718383789 4934.29565429688 0 0 -267.673164606094 -148.770928382874 0 0 0
"seasia" 0 0 0 15301.2170791626 23336.4448547363 22843.9922332764 0 0 0 0 78.2002806663513 5515.48671722412 0 0 0 0 0 0
"malasya" 0 0 0 0 0 1482.54442214966 0 0 0 0 0 0 0 0 0 0 0 0
"myanmar" 0 0 0 7298.00796508789 12276.6923904419 1479.13932800293 0 0 0 0 2562.62993812561 2349.60126876831 0 0 0 0 0 0
"southasia" 0 0 0 2844.1846370697 13960.9212875366 695.428669452667 0 -1.744125620462 3.67451249621809 3466.47953987122 180.644288659096 0 0 0 0 0 0 0
"india" 0 1039.29090499878 19637.4244689941 29168.6954498291 5136.76071166992 1393.06366443634 0 1879.76467609406 5333.86325836182 888.462781906128 501.575887203217 1800.65631866455 0 0 0 0 0 0
"canada" 0 0 0 0 0 0 0 -7358.81233215332 1161135.86425781 354249.908447266 869.031965732574 0 0 2389.45388793945 37949.5735168457 8.57953261584044 0 0
"us" 0 0 0 0 0 0 -7972.80883789062 -39813.0378723145 -25769.1287994385 69847.3510742188 35747.1885681152 4398.53763580322 127.20662355423 640.577793121338 53.5674914717674 0 0 0
"mexico" 0 -2404.42371368408 -5338.87147903442 887.236475944519 6614.38798904419 1827.34441757202 -264.022648334503 -964.109420776367 168.02853345871 1604.0358543396 1060.51898002625 1259.1347694397 0 0 0 0 0 0
"colombia" 0 0 0 -4.3914751149714 -213.270589709282 -14665.8563613892 0 0 0 0 -2.68558342941105 -1752.68077850342 0 0 0 0 0 0
"latinamer" 0 349.225640296936 -410.972952842712 -541.574418544769 -2525.86555480957 9019.38819885254 -1305.05907535553 -1876.01959705353 -2435.61983108521 -2720.46089172363 -322.194248437881 2236.45067214966 3.2151045743376 -131.259247660637 -20.8005979657173 2576.8461227417 -331.302762031555 0
"paraguay" 0 0 0 0 0 236521.331787109 0 0 0 0 0 293553.22265625 0 0 0 0 0 0
"peru" 12866.7097091675 32418.7698364258 7778.98120880127 413.006395101547 17547.5463867188 611056.030273438 66470.5657958984 51205.5740356445 13471.8008041382 21329.3533325195 80114.2883300781 251108.551025391 0 0 0 0 0 0
"uruguay" 0 0 0 0 0 0 0 0 0 0 0 1448.49419593811 0 0 0 0 0 0
"venezuela" 0 -0.785791606176645 0 -204.79416847229 -1067.26694107056 -2748.30150604248 0 0 0 0 0 0 0 0 0 0 0 0
"eu27" 0 0 0 0 0 0 0 0 -4679.06284332275 -61571.8688964844 -16138.219833374 -3397.71795272827 0 455.879360437393 -2328.61328125 -71.230873465538 0 0
"uk" 0 0 0 0 0 0 0 0 0 2774.21021461487 1076.03406906128 479.448050260544 0 0 0 172.839313745499 0 0
"efta" 0 0 0 0 0 0 0 0 0 1336.05289459229 0 0 0 352.97879576683 534.617364406586 1.81151612196118 0 0
"restofworld" 0 0 0 0 0 0 -1559.83018875122 -63.5205507278442 4783.96606445312 65438.8580322266 3789.75915908813 551.88924074173 -4.39111795276403 28.3813588321209 993.973910808563 7.0541026070714 0 0
"russia" 0 0 0 0 0 0 0 733.152449131012 58828.5827636719 17309.8983764648 741.079330444336 0 3684.61847305298 17612.2398376465 87954.0863037109 0 0 0
"mena" -2329.78701591492 0 0 0 0 0 -1354.92444038391 -8878.44467163086 -4356.60696029663 12640.2130126953 1581.22432231903 0 0 0 -18.2680040597916 0 0 0
"angola" 0 0 -304.297536611557 -6957.37171173096 -7342.37337112427 0 0 0 -2.87366472184658 -1068.01664829254 0 0 0 0 0 0 0 0
"drc" 0 0 0 0 -2310.06050109863 -1018.16022396088 0 0 0 0 0 0 0 0 0 0 0 0
"nafr" 7.26502295583487 0 0 0 0 0 -636.041224002838 -571.96718454361 -7.15341977775097 -6.58357562497258 0 0 0 0 0 0 0 0
"wafr" 0 0 333.396315574646 4572.22890853882 2770.04384994507 3579.97107505798 0 0 0 0 0 0 0 0 0 0 0 0
"cafr" 0 1.33354763966054 0 -155.072808265686 -376.406371593475 -2023.59461784363 0 0 0 0 0 0 0 0 0 0 0 0
"eafr" 0.643222127109766 30.7828821241856 146.921753883362 420.842826366425 -296.277672052383 -1609.51244831085 0 0 0 0 -479.209303855896 -735.9499335289 0 0 0 0 0 0
"safr" 0 0 -9852.84996032715 -7254.82749938965 -10.1707559078932 436.285674571991 0 -0.203115399926901 -817.102074623108 -214.847415685654 -950.531661510468 0 0 0 0 0 0 0
"ivorycoast" 0 0 0 3428.28989028931 -40320.7321166992 329457.550048828 0 0 0 0 0 0 0 0 0 0 0 0
"ghana" 0 0 0 -9.56712663173676 710.214614868164 2339.20001983643 0 0 0 0 0 0 0 0 0 0 0 0
"nigeria" 0 0 0 48.9299036562443 3089.60223197937 2436.79690361023 0 0 0 0 0 0 0 0 0 0 0 0
"mozambique" 0 0 2805.65500259399 10191.3480758667 5315.8016204834 0 0 0 0 0 0 0 0 0 0 0 0 0
