"argentina" 0 0 0 0 0 0 -2015.64860343933 -6110.05020141602 -6554.08334732056 -5402.35185623169 0 -9083.54377746582 -86.5085944533348 -474.000960588455 -453.521728515625 0 0 0
"bolivia" 0 0 506.422340869904 -4957.09991455078 -14045.1145172119 -21739.8090362549 0 0 -569.254577159882 -613.174855709076 -274.437546730042 -493.299156427383 0 0 0 0 0 0
"brasil" 0 0 0 -274.37561750412 74650.5279541016 -17421.8978881836 0 0 0 0 0 60.6428943574429 0 0 0 0 0 0
"oceania" 0 0 0 -25.2318661659956 -1.02803751360625 -666.383028030396 0 0 -7.51778483390808 -90.072825551033 -23.8936338573694 5.97442220896482 0 0 0 0 0 0
"newzealand" 0 0 0 0 0 0 0 0 0 0 -1983.52074623108 -5971.38690948486 0 0 0 76.8892019987106 0 0
"china" 0 0 0 0 -374.806761741638 -348.419576883316 -15.852116048336 -32.3855690658092 -4671.17166519165 -5407.46879577637 -4179.24690246582 -11051.6090393066 -53.5215772688389 -2.81584449112415 -736.428797245026 0 0 0
"japan" 0 0 0 0 0 0 0 0 -6.40597101300955 -99.6333286166191 -100.677713751793 -53.4982681274414 0 0 -0.345899257808924 0 0 0
"korea" 0 0 0 0 0 0 0 0 0 41.5174141526222 78.7921100854874 0 0 0 0 0 0 0
"indonesia" 0 0 0 7.83693976700306 -142.700091004372 -14470.025062561 0 0 0 0 0 0 0 0 0 0 0 0
"madagascar" 0 0 0 50.7384166121483 146.255299448967 487.866997718811 0 0 0 0 0 0 0 0 0 0 0 0
"eastasia" 0 0 0 0 0 -44.0425015985966 0 0 588.42146396637 6896.68893814087 1344.22945976257 0 0 -132.250070571899 -212.304711341858 0 0 0
"seasia" 0 0 0 1992.5628900528 3081.75349235535 5643.42546463013 0 0 0 0 -24.4136247783899 1184.29660797119 0 0 0 0 0 0
"malasya" 0 0 0 0 0 -1393.50342750549 0 0 0 0 0 0 0 0 0 0 0 0
"myanmar" 0 0 0 1933.60757827759 3214.14923667908 391.792088747025 0 0 0 0 672.382950782776 622.60901927948 0 0 0 0 0 0
"southasia" 0 0 0 -224.400728940964 -610.825836658478 -403.126925230026 0 -1.06497562956065 0.183486146852374 446.637988090515 20.306371152401 0 0 0 0 0 0 0
"india" 0 -75.2289071679115 -370.205223560333 -2427.91748046875 -1158.38050842285 -326.967835426331 0 -10.792838409543 432.921588420868 20.1679170131683 -172.154411673546 -567.024648189545 0 0 0 0 0 0
"canada" 0 0 0 0 0 0 0 10693.6712265015 518501.037597656 155546.951293945 456.050902605057 0 0 925.701677799225 17995.0122833252 -0.400230259401724 0 0
"us" 0 0 0 0 0 0 -5697.63231277466 -14846.1771011353 -23579.7653198242 19971.981048584 7656.99148178101 313.606202602386 37.8218442201614 -129.484698176384 7.84004386514425 0 0 0
"mexico" 0 -4769.90079879761 -16136.8827819824 -7896.60358428955 669.28642988205 -3027.78482437134 -703.295230865479 -2804.69226837158 -9290.35568237305 -5342.42820739746 -941.369473934174 884.911000728607 0 0 0 0 0 0
"colombia" 0 0 0 2835.67810058594 44157.8826904297 2156182.6171875 0 0 0 0 3418.80035400391 194394.577026367 0 0 0 0 0 0
"latinamer" 0 118.968293070793 -708.965957164764 -2298.80142211914 -4161.67116165161 -2347.95904159546 -1596.16708755493 -2619.08912658691 -3384.28831100464 -3405.61842918396 -1007.14886188507 -1975.91352462769 -7.10411369800568 -533.734023571014 -1664.72518444061 -626.018643379211 -639.494180679321 0
"paraguay" 0 0 0 0 0 234618.301391602 0 0 0 0 0 290462.097167969 0 0 0 0 0 0
"peru" 12602.4217605591 33245.5368041992 7135.27202606201 322.591096162796 17360.1989746094 609436.828613281 65067.1691894531 52875.8316040039 13185.3437423706 20879.1770935059 78548.6907958984 247108.337402344 0 0 0 0 0 0
"uruguay" 0 0 0 0 0 0 0 0 0 0 0 -1865.84460735321 0 0 0 0 0 0
"venezuela" 0 -0.822739966679364 0 -155.769839882851 -863.537192344666 -2372.4639415741 0 0 0 0 0 0 0 0 0 0 0 0
"eu27" 0 0 0 0 0 0 0 0 5756.61325454712 65722.7630615234 21360.8131408691 3461.41266822815 0 1930.05526065826 1736.06753349304 162.701338529587 0 0
"uk" 0 0 0 0 0 0 0 0 0 536.172449588776 -2544.513463974 73.3385533094406 0 0 0 57.1997873485088 0 0
"efta" 0 0 0 0 0 0 0 0 0 315.677404403687 0 0 0 -122.888617217541 66.8115466833115 -3.26129794120789 0 0
"restofworld" 0 0 0 0 0 0 -1887.17555999756 -118.10839176178 978.305518627167 24156.6505432129 1158.10132026672 201.221644878387 -13.5680995881557 -116.277992725372 306.600779294968 -1.63832656107843 0 0
"russia" 0 0 0 0 0 0 0 243.976622819901 17226.526260376 4249.71055984497 263.487935066223 0 1677.25121974945 8596.604347229 44739.4676208496 0 0 0
"mena" -584.058701992035 0 0 0 0 0 -412.193119525909 -2030.09390830994 4782.99236297607 7520.36142349243 858.681857585907 0 0 0 6.45839003846049 0 0 0
"angola" 0 0 -448.468089103699 -9990.8275604248 -10525.8359909058 0 0 0 -6.53915572911501 -1529.30212020874 0 0 0 0 0 0 0 0
"drc" 0 0 0 0 -6079.29849624634 -6543.96772384644 0 0 0 0 0 0 0 0 0 0 0 0
"nafr" 2.57499050348997 0 0 0 0 0 -525.478184223175 -458.237111568451 -7.06841796636581 -5.98787702620029 0 0 0 0 0 0 0 0
"wafr" 0 0 -214.816033840179 -507.517337799072 -35.8696840703487 946.732223033905 0 0 0 0 0 0 0 0 0 0 0 0
"cafr" 0 -5.10320533066988 0 -601.239860057831 -3118.43681335449 -8978.49655151367 0 0 0 0 0 0 0 0 0 0 0 0
"eafr" 0.462552852695808 28.7672933191061 175.482392311096 1168.31195354462 205.475658178329 -707.49819278717 0 0 0 0 -234.763294458389 -612.433254718781 0 0 0 0 0 0
"safr" 0 0 -4596.38404846191 -5766.14475250244 -11.4489709958434 177.935749292374 0 -0.180874281795695 -585.118412971497 -378.100961446762 -1008.88967514038 0 0 0 0 0 0 0
"ivorycoast" 0 0 0 2943.12977790833 -43862.3237609863 325562.866210938 0 0 0 0 0 0 0 0 0 0 0 0
"ghana" 0 0 0 5043.53094100952 359835.9375 -14819.9281692505 0 0 0 0 0 0 0 0 0 0 0 0
"nigeria" 0 0 0 -53.6777153611183 -360.192716121674 -93.4262201189995 0 0 0 0 0 0 0 0 0 0 0 0
"mozambique" 0 0 355.884462594986 1437.86299228668 748.953998088837 0 0 0 0 0 0 0 0 0 0 0 0 0
