"argentina" 0 0 0 0 0 0 -1926.10239982605 -5550.42362213135 -6112.17880249023 -4341.96329116821 0 -7212.82577514648 -43.3941632509232 -287.828505039215 -335.392385721207 0 0 0
"bolivia" 0 0 635.803699493408 -3201.90382003784 -8863.54827880859 -15436.502456665 0 0 -528.880655765533 -540.397822856903 -228.993237018585 -405.098259449005 0 0 0 0 0 0
"brasil" 0 0 0 -7359.98296737671 -46096.3973999023 9368.29280853271 0 0 0 0 0 -528.727769851685 0 0 0 0 0 0
"oceania" 0 0 0 20.7145363092422 284.474194049835 2304.04043197632 0 0 23.4702732414007 801.52690410614 1444.45514678955 4066.67566299438 0 0 0 0 0 0
"newzealand" 0 0 0 0 0 0 0 0 0 0 268.852144479752 905.429244041443 0 0 0 197.03720510006 0 0
"china" 0 0 0 0 -222.524255514145 -351.951032876968 2.13876413181424 -12.8096686676145 -1311.12587451935 -6025.21896362305 -9439.26239013672 -7733.14809799194 -15.592759475112 0.240239969571121 -1313.25793266296 0 0 0
"japan" 0 0 0 0 0 0 0 0 194.166198372841 2662.8212928772 2042.5488948822 1562.78455257416 0 0 48.1816790997982 0 0 0
"korea" 0 0 0 0 0 0 0 0 0 95.710277557373 189.761057496071 0 0 0 0 0 0 0
"indonesia" 0 0 0 30.6763704866171 76.0281756520271 4954.91981506348 0 0 0 0 0 0 0 0 0 0 0 0
"madagascar" 0 0 0 39.0537902712822 20.044568926096 -493.675053119659 0 0 0 0 0 0 0 0 0 0 0 0
"eastasia" 0 0 0 0 0 -28.6048706620932 0 0 1975.37660598755 23604.7706604004 4938.18998336792 0 0 -266.925394535065 -144.715383648872 0 0 0
"seasia" 0 0 0 15337.5387191772 23410.8963012695 22896.9688415527 0 0 0 0 78.8155645132065 5528.84674072266 0 0 0 0 0 0
"malasya" 0 0 0 0 0 1487.90180683136 0 0 0 0 0 0 0 0 0 0 0 0
"myanmar" 0 0 0 7297.21784591675 12276.8468856812 1478.99317741394 0 0 0 0 2562.76512145996 2349.43842887878 0 0 0 0 0 0
"southasia" 0 0 0 2848.0920791626 13980.396270752 696.441948413849 0 -1.7441890668124 3.6791458260268 3469.52247619629 180.834278464317 0 0 0 0 0 0 0
"india" 0 1039.22784328461 19619.8883056641 29137.3195648193 5132.93361663818 1391.68131351471 0 1877.26211547852 5321.14887237549 886.822044849396 501.801669597626 1799.13353919983 0 0 0 0 0 0
"canada" 0 0 0 0 0 0 0 -7367.41590499878 1163214.59960938 354752.960205078 870.172142982483 0 0 2394.62614059448 38026.782989502 8.63183941692114 0 0
"us" 0 0 0 0 0 0 -7964.07175064087 -39761.4135742188 -25744.1349029541 70038.8412475586 35881.2942504883 4512.1054649353 127.841547131538 645.666658878326 53.7452064454556 0 0 0
"mexico" 0 -2404.22701835632 -5334.68627929688 891.946077346802 6619.74048614502 1830.98435401917 -264.045774936676 -963.840246200562 170.886516571045 1607.71656036377 1061.90776824951 1259.79399681091 0 0 0 0 0 0
"colombia" 0 0 0 -4.38588066026568 -213.154271245003 -14662.4870300293 0 0 0 0 -2.68392823636532 -1752.57384777069 0 0 0 0 0 0
"latinamer" 0 349.548906087875 -409.681677818298 -533.669769763947 -2510.98012924194 9084.48886871338 -1303.69818210602 -1873.3925819397 -2432.01446533203 -2716.58539772034 -317.603409290314 2248.86989593506 3.23640531860292 -130.328208208084 -17.1706639230251 2582.74507522583 -330.460846424103 0
"paraguay" 0 0 0 0 0 236530.746459961 0 0 0 0 0 293566.528320312 0 0 0 0 0 0
"peru" 12866.9490814209 32418.7164306641 7779.35409545898 413.062125444412 17547.8935241699 611058.898925781 66471.9314575195 51205.4023742676 13472.3329544067 21330.1963806152 80117.1646118164 251115.936279297 0 0 0 0 0 0
"uruguay" 0 0 0 0 0 0 0 0 0 0 0 1493.01624298096 0 0 0 0 0 0
"venezuela" 0 -0.782821094617248 0 -204.378932714462 -1064.8148059845 -2741.5406703949 0 0 0 0 0 0 0 0 0 0 0 0
"eu27" 0 0 0 0 0 0 0 0 -4639.9712562561 -61165.9202575684 -15975.3437042236 -3367.98405647278 0 459.063410758972 -2315.45519828796 -70.2486783266068 0 0
"uk" 0 0 0 0 0 0 0 0 0 2776.19075775146 1077.48174667358 479.798763990402 0 0 0 172.953695058823 0 0
"efta" 0 0 0 0 0 0 0 0 0 1345.46613693237 0 0 0 355.45352101326 538.295924663544 1.8230197019875 0 0
"restofworld" 0 0 0 0 0 0 -1559.37075614929 -63.4466782212257 4792.6459312439 65534.8892211914 3796.25082015991 552.710592746735 -4.36415988951921 28.7619717419147 995.570242404938 7.08463042974472 0 0
"russia" 0 0 0 0 0 0 0 741.878807544708 59567.268371582 17556.0836791992 749.232470989227 0 3715.94047546387 17749.2580413818 88601.3488769531 0 0 0
"mena" -2328.937292099 0 0 0 0 0 -1355.01754283905 -8878.75938415527 -4345.95108032227 12651.481628418 1582.50629901886 0 0 0 -18.2465594261885 0 0 0
"angola" 0 0 -300.135225057602 -6866.39928817749 -7246.45853042603 0 0 0 -2.79773096553981 -1054.18813228607 0 0 0 0 0 0 0 0
"drc" 0 0 0 0 -2301.90753936768 -1008.81922245026 0 0 0 0 0 0 0 0 0 0 0 0
"nafr" 7.27172940969467 0 0 0 0 0 -636.478543281555 -572.256028652191 -7.15599907562137 -6.58597564324737 0 0 0 0 0 0 0 0
"wafr" 0 0 342.231452465057 4631.81066513062 2807.74593353271 3591.83144569397 0 0 0 0 0 0 0 0 0 0 0 0
"cafr" 0 1.38107780367136 0 -150.189951062202 -338.042616844177 -1913.04993629456 0 0 0 0 0 0 0 0 0 0 0 0
"eafr" 0.642229104414582 30.7461097836494 147.061437368393 430.33105134964 -291.432440280914 -1600.89266300201 0 0 0 0 -476.819187402725 -732.657849788666 0 0 0 0 0 0
"safr" 0 0 -9960.01720428467 -7271.43573760986 -10.0950486958027 445.343226194382 0 -0.204029944143258 -821.377098560333 -209.459334611893 -945.822656154633 0 0 0 0 0 0 0
"ivorycoast" 0 0 0 3428.5831451416 -40318.675994873 329459.930419922 0 0 0 0 0 0 0 0 0 0 0 0
"ghana" 0 0 0 -8.99603869765997 721.238791942596 2344.89893913269 0 0 0 0 0 0 0 0 0 0 0 0
"nigeria" 0 0 0 49.1441376507282 3089.45465087891 2436.11288070679 0 0 0 0 0 0 0 0 0 0 0 0
"mozambique" 0 0 -1162.13774681091 -4323.57311248779 -2384.43422317505 0 0 0 0 0 0 0 0 0 0 0 0 0
