"argentina" 0 0 0 0 0 0 -2024.70731735229 -5862.30182647705 -6312.47758865356 -4400.60186386108 0 -6826.80225372314 -51.5264086425304 -325.766205787659 -365.162819623947 0 0 0
"bolivia" 0 0 788.043975830078 -5625.80156326294 -15761.2371444702 -25055.5782318115 0 0 -707.630276679993 -748.845219612122 -318.096429109573 -570.302426815033 0 0 0 0 0 0
"brasil" 0 0 0 -1803.48372459412 30665.0409698486 5559.8783493042 0 0 0 0 0 1061.56778335571 0 0 0 0 0 0
"oceania" 0 0 0 23.0328347533941 233.131781220436 1029.0687084198 0 0 22.0255255699158 727.42635011673 1303.24029922485 3670.12071609497 0 0 0 0 0 0
"newzealand" 0 0 0 0 0 0 0 0 0 0 332.688748836517 1089.26272392273 0 0 0 126.902490854263 0 0
"china" 0 0 0 0 -129.830569028854 -310.753852128983 5.81097463145852 -6.34420104324818 -124.102666974068 -5942.58975982666 -10767.858505249 -5301.15222930908 -6.38371519744396 0.796343199908733 -1492.50662326813 0 0 0
"japan" 0 0 0 0 0 0 0 0 99.3167906999588 1379.69624996185 969.064831733704 760.90133190155 0 0 29.7633297741413 0 0 0
"korea" 0 0 0 0 0 0 0 0 0 79.8948481678963 159.48398411274 0 0 0 0 0 0 0
"indonesia" 0 0 0 81.9878280162811 54.8796430230141 -3102.03862190247 0 0 0 0 0 0 0 0 0 0 0 0
"madagascar" 0 0 0 387.108713388443 269.34552192688 2578.10711860657 0 0 0 0 0 0 0 0 0 0 0 0
"eastasia" 0 0 0 0 0 -21.8378119170666 0 0 1619.18866634369 17947.2827911377 3685.59265136719 0 0 -183.021232485771 17.9467014968395 0 0 0
"seasia" 0 0 0 11730.4992675781 19584.2571258545 19623.2357025146 0 0 0 0 75.168289244175 4568.15338134766 0 0 0 0 0 0
"malasya" 0 0 0 0 0 880.04994392395 0 0 0 0 0 0 0 0 0 0 0 0
"myanmar" 0 0 0 6802.24275588989 11312.0851516724 1366.69421195984 0 0 0 0 2362.72072792053 2163.92040252686 0 0 0 0 0 0
"southasia" 0 0 0 1488.07895183563 7418.37882995605 154.571995139122 0 -1.30725803319365 2.39854748360813 2168.16878318787 111.120194196701 0 0 0 0 0 0 0
"india" 0 648.366749286652 11782.1836471558 16651.2584686279 2547.7831363678 649.725735187531 0 1023.14460277557 3011.09027862549 525.606095790863 267.225116491318 768.316924571991 0 0 0 0 0 0
"canada" 0 0 0 0 0 0 0 5798.28310012817 1015365.72265625 306833.953857422 785.568535327911 0 0 2030.72357177734 34155.158996582 6.4127673394978 0 0
"us" 0 0 0 0 0 0 -7740.90433120728 -23747.5891113281 -26949.9015808105 62801.7768859863 29616.5542602539 5385.41698455811 126.046314835548 541.481018066406 39.5819060504436 0 0 0
"mexico" 0 -2777.98748016357 -6649.75214004517 -36.0568761825562 6051.48220062256 1513.92650604248 -321.331948041916 -1104.22921180725 -561.897039413452 564.306020736694 700.264990329742 1108.08539390564 0 0 0 0 0 0
"colombia" 0 0 0 2847.37014770508 44362.4801635742 2162851.07421875 0 0 0 0 3420.57013511658 195898.651123047 0 0 0 0 0 0
"latinamer" 0 268.193006515503 -629.095733165741 -1452.25322246552 -3291.60141944885 6601.23634338379 -1690.23382663727 -2627.87055969238 -3381.23655319214 -3518.00775527954 -611.705720424652 355.10042309761 -2.37189815379679 -392.200231552124 -994.941294193268 1118.6830997467 -567.363917827606 0
"paraguay" 0 0 0 0 0 235950.790405273 0 0 0 0 0 292425.689697266 0 0 0 0 0 0
"peru" 12778.0313491821 33321.7735290527 7333.083152771 349.631249904633 17530.2753448486 610907.104492188 66011.4593505859 52995.4032897949 13445.8990097046 21288.5150909424 79972.0077514648 250746.139526367 0 0 0 0 0 0
"uruguay" 0 0 0 0 0 0 0 0 0 0 0 1708.80270004272 0 0 0 0 0 0
"venezuela" 0 -0.828538788482547 0 -189.873903989792 -1006.62791728973 -2678.27892303467 0 0 0 0 0 0 0 0 0 0 0 0
"eu27" 0 0 0 0 0 0 0 0 -4868.2975769043 -69203.0029296875 -14974.7982025146 -3439.34202194214 0 1192.59405136108 -2856.47511482239 -44.1858023405075 0 0
"uk" 0 0 0 0 0 0 0 0 0 2897.88246154785 1087.1946811676 499.936938285828 0 0 0 182.13826417923 0 0
"efta" 0 0 0 0 0 0 0 0 0 1190.89591503143 0 0 0 363.636255264282 490.322023630142 2.83877528272569 0 0
"restofworld" 0 0 0 0 0 0 -1155.05051612854 -29.6500660479069 5020.4610824585 64960.6628417969 3919.3913936615 551.486313343048 0.0907294452190399 75.1373916864395 1010.43879985809 9.96978580951691 0 0
"russia" 0 0 0 0 0 0 0 807.210862636566 65379.6310424805 19516.9773101807 792.373538017273 0 3730.21626472473 17548.7308502197 86560.661315918 0 0 0
"mena" -1110.51750183105 0 0 0 0 0 -790.720820426941 -4540.36617279053 4889.48392868042 12544.0874099731 1463.747382164 0 0 0 2.9769716784358 0 0 0
"angola" 0 0 -274.383872747421 -6351.01222991943 -6715.52038192749 0 0 0 -1.80556927807629 -972.906291484833 0 0 0 0 0 0 0 0
"drc" 0 0 0 0 -5090.23141860962 -4477.63729095459 0 0 0 0 0 0 0 0 0 0 0 0
"nafr" 8.29540006816387 0 0 0 0 0 -600.770473480225 -515.480399131775 -1.95464212447405 -4.66639688238502 0 0 0 0 0 0 0 0
"wafr" 0 0 343.836933374405 4512.55702972412 2910.68315505981 3215.46769142151 0 0 0 0 0 0 0 0 0 0 0 0
"cafr" 0 0.176717672729865 0 -226.238161325455 -455.994933843613 -2030.75671195984 0 0 0 0 0 0 0 0 0 0 0 0
"eafr" 1.91251060459763 94.8600843548775 536.053538322449 3925.20022392273 591.769933700562 -2665.29035568237 0 0 0 0 -820.801079273224 -1539.98565673828 0 0 0 0 0 0
"safr" 0 0 -7906.10885620117 -6678.43770980835 -9.62531566619873 428.525924682617 0 -0.199058456928469 -747.497081756592 -183.192074298859 -940.134406089783 0 0 0 0 0 0 0
"ivorycoast" 0 0 0 3242.04850196838 -41830.4901123047 327963.195800781 0 0 0 0 0 0 0 0 0 0 0 0
"ghana" 0 0 0 -41.8859161436558 -736.861646175385 488.851845264435 0 0 0 0 0 0 0 0 0 0 0 0
"nigeria" 0 0 0 5.43316826224327 1929.62956428528 1611.15741729736 0 0 0 0 0 0 0 0 0 0 0 0
"mozambique" 0 0 -1142.50659942627 -4405.4536819458 -2480.50570487976 0 0 0 0 0 0 0 0 0 0 0 0 0
