"argentina" -3.72432470321655 0 1
"bolivia" -1.96027779579163 0 1
"brasil" -77.0396118164062 0 1
"oceania" -0.898221790790558 0 1
"newzealand" 5.60142135620117 0 1
"china" 20.4911212921143 0 1
"japan" 5.83104515075684 0 1
"korea" 3.04485011100769 0 1
"indonesia" 9.6383695602417 0 1
"madagascar" 2.19654989242554 0 1
"eastasia" -1.78606986999512 0 1
"seasia" 61.8482131958008 0 1
"malasya" 25.7862796783447 0 1
"myanmar" -0.361648470163345 0 1
"southasia" 3.00068831443787 0 1
"india" 36.3988990783691 0 1
"canada" 27.3234519958496 0 1
"us" 88.8136749267578 0 1
"mexico" -1.99831199645996 0 1
"colombia" -48.7933959960938 0 1
"latinamer" 22.3808174133301 0 1
"paraguay" -13.4610719680786 0 1
"peru" -96.6771545410156 0 1
"uruguay" 0.544912755489349 0 1
"venezuela" 0.498577445745468 0 1
"eu27" 76.2179565429688 0 1
"uk" -17.1693744659424 0 1
"efta" -12.0317697525024 0 1
"restofworld" 17.8491592407227 0 1
"russia" 3.48829889297485 0 1
"mena" -4.90504837036133 0 1
"angola" -0.492655992507935 0 1
"drc" -1.87368714809418 0 1
"nafr" 13.0417613983154 0 1
"wafr" 1.0737167596817 0 1
"cafr" 2.68844437599182 0 1
"eafr" 12.2325763702393 0 1
"safr" 1.5338454246521 0 1
"ivorycoast" -366.087280273438 0 1
"ghana" -45.2667503356934 0 1
"nigeria" 4.83936309814453 0 1
"mozambique" -0.0593191869556904 0 1
