"argentina" 0 0 0 0 0 0 703.450500965118 2150.06279945374 2127.04086303711 2551.34129524231 0 4817.56496429443 32.4320867657661 172.215431928635 159.339055418968 0 0 0
"bolivia" 0 0 227.33610868454 -621.329247951508 -1589.04254436493 -2887.90035247803 0 0 -103.705883026123 -117.404341697693 -34.09318998456 -63.5738521814346 0 0 0 0 0 0
"brasil" 0 0 0 2484.49730873108 15095.4685211182 10110.0730895996 0 0 0 0 0 1465.73138237 0 0 0 0 0 0
"oceania" 0 0 0 40.5532643198967 262.025862932205 2281.68749809265 0 0 27.7977976948023 823.359668254852 1389.50860500336 3860.75639724731 0 0 0 0 0 0
"newzealand" 0 0 0 0 0 0 0 0 0 0 2090.28792381287 6346.31395339966 0 0 0 -75.1768201589584 0 0
"china" 0 0 0 0 245.465621352196 18.1069299578667 22.2914405167103 26.4590438455343 4702.23617553711 -986.036837100983 -7613.18445205688 5674.23915863037 46.9710677862167 3.72211169451475 -899.191498756409 0 0 0
"japan" 0 0 0 0 0 0 0 0 -359.521985054016 -4940.34481048584 -4215.78741073608 -3162.61339187622 0 0 -68.3708861470222 0 0 0
"korea" 0 0 0 0 0 0 0 0 0 74.430376291275 150.122702121735 0 0 0 0 0 0 0
"indonesia" 0 0 0 146.984830498695 254.567503929138 7669.94714736938 0 0 0 0 0 0 0 0 0 0 0 0
"madagascar" 0 0 0 393.498659133911 152.195677161217 2567.52443313599 0 0 0 0 0 0 0 0 0 0 0 0
"eastasia" 0 0 0 0 0 43.8530184328556 0 0 1352.53548622131 14072.322845459 2993.43943595886 0 0 -33.1097953021526 416.629493236542 0 0 0
"seasia" 0 0 0 11892.6010131836 19811.5386962891 16912.3935699463 0 0 0 0 113.301865756512 4148.67877960205 0 0 0 0 0 0
"malasya" 0 0 0 0 0 327.261000871658 0 0 0 0 0 0 0 0 0 0 0 0
"myanmar" 0 0 0 5520.63274383545 9208.63723754883 1094.85924243927 0 0 0 0 1920.65501213074 1751.03616714478 0 0 0 0 0 0
"southasia" 0 0 0 1835.53194999695 8732.01179504395 559.224843978882 0 -0.424751779064536 2.26274924352765 1885.38074493408 99.5702818036079 0 0 0 0 0 0 0
"india" 0 738.321781158447 13807.2843551636 21673.8948822021 4080.59501647949 1108.84630680084 0 1250.18501281738 3626.27482414246 631.578743457794 415.513336658478 1503.32856178284 0 0 0 0 0 0
"canada" 0 0 0 0 0 0 0 -4331.27927780151 590628.90625 186887.908935547 427.853852510452 0 0 1344.89369392395 20200.6034851074 7.42116756737232 0 0
"us" 0 0 0 0 0 0 -2151.33881568909 -11244.7185516357 -4923.32363128662 50925.1022338867 27879.6482086182 9381.63185119629 112.921118736267 844.433963298798 41.3622036576271 0 0 0
"mexico" 0 1898.28252792358 9184.6981048584 7959.94472503662 5878.55243682861 4742.80643463135 368.042707443237 1656.30519390106 8636.20948791504 6027.51207351685 1737.98894882202 330.34685254097 0 0 0 0 0 0
"colombia" 0 0 0 -0.555224833078682 -64.9938583374023 -5147.36557006836 0 0 0 0 -0.679149525240064 -632.237434387207 0 0 0 0 0 0
"latinamer" 0 187.978893518448 -17.4671541899443 494.974434375763 -60.5119988322258 7681.95343017578 -295.524537563324 -312.366932630539 -399.850934743881 -579.163789749146 173.102587461472 2237.44034767151 4.69935638830066 104.17814552784 588.237166404724 1977.63848304749 10.5659086257219 0
"paraguay" 0 0 0 0 0 25.4029482603073 0 0 0 0 0 349.498093128204 0 0 0 0 0 0
"peru" 8.0674197524786 36.6536304354668 29.7435037791729 9.93959046900272 84.8336964845657 1365.14759063721 16.791770234704 18.3280557394028 34.633357077837 49.2292903363705 346.483677625656 1869.72808837891 0 0 0 0 0 0
"uruguay" 0 0 0 0 0 0 0 0 0 0 0 2240.9987449646 0 0 0 0 0 0
"venezuela" 0 -0.0727752048987895 0 -52.9470182955265 -230.168849229813 -540.302753448486 0 0 0 0 0 0 0 0 0 0 0 0
"eu27" 0 0 0 0 0 0 0 0 -16314.9852752686 -228996.032714844 -48676.9485473633 -9630.1212310791 0 -542.7525639534 -8379.85610961914 -271.20703458786 0 0
"uk" 0 0 0 0 0 0 0 0 0 206.474125385284 4277.03762054443 68.4570521116257 0 0 0 -19.6595266461372 0 0
"efta" 0 0 0 0 0 0 0 0 0 997.17903137207 0 0 0 752.914488315582 539.225280284882 11.0719297081232 0 0
"restofworld" 0 0 0 0 0 0 1425.73070526123 159.381359815598 5956.41756057739 58268.741607666 4036.57913208008 504.435181617737 23.611806333065 315.183341503143 1032.9931974411 18.7362320721149 0 0
"russia" 0 0 0 0 0 0 0 612.241268157959 52107.3570251465 16307.8422546387 553.9470911026 0 2036.03792190552 8696.57325744629 39715.9729003906 0 0 0
"mena" -852.326631546021 0 0 0 0 0 -516.936063766479 -3434.08250808716 -1258.3544254303 5477.94103622437 666.828274726868 0 0 0 -7.11617525666952 0 0 0
"angola" 0 0 106.603018939495 2302.62994766235 2471.15635871887 0 0 0 1.87709555029869 331.180840730667 0 0 0 0 0 0 0 0
"drc" 0 0 0 0 2173.67839813232 3894.55938339233 0 0 0 0 0 0 0 0 0 0 0 0
"nafr" 9.64786671102047 0 0 0 0 0 -62.8880709409714 -39.6207645535469 11.1718801781535 3.34572675637901 0 0 0 0 0 0 0 0
"wafr" 0 0 926.265835762024 7550.92239379883 4518.89514923096 3320.29700279236 0 0 0 0 0 0 0 0 0 0 0 0
"cafr" 0 6.32258225232363 0 443.16628575325 3201.34568214417 8159.39903259277 0 0 0 0 0 0 0 0 0 0 0 0
"eafr" 1.6674044309184 77.3230195045471 425.417602062225 3209.16128158569 459.639638662338 -2230.93128204346 0 0 0 0 -682.374954223633 -1131.23154640198 0 0 0 0 0 0
"safr" 0 0 -5042.80567169189 -2303.17044258118 -0.336553755914792 353.830575942993 0 -0.0494217310915701 -305.176317691803 200.711861252785 -124.13065135479 0 0 0 0 0 0 0
"ivorycoast" 0 0 0 -1588.59646320343 -3650.39491653442 -7276.72481536865 0 0 0 0 0 0 0 0 0 0 0 0
"ghana" 0 0 0 51.9028380513191 2071.15817070007 3055.7119846344 0 0 0 0 0 0 0 0 0 0 0 0
"nigeria" 0 0 0 64.318984746933 2859.07053947449 2173.30026626587 0 0 0 0 0 0 0 0 0 0 0 0
"mozambique" 0 0 -1259.10413265228 -5432.36827850342 -3216.01152420044 0 0 0 0 0 0 0 0 0 0 0 0 0
