"argentina" 0 0 0 0 0 0 1340.51477909088 3368.65615844727 3644.00005340576 2918.15805435181 0 4722.12362289429 -40.1551611721516 -99.604032933712 51.3524860143661 0 0 0
"bolivia" 0 0 -1125.43308734894 6120.38898468018 16834.2914581299 19918.0431365967 0 0 101.477302610874 189.126446843147 -46.7274561524391 -30.3295310586691 0 0 0 0 0 0
"brasil" 0 0 0 9140.36560058594 94715.2557373047 -22484.4818115234 0 0 0 0 0 819.068670272827 0 0 0 0 0 0
"oceania" 0 0 0 11.7713585495949 -33.3533585071564 -632.726728916168 0 0 2.02458538115025 -10.8110532164574 -73.0190873146057 -224.377751350403 0 0 0 0 0 0
"newzealand" 0 0 0 0 0 0 0 0 0 0 304.326891899109 901.283144950867 0 0 0 -73.6901313066483 0 0
"china" 0 0 0 0 274.425774812698 201.910763978958 11.898884549737 24.6602240949869 3709.68103408813 2780.846118927 490.493088960648 7934.98992919922 34.0785272419453 2.25741718895733 183.907136321068 0 0 0
"japan" 0 0 0 0 0 0 0 0 -71.7684254050255 -969.188868999481 -819.685637950897 -619.573354721069 0 0 -12.7948364242911 0 0 0
"korea" 0 0 0 0 0 0 0 0 0 5.58697618544102 8.92394501715899 0 0 0 0 0 0 0
"indonesia" 0 0 0 135.555475950241 61.3679215312004 -11787.8818511963 0 0 0 0 0 0 0 0 0 0 0 0
"madagascar" 0 0 0 316.366314888 147.57513999939 2720.60966491699 0 0 0 0 0 0 0 0 0 0 0 0
"eastasia" 0 0 0 0 0 51.6762472689152 0 0 -436.471164226532 -7327.74353027344 -1510.90824604034 0 0 181.445598602295 459.286659955978 0 0 0
"seasia" 0 0 0 -2829.74195480347 -1527.14014053345 -3428.71809005737 0 0 0 0 43.276634067297 -867.300033569336 0 0 0 0 0 0
"malasya" 0 0 0 0 0 -3048.61402511597 0 0 0 0 0 0 0 0 0 0 0 0
"myanmar" 0 0 0 -1153.65982055664 -2243.61681938171 -285.973221063614 0 0 0 0 -477.805495262146 -447.483688592911 0 0 0 0 0 0
"southasia" 0 0 0 -817.931771278381 -4348.07777404785 -189.243853092194 0 1.30682694725692 -0.515953171998262 -1170.5459356308 -58.9038208127022 0 0 0 0 0 0 0
"india" 0 -288.233727216721 -7560.1053237915 -11050.5361557007 -1972.33331203461 -606.467008590698 0 -1091.49062633514 -3133.56447219849 -395.723521709442 -101.12389177084 -763.824462890625 0 0 0 0 0 0
"canada" 0 0 0 0 0 0 0 5096.77076339722 -372542.663574219 -115479.08782959 -302.464842796326 0 0 -855.687379837036 -13286.3111495972 -3.34756821393967 0 0
"us" 0 0 0 0 0 0 3018.26763153076 17261.8675231934 6928.43151092529 -19285.213470459 -6519.04201507568 8190.29426574707 -16.1046572029591 -52.928451448679 -12.8710148856044 0 0 0
"mexico" 0 1076.25722885132 3677.12450027466 1968.25838088989 -131.282612681389 823.424577713013 157.531499862671 673.607110977173 2250.88953971863 985.801517963409 109.338991343975 -285.614520311356 0 0 0 0 0 0
"colombia" 0 0 0 243.896216154099 9252.13241577148 537808.59375 0 0 0 0 120.177328586578 59573.802947998 0 0 0 0 0 0
"latinamer" 0 -63.6033490300179 163.36952149868 725.507378578186 1991.3033246994 4660.93158721924 289.583593606949 435.843288898468 593.370139598846 784.748196601868 568.220913410187 423.402965068817 0.0425291073042899 58.0407679080963 135.818511247635 -279.725342988968 96.6101437807083 0
"paraguay" 0 0 0 0 0 -13141.3011550903 0 0 0 0 0 -4390.88916778564 0 0 0 0 0 0
"peru" -2349.68137741089 -5713.58966827393 -2916.54491424561 -231.506109237671 -11804.3975830078 -133489.334106445 -11923.0518341064 -7625.77247619629 -7567.2492980957 -11476.7656326294 -43406.7878723145 -96308.0444335938 0 0 0 0 0 0
"uruguay" 0 0 0 0 0 0 0 0 0 0 0 -624.912858009338 0 0 0 0 0 0
"venezuela" 0 0.645796651951969 0 192.158982157707 979.491829872131 2393.85437965393 0 0 0 0 0 0 0 0 0 0 0 0
"eu27" 0 0 0 0 0 0 0 0 -9510.45608520508 -144926.177978516 -24131.6833496094 -4975.91590881348 0 -346.503436565399 -5290.88735580444 -133.964523673058 0 0
"uk" 0 0 0 0 0 0 0 0 0 1206.67445659637 3456.91251754761 228.618949651718 0 0 0 52.93820053339 0 0
"efta" 0 0 0 0 0 0 0 0 0 -174.383103847504 0 0 0 355.034232139587 39.9767495691776 7.93947372585535 0 0
"restofworld" 0 0 0 0 0 0 1907.23752975464 158.160299062729 1979.28249835968 9098.3772277832 1053.00712585449 87.5492691993713 20.1178081333637 221.673935651779 247.349366545677 10.3643573820591 0 0
"russia" 0 0 0 0 0 0 0 31.1978030949831 4205.12819290161 1660.94517707825 -30.6189227849245 0 -765.594720840454 -4518.78499984741 -25616.2700653076 0 0 0
"mena" 830.572485923767 0 0 0 0 0 500.221788883209 3441.29991531372 2674.30377006531 -3981.45627975464 -509.202718734741 0 0 0 8.22197087109089 0 0 0
"angola" 0 0 355.575621128082 8129.39643859863 8652.80914306641 0 0 0 2.99954391084611 1221.43149375916 0 0 0 0 0 0 0 0
"drc" 0 0 0 0 3312.12019920349 3585.51120758057 0 0 0 0 0 0 0 0 0 0 0 0
"nafr" 4.4080070219934 0 0 0 0 0 355.19152879715 352.729350328445 18.0814079940319 8.30780249089003 0 0 0 0 0 0 0 0
"wafr" 0 0 1291.99981689453 6812.92867660522 4343.85347366333 -1204.37836647034 0 0 0 0 0 0 0 0 0 0 0 0
"cafr" 0 4.02215495705605 0 445.366948843002 3199.32579994202 9113.98124694824 0 0 0 0 0 0 0 0 0 0 0 0
"eafr" 0.800421228632331 36.589577794075 217.871189117432 2076.59411430359 543.011546134949 -420.591324567795 0 0 0 0 -150.211676955223 -306.64587020874 0 0 0 0 0 0
"safr" 0 0 4485.25905609131 3407.99045562744 6.73953583464026 -47.9193553328514 0 0.0988818937912583 365.040600299835 298.331171274185 511.050701141357 0 0 0 0 0 0 0
"ivorycoast" 0 0 0 10024.5742797852 19017.3263549805 54401.3557434082 0 0 0 0 0 0 0 0 0 0 0 0
"ghana" 0 0 0 4864.83383178711 67348.9074707031 -25275.8445739746 0 0 0 0 0 0 0 0 0 0 0 0
"nigeria" 0 0 0 5.50149381160736 -630.3391456604 -566.381454467773 0 0 0 0 0 0 0 0 0 0 0 0
"mozambique" 0 0 513.433814048767 1116.17636680603 326.048493385315 0 0 0 0 0 0 0 0 0 0 0 0 0
