"argentina" 0 0 0 0 0 0 603.504657745361 1841.66514873505 1814.6550655365 1639.00876045227 0 2880.78260421753 28.7778936326504 152.137696743011 139.944642782211 0 0 0
"bolivia" 0 0 123.339273035526 -275.964915752411 -665.96907377243 -1239.00818824768 0 0 -44.1016629338264 -56.2207847833633 -12.0142260566354 -23.968767374754 0 0 0 0 0 0
"brasil" 0 0 0 3015.02776145935 23113.2202148438 10995.9774017334 0 0 0 0 0 1935.57047843933 0 0 0 0 0 0
"oceania" 0 0 0 12.0911002159119 103.798747062683 1175.29582977295 0 0 9.34877339750528 297.100454568863 508.634984493256 1405.65204620361 0 0 0 0 0 0
"newzealand" 0 0 0 0 0 0 0 0 0 0 1476.4746427536 4452.18706130981 0 0 0 -144.83642578125 0 0
"china" 0 0 0 0 124.533392488956 184.164941310883 4.5006345026195 14.6591179072857 1425.81307888031 4047.27554321289 5572.08776473999 4696.59662246704 5.12459967285395 0.98294869530946 869.548439979553 0 0 0
"japan" 0 0 0 0 0 0 0 0 -438.915640115738 -6068.4814453125 -5052.07490921021 -3795.25327682495 0 0 -89.1151204705238 0 0 0
"korea" 0 0 0 0 0 0 0 0 0 52.6969432830811 103.67526113987 0 0 0 0 0 0 0
"indonesia" 0 0 0 75.5935832858086 142.790615558624 5061.19585037231 0 0 0 0 0 0 0 0 0 0 0 0
"madagascar" 0 0 0 459.490358829498 185.935497283936 2982.31363296509 0 0 0 0 0 0 0 0 0 0 0 0
"eastasia" 0 0 0 0 0 34.2250838875771 0 0 580.795705318451 5523.14853668213 1179.02278900146 0 0 23.9512287080288 310.120940208435 0 0 0
"seasia" 0 0 0 6187.82091140747 10146.6016769409 8083.16707611084 0 0 0 0 64.3788948655128 2050.26888847351 0 0 0 0 0 0
"malasya" 0 0 0 0 0 93.1010246276855 0 0 0 0 0 0 0 0 0 0 0 0
"myanmar" 0 0 0 1553.84695529938 2603.61766815186 284.564882516861 0 0 0 0 539.612710475922 481.171876192093 0 0 0 0 0 0
"southasia" 0 0 0 1100.25942325592 5181.57386779785 342.735201120377 0 -0.093373928393703 1.39485136605799 1070.95348834991 57.3478825390339 0 0 0 0 0 0 0
"india" 0 441.046357154846 8529.85000610352 14088.60206604 2629.03094291687 711.402237415314 0 755.948901176453 2377.01487541199 419.108539819717 271.234422922134 968.70881319046 0 0 0 0 0 0
"canada" 0 0 0 0 0 0 0 -2000.14805793762 256683.715820312 83895.4849243164 187.648788094521 0 0 594.898104667664 8731.42242431641 3.31050320528448 0 0
"us" 0 0 0 0 0 0 -573.748290538788 -5585.29424667358 -2316.86401367188 24914.5336151123 15114.634513855 8314.38446044922 61.1224360764027 460.487127304077 23.1447983533144 0 0 0
"mexico" 0 2234.64298248291 10204.8444747925 8364.29595947266 5531.69441223145 4817.77667999268 386.86141371727 1773.0838060379 9184.11064147949 6123.75783920288 1706.44688606262 201.662600040436 0 0 0 0 0 0
"colombia" 0 0 0 0.232903839787468 -20.2117059379816 -2090.94071388245 0 0 0 0 -0.155716566951014 -280.584871768951 0 0 0 0 0 0
"latinamer" 0 119.676373898983 38.0571708083153 508.939623832703 293.727606534958 5646.89445495605 -93.3240801095963 -36.0267944633961 -39.1059368848801 -152.227520942688 206.104218959808 1690.25635719299 3.73465614393353 110.175229609013 526.956379413605 1420.61412334442 53.8356229662895 0
"paraguay" 0 0 0 0 0 -58.7101057171822 0 0 0 0 0 158.159583806992 0 0 0 0 0 0
"peru" 10.8698457479477 39.0751212835312 31.7753702402115 8.00885073840618 79.4297009706497 1069.95844841003 33.9811965823174 29.6988561749458 40.0126092135906 57.195670902729 339.772194623947 1546.63586616516 0 0 0 0 0 0
"uruguay" 0 0 0 0 0 0 0 0 0 0 0 -140.118718147278 0 0 0 0 0 0
"venezuela" 0 -0.000818771241029026 0 -24.7086193412542 -103.26174646616 -216.964691877365 0 0 0 0 0 0 0 0 0 0 0 0
"eu27" 0 0 0 0 0 0 0 0 -18876.7871856689 -260723.205566406 -57479.1069030762 -11281.909942627 0 -695.774674415588 -9530.03883361816 -327.256500720978 0 0
"uk" 0 0 0 0 0 0 0 0 0 233.740657567978 4794.45552825928 77.6288360357285 0 0 0 -21.819282323122 0 0
"efta" 0 0 0 0 0 0 0 0 0 889.904201030731 0 0 0 784.736573696136 512.660980224609 12.1685024350882 0 0
"restofworld" 0 0 0 0 0 0 1877.10881233215 187.932252883911 5361.38534545898 47785.3927612305 3503.26919555664 417.307078838348 26.6320034861565 333.562612533569 886.514842510223 18.5426436364651 0 0
"russia" 0 0 0 0 0 0 0 384.59786772728 32519.8287963867 9969.34413909912 324.395775794983 0 997.899889945984 3914.50476646423 16448.4748840332 0 0 0
"mena" -510.34814119339 0 0 0 0 0 -303.959786891937 -2019.57273483276 -512.104570865631 3485.46290397644 418.759196996689 0 0 0 -4.28888574242592 0 0 0
"angola" 0 0 133.03741812706 2941.99466705322 3148.80800247192 0 0 0 1.82160385884345 429.861634969711 0 0 0 0 0 0 0 0
"drc" 0 0 0 0 2932.60502815247 4569.60964202881 0 0 0 0 0 0 0 0 0 0 0 0
"nafr" 9.59731917828321 0 0 0 0 0 50.4366233944893 64.0386044979095 14.4789591431618 5.166239105165 0 0 0 0 0 0 0 0
"wafr" 0 0 749.160289764404 5065.6681060791 2889.78910446167 1823.77243041992 0 0 0 0 0 0 0 0 0 0 0 0
"cafr" 0 5.63212763518095 0 435.076236724854 2736.94658279419 6926.72920227051 0 0 0 0 0 0 0 0 0 0 0 0
"eafr" 1.40850036405027 69.9567198753357 402.681142091751 3372.85685539246 588.491439819336 -2118.95895004272 0 0 0 0 -655.484437942505 -1161.8310213089 0 0 0 0 0 0
"safr" 0 0 -3039.73722457886 -1174.30520057678 0.671012152452022 261.514782905579 0 -0.0183948432095349 -159.350216388702 212.711736559868 -4.9617625772953 0 0 0 0 0 0 0
"ivorycoast" 0 0 0 -1483.22141170502 -3432.33776092529 -6938.81320953369 0 0 0 0 0 0 0 0 0 0 0 0
"ghana" 0 0 0 38.3190177381039 1553.33662033081 2343.89781951904 0 0 0 0 0 0 0 0 0 0 0 0
"nigeria" 0 0 0 72.5425556302071 2410.43710708618 1779.86776828766 0 0 0 0 0 0 0 0 0 0 0 0
"mozambique" 0 0 -860.480725765228 -3379.6808719635 -1887.79187202454 0 0 0 0 0 0 0 0 0 0 0 0 0
