"argentina" 0 0 0 0 0 0 866.235613822937 2630.47385215759 2629.33850288391 3105.38721084595 0 5847.97477722168 37.2494906187057 201.078146696091 189.940467476845 0 0 0
"bolivia" 0 0 199.171364307404 -515.576243400574 -1297.81723022461 -2343.33109855652 0 0 -82.283616065979 -96.7296808958054 -24.960370734334 -47.4266782402992 0 0 0 0 0 0
"brasil" 0 0 0 5018.29433441162 30381.61277771 13310.2979660034 0 0 0 0 0 2260.35308837891 0 0 0 0 0 0
"oceania" 0 0 0 41.746586561203 247.153535485268 2092.3593044281 0 0 27.3863077163696 795.484304428101 1330.02400398254 3688.6739730835 0 0 0 0 0 0
"newzealand" 0 0 0 0 0 0 0 0 0 0 -65.6073018908501 40.1994995772839 0 0 0 596.041142940521 0 0
"china" 0 0 0 0 217.358827590942 -22.5414279848337 22.2139544785023 24.1863019764423 4495.3441619873 -1764.92857933044 -8757.54165649414 4722.29290008545 46.6818064451218 3.70349898003042 -1063.78269195557 0 0 0
"japan" 0 0 0 0 0 0 0 0 -412.160098552704 -5670.49884796143 -4815.21987915039 -3616.56951904297 0 0 -78.7057876586914 0 0 0
"korea" 0 0 0 0 0 0 0 0 0 63.6362284421921 128.618597984314 0 0 0 0 0 0 0
"indonesia" 0 0 0 159.658625721931 270.553559064865 7719.16055679321 0 0 0 0 0 0 0 0 0 0 0 0
"madagascar" 0 0 0 -103.94150018692 -124.581322073936 -803.116142749786 0 0 0 0 0 0 0 0 0 0 0 0
"eastasia" 0 0 0 0 0 43.3798171579838 0 0 1242.03681945801 12935.0204467773 2767.21668243408 0 0 -25.7135294377804 397.329121828079 0 0 0
"seasia" 0 0 0 11185.2779388428 18863.8000488281 15969.3727493286 0 0 0 0 111.386612057686 3916.96310043335 0 0 0 0 0 0
"malasya" 0 0 0 0 0 224.649265408516 0 0 0 0 0 0 0 0 0 0 0 0
"myanmar" 0 0 0 5179.29267883301 8674.87716674805 1031.55136108398 0 0 0 0 1810.47677993774 1650.33364295959 0 0 0 0 0 0
"southasia" 0 0 0 1823.66383075714 8673.41232299805 587.744355201721 0 -0.415666261687875 2.16847495175898 1841.22228622437 97.4680781364441 0 0 0 0 0 0 0
"india" 0 681.926369667053 12656.4826965332 19723.8235473633 3790.67587852478 1041.96655750275 0 1189.63813781738 3245.61405181885 561.99699640274 379.81441617012 1412.0876789093 0 0 0 0 0 0
"canada" 0 0 0 0 0 0 0 -3519.66667175293 521713.623046875 167091.003417969 390.469342470169 0 0 1225.45719146729 18628.6277770996 6.69004721567035 0 0
"us" 0 0 0 0 0 0 -1510.67447662354 -7577.45790481567 -3629.06193733215 45233.6616516113 26488.2354736328 11094.0761566162 110.340997576714 845.109581947327 39.2847955226898 0 0 0
"mexico" 0 -641.441285610199 -1880.58495521545 -365.067183971405 1431.50794506073 199.167370796204 -125.768601894379 -470.966845750809 -963.107049465179 124.55577403307 255.970001220703 388.974606990814 0 0 0 0 0 0
"colombia" 0 0 0 -0.3020343137905 -51.6002103686333 -4245.95832824707 0 0 0 0 -0.520971487276256 -528.795599937439 0 0 0 0 0 0
"latinamer" 0 178.877979516983 -6.4641060307622 533.11151266098 81.4946442842484 7851.70269012451 -268.904477357864 -275.885939598083 -348.823606967926 -510.612070560455 210.011005401611 2212.95976638794 4.59009502083063 105.962827801704 585.539758205414 1917.80185699463 17.6061317324638 0
"paraguay" 0 0 0 0 0 185.96924841404 0 0 0 0 0 289.106488227844 0 0 0 0 0 0
"peru" 8.33837129175663 36.4041775465012 28.0257556587458 9.51159372925758 85.6408774852753 1387.54284381866 20.2556494623423 19.5029564201832 35.563126206398 51.0861538350582 344.66940164566 1820.09744644165 0 0 0 0 0 0
"uruguay" 0 0 0 0 0 0 0 0 0 0 0 912.63610124588 0 0 0 0 0 0
"venezuela" 0 -0.0813489314168692 0 -66.9726803898811 -286.726355552673 -674.786686897278 0 0 0 0 0 0 0 0 0 0 0 0
"eu27" 0 0 0 0 0 0 0 0 -17300.0469207764 -245111.968994141 -50738.9068603516 -10089.4804000854 0 -477.563560009003 -9041.26453399658 -280.57861328125 0 0
"uk" 0 0 0 0 0 0 0 0 0 232.263967394829 4705.6188583374 76.46294683218 0 0 0 -21.1246553808451 0 0
"efta" 0 0 0 0 0 0 0 0 0 976.075172424316 0 0 0 776.483952999115 539.032816886902 11.6256605833769 0 0
"restofworld" 0 0 0 0 0 0 1641.21031761169 175.938382744789 5960.4320526123 56711.5097045898 3988.61408233643 492.21807718277 25.3376998007298 331.796646118164 1018.54336261749 19.2660763859749 0 0
"russia" 0 0 0 0 0 0 0 536.738038063049 45876.953125 14229.7143936157 477.287113666534 0 1673.6935377121 6985.520362854 31161.8480682373 0 0 0
"mena" -524.31309223175 0 0 0 0 0 -367.749691009521 -2361.76776885986 756.22284412384 5354.13360595703 629.540264606476 0 0 0 -2.56569008342922 0 0 0
"angola" 0 0 102.807991206646 2246.31476402283 2415.71354866028 0 0 0 1.55293894931674 321.960926055908 0 0 0 0 0 0 0 0
"drc" 0 0 0 0 3746.1109161377 4996.32835388184 0 0 0 0 0 0 0 0 0 0 0 0
"nafr" 9.30720195174217 0 0 0 0 0 -33.1539660692215 -17.3790156841278 11.336550116539 3.55589971877635 0 0 0 0 0 0 0 0
"wafr" 0 0 908.848285675049 7339.74695205688 4406.15653991699 3142.04168319702 0 0 0 0 0 0 0 0 0 0 0 0
"cafr" 0 6.05620024725795 0 431.533634662628 3140.38300514221 8053.61270904541 0 0 0 0 0 0 0 0 0 0 0 0
"eafr" -0.71870198007673 -34.001562744379 -89.719220995903 1883.99541378021 1383.56566429138 4022.1848487854 0 0 0 0 1108.96921157837 1748.67606163025 0 0 0 0 0 0
"safr" 0 0 -4185.73141098022 -2098.73056411743 -0.569614348933101 295.022487640381 0 -0.0405410319217481 -262.675404548645 169.379413127899 -139.003217220306 0 0 0 0 0 0 0
"ivorycoast" 0 0 0 -1553.33352088928 -3570.307970047 -7112.74766921997 0 0 0 0 0 0 0 0 0 0 0 0
"ghana" 0 0 0 50.0802099704742 1941.11299514771 2835.76536178589 0 0 0 0 0 0 0 0 0 0 0 0
"nigeria" 0 0 0 58.8261745870113 2679.52370643616 2041.42713546753 0 0 0 0 0 0 0 0 0 0 0 0
"mozambique" 0 0 3095.61634063721 10598.671913147 5335.23273468018 0 0 0 0 0 0 0 0 0 0 0 0 0
