"argentina" 0 0 0 0 0 0 434.954345226288 806.129336357117 934.145450592041 1010.41150093079 0 1504.54378128052 -53.435392677784 -204.275339841843 -87.3627811670303 0 0 0
"bolivia" 0 0 -138.167291879654 -3009.82570648193 -9393.6071395874 -19307.7030181885 0 0 -825.567126274109 -779.867887496948 -519.599318504333 -910.051286220551 0 0 0 0 0 0
"brasil" 0 0 0 1903.30743789673 39794.8532104492 -25970.7851409912 0 0 0 0 0 -1454.30517196655 0 0 0 0 0 0
"oceania" 0 0 0 24.9434635043144 191.383689641953 1688.45331668854 0 0 18.3904208242893 566.364645957947 986.322343349457 2760.60485839844 0 0 0 0 0 0
"newzealand" 0 0 0 0 0 0 0 0 0 0 1855.65447807312 5553.21645736694 0 0 0 -314.88898396492 0 0
"china" 0 0 0 0 140.51342010498 -128.819093108177 18.9491584897041 16.2436589598656 3656.10456466675 -3943.26210021973 -11699.6326446533 1965.30604362488 42.1518236398697 3.16011696122587 -1521.34108543396 0 0 0
"japan" 0 0 0 0 0 0 0 0 -402.637213468552 -5555.04369735718 -4663.498878479 -3502.32625007629 0 0 -80.13916015625 0 0 0
"korea" 0 0 0 0 0 0 0 0 0 58.3502203226089 118.114098906517 0 0 0 0 0 0 0
"indonesia" 0 0 0 153.305694460869 192.229509353638 -246.40990793705 0 0 0 0 0 0 0 0 0 0 0 0
"madagascar" 0 0 0 501.479864120483 249.121248722076 3475.08645057678 0 0 0 0 0 0 0 0 0 0 0 0
"eastasia" 0 0 0 0 0 45.295175164938 0 0 1042.41442680359 10309.2613220215 2196.95615768433 0 0 5.56646520271897 429.570615291595 0 0 0
"seasia" 0 0 0 8280.43842315674 14058.310508728 12129.7597885132 0 0 0 0 79.9144357442856 2966.96329116821 0 0 0 0 0 0
"malasya" 0 0 0 0 0 -1648.52738380432 0 0 0 0 0 0 0 0 0 0 0 0
"myanmar" 0 0 0 4502.53582000732 7434.32426452637 889.850199222565 0 0 0 0 1547.55580425262 1420.08233070374 0 0 0 0 0 0
"southasia" 0 0 0 1149.7346162796 5418.26820373535 341.331124305725 0 -0.122618730529211 1.53091934043914 1149.32417869568 61.5587271749973 0 0 0 0 0 0 0
"india" 0 465.914875268936 8591.05587005615 13323.1678009033 2489.75324630737 668.193280696869 0 661.731123924255 2176.45502090454 394.10725235939 252.758741378784 926.217675209045 0 0 0 0 0 0
"canada" 0 0 0 0 0 0 0 -3260.62607765198 369475.982666016 117847.587585449 261.200040578842 0 0 807.151317596436 11820.7988739014 4.28501470014453 0 0
"us" 0 0 0 0 0 0 -1834.00619029999 -9456.25114440918 -3496.21534347534 32742.1188354492 15499.8264312744 1559.35180187225 61.0176846385002 450.442880392075 23.5743597149849 0 0 0
"mexico" 0 2370.33128738403 10767.2233581543 8465.02113342285 5073.899269104 4762.36581802368 434.783428907394 1946.40707969666 9437.07656860352 6073.65703582764 1616.94204807281 76.8317803740501 0 0 0 0 0 0
"colombia" 0 0 0 -0.117856958240736 -23.5730595886707 -614.360153675079 0 0 0 0 0.0552676974621136 57.8143335878849 0 0 0 0 0 0
"latinamer" 0 99.3522480130196 -52.1253198385239 71.2381899356842 -410.462588071823 2858.48593711853 -227.947354316711 -284.668803215027 -374.572575092316 -467.914581298828 -1.06504093855619 941.094934940338 1.966672251001 24.6920883655548 205.255776643753 943.869829177856 -27.7739148586988 0
"paraguay" 0 0 0 0 0 -12841.2399291992 0 0 0 0 0 -4033.82205963135 0 0 0 0 0 0
"peru" -2418.76530647278 -5874.50265884399 -2982.48481750488 -232.016488909721 -12142.9510116577 -136937.438964844 -12259.1247558594 -7825.48809051514 -7769.60945129395 -11780.9247970581 -44483.2229614258 -97915.0772094727 0 0 0 0 0 0
"uruguay" 0 0 0 0 0 0 0 0 0 0 0 965.261340141296 0 0 0 0 0 0
"venezuela" 0 0.087971355242189 0 11.2456744536757 97.6383537054062 226.325407624245 0 0 0 0 0 0 0 0 0 0 0 0
"eu27" 0 0 0 0 0 0 0 0 -3852.47015953064 -67172.3861694336 -7280.39216995239 -1691.4165019989 0 -34.7160249948502 -2508.16535949707 -31.4956381917 0 0
"uk" 0 0 0 0 0 0 0 0 0 -1950.06895065308 736.632823944092 -318.157732486725 0 0 0 -134.778812527657 0 0
"efta" 0 0 0 0 0 0 0 0 0 248.604893684387 0 0 0 257.000923156738 154.171973466873 4.13517374545336 0 0
"restofworld" 0 0 0 0 0 0 388.533651828766 51.4289438724518 2558.66456031799 27271.6255187988 1794.8385477066 234.882235527039 8.07721726596355 116.96233600378 469.150543212891 7.54381297156215 0 0
"russia" 0 0 0 0 0 0 0 338.484406471252 28987.6346588135 9291.06330871582 303.998470306396 0 1091.48263931274 4622.65682220459 21016.7579650879 0 0 0
"mena" -650.123119354248 0 0 0 0 0 -335.957825183868 -2318.02368164062 -2810.57620048523 1866.58978462219 246.791496872902 0 0 0 -7.7850641682744 0 0 0
"angola" 0 0 32.1218520402908 782.66042470932 889.516234397888 0 0 0 -0.431264663347974 98.92937541008 0 0 0 0 0 0 0 0
"drc" 0 0 0 0 339.495420455933 1637.24684715271 0 0 0 0 0 0 0 0 0 0 0 0
"nafr" 4.43967105820775 0 0 0 0 0 -37.5115126371384 -26.7244055867195 4.89029660820961 1.36678153648973 0 0 0 0 0 0 0 0
"wafr" 0 0 713.448345661163 5976.88722610474 3708.53304862976 2402.60744094849 0 0 0 0 0 0 0 0 0 0 0 0
"cafr" 0 3.77206783741713 0 260.297656059265 2160.53223609924 5692.16918945312 0 0 0 0 0 0 0 0 0 0 0 0
"eafr" 1.81286013685167 86.151584982872 429.346859455109 1997.69043922424 -272.3408639431 -4105.67188262939 0 0 0 0 -1186.27309799194 -1939.72623348236 0 0 0 0 0 0
"safr" 0 0 -3641.12520217896 -1627.1014213562 -0.493055325932801 239.368572831154 0 -0.0377162214135751 -223.543524742126 118.961781263351 -101.98987275362 0 0 0 0 0 0 0
"ivorycoast" 0 0 0 -1466.05038642883 -3351.24444961548 -6793.80989074707 0 0 0 0 0 0 0 0 0 0 0 0
"ghana" 0 0 0 34.4313830137253 1205.42407035828 1763.0889415741 0 0 0 0 0 0 0 0 0 0 0 0
"nigeria" 0 0 0 19.6600817143917 1421.97513580322 1116.56832695007 0 0 0 0 0 0 0 0 0 0 0 0
"mozambique" 0 0 -2088.89245986938 -8175.461769104 -4546.27370834351 0 0 0 0 0 0 0 0 0 0 0 0 0
