"argentina" 0 0 0 0 0 0 842.191874980927 2320.64938545227 2284.47246551514 2504.77266311646 0 4483.02745819092 4.9131391569972 61.8467628955841 103.94175350666 0 0 0
"bolivia" 0 0 77.4439945816994 -286.733865737915 -733.965039253235 -1198.81105422974 0 0 -30.6826531887054 -46.3862195611 -11.9699984788895 -25.345079600811 0 0 0 0 0 0
"brasil" 0 0 0 3338.19842338562 41148.3383178711 -8369.35520172119 0 0 0 0 0 279.169619083405 0 0 0 0 0 0
"oceania" 0 0 0 26.9876793026924 208.923399448395 1846.53329849243 0 0 20.0934447348118 620.883107185364 1078.03058624268 3014.40572738647 0 0 0 0 0 0
"newzealand" 0 0 0 0 0 0 0 0 0 0 1878.37433815002 5636.60717010498 0 0 0 -270.990371704102 0 0
"china" 0 0 0 0 129.59036231041 -128.508627414703 18.221590667963 15.0806764140725 3431.55384063721 -3854.82144355774 -11261.6548538208 1712.55874633789 39.558544754982 2.99527868628502 -1467.0934677124 0 0 0
"japan" 0 0 0 0 0 0 0 0 -389.738351106644 -5373.96717071533 -4524.89566802979 -3396.85654640198 0 0 -77.1327614784241 0 0 0
"korea" 0 0 0 0 0 0 0 0 0 61.6560950875282 124.283723533154 0 0 0 0 0 0 0
"indonesia" 0 0 0 139.506831765175 190.404176712036 1602.26011276245 0 0 0 0 0 0 0 0 0 0 0 0
"madagascar" 0 0 0 440.977871417999 219.234734773636 2956.05659484863 0 0 0 0 0 0 0 0 0 0 0 0
"eastasia" 0 0 0 0 0 37.1341705322266 0 0 1174.61037635803 12153.4194946289 2576.71904563904 0 0 -28.522502630949 363.605707883835 0 0 0
"seasia" 0 0 0 8940.42682647705 14887.5503540039 13058.3181381226 0 0 0 0 80.069899559021 3185.56380271912 0 0 0 0 0 0
"malasya" 0 0 0 0 0 -921.705067157745 0 0 0 0 0 0 0 0 0 0 0 0
"myanmar" 0 0 0 4717.84210205078 7847.68962860107 943.014144897461 0 0 0 0 1636.78181171417 1500.56493282318 0 0 0 0 0 0
"southasia" 0 0 0 1326.41077041626 6313.17615509033 386.470943689346 0 -0.316467805532739 1.69312860816717 1383.31246376038 73.201596736908 0 0 0 0 0 0 0
"india" 0 529.507160186768 9910.70652008057 15341.5870666504 2859.17806625366 773.566126823425 0 843.007564544678 2596.39811515808 453.875780105591 285.482406616211 1056.88238143921 0 0 0 0 0 0
"canada" 0 0 0 0 0 0 0 -3904.86884117126 494374.633789062 155331.726074219 356.231868267059 0 0 1108.10232162476 16600.1625061035 5.99420070648193 0 0
"us" 0 0 0 0 0 0 -2107.23280906677 -10774.9042510986 -4370.38898468018 40535.816192627 20881.5479278564 4849.85399246216 83.4638625383377 613.448798656464 31.3240438699722 0 0 0
"mexico" 0 1981.98771476746 9452.01015472412 7905.85803985596 5395.48015594482 4612.60604858398 380.307257175446 1716.81880950928 8710.16502380371 5821.40970230103 1620.40114402771 212.027236819267 0 0 0 0 0 0
"colombia" 0 0 0 -0.914400676265359 -49.5941638946533 -3330.96647262573 0 0 0 0 -0.594089506193995 -385.071456432343 0 0 0 0 0 0
"latinamer" 0 127.319663763046 -69.920226931572 64.1285330057144 -573.095977306366 3589.86234664917 -294.845014810562 -372.956275939941 -488.471984863281 -624.979257583618 -37.2907258570194 1164.7322177887 2.46265670284629 28.1832087785006 250.416398048401 1188.70997428894 -38.8626232743263 0
"paraguay" 0 0 0 0 0 -15.8152747899294 0 0 0 0 0 211.113288998604 0 0 0 0 0 0
"peru" -2.54118535667658 5.3278086706996 12.4995596706867 6.09939452260733 16.105430200696 438.74055147171 -30.8244079351425 -13.7288477271795 -3.06908856146038 -8.07605404406786 85.9123319387436 949.851036071777 0 0 0 0 0 0
"uruguay" 0 0 0 0 0 0 0 0 0 0 0 1156.37385845184 0 0 0 0 0 0
"venezuela" 0 -0.0707064100424759 0 -33.7904803454876 -148.629605770111 -362.308502197266 0 0 0 0 0 0 0 0 0 0 0 0
"eu27" 0 0 0 0 0 0 0 0 -2714.36548233032 -52818.9849853516 -3369.70615386963 -945.789337158203 0 64.3782243132591 -2023.48566055298 -6.95286225527525 0 0
"uk" 0 0 0 0 0 0 0 0 0 -1991.97781085968 483.416765928268 -327.401787042618 0 0 0 -135.496005415916 0 0
"efta" 0 0 0 0 0 0 0 0 0 375.596761703491 0 0 0 248.269855976105 193.413481116295 3.43726295977831 0 0
"restofworld" 0 0 0 0 0 0 90.1665687561035 30.4778590798378 2615.23056030273 30099.7047424316 1901.90744400024 257.610887289047 5.73281804099679 95.0325205922127 500.637769699097 6.84061273932457 0 0
"russia" 0 0 0 0 0 0 0 380.383908748627 32225.4028320312 10220.5123901367 356.873095035553 0 1438.52829933167 6390.71559906006 30230.4153442383 0 0 0
"mena" -819.131314754486 0 0 0 0 0 -443.619042634964 -3037.38617897034 -3050.11224746704 3011.94477081299 389.626502990723 0 0 0 -9.01142507791519 0 0 0
"angola" 0 0 -10.7051087543368 -132.244601845741 -67.9648593068123 0 0 0 -1.47958402521908 -42.9524779319763 0 0 0 0 0 0 0 0
"drc" 0 0 0 0 12.6765705645084 1346.42338752747 0 0 0 0 0 0 0 0 0 0 0 0
"nafr" 4.2540873400867 0 0 0 0 0 -104.993112385273 -89.043140411377 2.5775795802474 0.185079319635406 0 0 0 0 0 0 0 0
"wafr" 0 0 600.159704685211 5373.30484390259 3324.18155670166 2460.97946166992 0 0 0 0 0 0 0 0 0 0 0 0
"cafr" 0 3.21105238981545 0 195.982247591019 1672.04248905182 4275.12550354004 0 0 0 0 0 0 0 0 0 0 0 0
"eafr" 1.71677418984473 81.8318650126457 407.878786325455 1889.89698886871 -267.445176839828 -3934.08703804016 0 0 0 0 -1136.08837127686 -1859.22014713287 0 0 0 0 0 0
"safr" 0 0 -4454.36096191406 -2267.49610900879 -1.72360055148602 254.176557064056 0 -0.0558408828510437 -290.665030479431 73.0457901954651 -196.163028478622 0 0 0 0 0 0 0
"ivorycoast" 0 0 0 -1505.94580173492 -3438.08698654175 -6992.69008636475 0 0 0 0 0 0 0 0 0 0 0 0
"ghana" 0 0 0 29.7086946666241 1180.46069145203 1857.52701759338 0 0 0 0 0 0 0 0 0 0 0 0
"nigeria" 0 0 0 20.6373780965805 1588.49501609802 1253.51715087891 0 0 0 0 0 0 0 0 0 0 0 0
"mozambique" 0 0 -2078.84812355042 -8061.70654296875 -4460.78681945801 0 0 0 0 0 0 0 0 0 0 0 0 0
