"argentina" 0 0 0 0 0 0 1423.1663942337 4197.97325134277 4285.20584106445 4600.8095741272 0 8504.69589233398 43.7834337353706 258.017182350159 270.062565803528 0 0 0
"bolivia" 0 0 -546.723604202271 7340.40498733521 21274.1622924805 30204.761505127 0 0 596.171975135803 630.772352218628 323.182880878448 606.645226478577 0 0 0 0 0 0
"brasil" 0 0 0 6846.19903564453 44565.3076171875 11089.7693634033 0 0 0 0 0 2533.68616104126 0 0 0 0 0 0
"oceania" 0 0 0 48.086766153574 247.539460659027 1982.51605033875 0 0 29.6117290854454 832.191288471222 1368.36183071136 3783.80179405212 0 0 0 0 0 0
"newzealand" 0 0 0 0 0 0 0 0 0 0 2489.42470550537 7557.38925933838 0 0 0 -96.29125893116 0 0
"china" 0 0 0 0 403.831899166107 145.763605833054 28.8505833595991 40.9016311168671 6780.76601028442 932.417511940002 -6692.03329086304 10364.7060394287 65.4562711715698 5.00019453465939 -701.389908790588 0 0 0
"japan" 0 0 0 0 0 0 0 0 -381.170064210892 -5237.27035522461 -4464.20097351074 -3352.29873657227 0 0 -72.1319764852524 0 0 0
"korea" 0 0 0 0 0 0 0 0 0 78.1218186020851 155.331805348396 0 0 0 0 0 0 0
"indonesia" 0 0 0 191.503375768661 296.246409416199 6024.80411529541 0 0 0 0 0 0 0 0 0 0 0 0
"madagascar" 0 0 0 38.1233096122742 -58.6624555289745 524.723768234253 0 0 0 0 0 0 0 0 0 0 0 0
"eastasia" 0 0 0 0 0 67.1556442975998 0 0 1139.29998874664 10708.8069915771 2306.10322952271 0 0 47.2438186407089 610.872149467468 0 0 0
"seasia" 0 0 0 10569.0898895264 19162.3344421387 15440.4325485229 0 0 0 0 134.204238653183 3756.45709037781 0 0 0 0 0 0
"malasya" 0 0 0 0 0 -109.673395752907 0 0 0 0 0 0 0 0 0 0 0 0
"myanmar" 0 0 0 4716.04442596436 7845.90435028076 925.850033760071 0 0 0 0 1637.84325122833 1485.28099060059 0 0 0 0 0 0
"southasia" 0 0 0 1598.70231151581 7328.9361000061 530.893445014954 0 0.236586798564531 2.28172377683222 1470.04222869873 79.5896351337433 0 0 0 0 0 0 0
"india" 0 662.467122077942 10926.4869689941 17569.4007873535 3388.15999031067 876.824915409088 0 763.488054275513 2129.42361831665 462.029874324799 411.460965871811 1221.27783298492 0 0 0 0 0 0
"canada" 0 0 0 0 0 0 0 -1972.14448451996 374830.078125 121640.159606934 270.842790603638 0 0 903.613150119781 13416.820526123 5.73833798989654 0 0
"us" 0 0 0 0 0 0 -437.814563512802 -2277.7738571167 -405.751347541809 36814.6209716797 23694.3111419678 15093.7795639038 103.800430893898 823.045253753662 34.8256155848503 0 0 0
"mexico" 0 2428.30324172974 10983.907699585 8931.03218078613 5796.29611968994 5128.39984893799 444.561511278152 1981.52697086334 9753.00788879395 6513.80109786987 1794.45457458496 191.378057003021 0 0 0 0 0 0
"colombia" 0 0 0 201.745718717575 7743.13402175903 452388.732910156 0 0 0 0 100.119724869728 49964.35546875 0 0 0 0 0 0
"latinamer" 0 144.482165575027 100.941404700279 978.131592273712 1243.77298355103 10582.5061798096 -74.8472213745117 23.8456390798092 51.0025322437286 -18.1381423026323 523.669183254242 2514.07337188721 4.88465372473001 151.857703924179 706.622242927551 1808.93349647522 84.5539793372154 0
"paraguay" 0 0 0 0 0 335.251152515411 0 0 0 0 0 268.580675125122 0 0 0 0 0 0
"peru" -17.201766371727 -27.2776708006859 -5.45500963926315 5.26471249759197 -49.2363497614861 -377.642869949341 -115.072928369045 -69.442018866539 -53.2079711556435 -85.0611552596092 -188.204139471054 420.292228460312 0 0 0 0 0 0
"uruguay" 0 0 0 0 0 0 0 0 0 0 0 2503.79157066345 0 0 0 0 0 0
"venezuela" 0 0.206586031708866 0 33.3659499883652 190.656632184982 510.372757911682 0 0 0 0 0 0 0 0 0 0 0 0
"eu27" 0 0 0 0 0 0 0 0 -18658.6761474609 -263836.42578125 -54857.7728271484 -10878.511428833 0 -732.003688812256 -9680.30548095703 -312.819719314575 0 0
"uk" 0 0 0 0 0 0 0 0 0 372.566819190979 5419.32487487793 106.678903102875 0 0 0 -17.961272969842 0 0
"efta" 0 0 0 0 0 0 0 0 0 834.275841712952 0 0 0 836.682796478271 508.236467838287 13.4526146575809 0 0
"restofworld" 0 0 0 0 0 0 2220.72505950928 218.95295381546 6209.03873443604 55329.776763916 4047.41954803467 483.232051134109 30.7320151478052 388.18895816803 1025.994181633 21.6791462153196 0 0
"russia" 0 0 0 0 0 0 0 609.168589115143 52742.5727844238 16740.3793334961 529.032349586487 0 1679.5197725296 6661.87000274658 28342.6265716553 0 0 0
"mena" -309.124171733856 0 0 0 0 0 -216.626837849617 -1379.14943695068 706.681072711945 3416.24450683594 394.983232021332 0 0 0 -1.41795247327536 0 0 0
"angola" 0 0 308.52735042572 6834.95807647705 7262.55941390991 0 0 0 4.48507443070412 1021.44622802734 0 0 0 0 0 0 0 0
"drc" 0 0 0 0 3609.65585708618 5288.55323791504 0 0 0 0 0 0 0 0 0 0 0 0
"nafr" 10.6535814702511 0 0 0 0 0 105.801030993462 125.373184680939 17.8376212716103 6.69102463871241 0 0 0 0 0 0 0 0
"wafr" 0 0 1162.46843338013 8278.45478057861 4987.56313323975 2135.19978523254 0 0 0 0 0 0 0 0 0 0 0 0
"cafr" 0 7.88038410246372 0 623.151481151581 4586.40766143799 12201.4408111572 0 0 0 0 0 0 0 0 0 0 0 0
"eafr" 2.13278201408684 98.5460057854652 549.939692020416 4350.40378570557 747.580230236053 -2542.81401634216 0 0 0 0 -782.027184963226 -1328.25875282288 0 0 0 0 0 0
"safr" 0 0 -2669.48437690735 -371.918112039566 3.4587224945426 313.65093588829 0 0.00455426970802364 -106.222152709961 341.559410095215 168.272510170937 0 0 0 0 0 0 0
"ivorycoast" 0 0 0 -1504.06432151794 -3469.68603134155 -6846.82941436768 0 0 0 0 0 0 0 0 0 0 0 0
"ghana" 0 0 0 4779.26349639893 66379.150390625 -25145.1835632324 0 0 0 0 0 0 0 0 0 0 0 0
"nigeria" 0 0 0 63.189908862114 2371.92440032959 1760.41042804718 0 0 0 0 0 0 0 0 0 0 0 0
"mozambique" 0 0 3405.27391433716 11387.6323699951 5640.11192321777 0 0 0 0 0 0 0 0 0 0 0 0 0
