"argentina" 0 0 0 0 0 0 1632.99059867859 4785.96496582031 4887.05825805664 5156.57472610474 0 9560.82439422607 46.0355393588543 278.356552124023 299.377530813217 0 0 0
"bolivia" 0 0 -624.715447425842 7547.08003997803 21842.1897888184 31315.7348632812 0 0 644.444584846497 674.094021320343 343.161970376968 642.590224742889 0 0 0 0 0 0
"brasil" 0 0 0 9704.33712005615 68388.0615234375 10070.8446502686 0 0 0 0 0 3098.91223907471 0 0 0 0 0 0
"oceania" 0 0 0 51.7643764615059 222.664251923561 1529.43575382233 0 0 29.3635912239552 797.710120677948 1289.63589668274 3555.99308013916 0 0 0 0 0 0
"newzealand" 0 0 0 0 0 0 0 0 0 0 2707.7968120575 8212.62550354004 0 0 0 -137.272238731384 0 0
"china" 0 0 0 0 491.258054971695 197.132557630539 32.8043475747108 47.5555881857872 7934.00764465332 1353.19149494171 -7337.74089813232 12714.3745422363 77.770859003067 5.64488582313061 -772.410154342651 0 0 0
"japan" 0 0 0 0 0 0 0 0 -412.148267030716 -5668.47896575928 -4818.74418258667 -3618.65019798279 0 0 -78.077107667923 0 0 0
"korea" 0 0 0 0 0 0 0 0 0 70.8761662244797 141.167014837265 0 0 0 0 0 0 0
"indonesia" 0 0 0 237.910062074661 300.022304058075 821.713328361511 0 0 0 0 0 0 0 0 0 0 0 0
"madagascar" 0 0 0 159.029632806778 19.0770998597145 1479.1454076767 0 0 0 0 0 0 0 0 0 0 0 0
"eastasia" 0 0 0 0 0 77.0876333117485 0 0 933.795034885406 7594.03038024902 1638.18347454071 0 0 102.039784193039 723.186850547791 0 0 0
"seasia" 0 0 0 8021.09909057617 16269.0734863281 12194.2939758301 0 0 0 0 138.475701212883 2926.66077613831 0 0 0 0 0 0
"malasya" 0 0 0 0 0 -812.284231185913 0 0 0 0 0 0 0 0 0 0 0 0
"myanmar" 0 0 0 4111.70244216919 6680.10902404785 787.242770195007 0 0 0 0 1393.52798461914 1258.94355773926 0 0 0 0 0 0
"southasia" 0 0 0 1087.54253387451 4807.16991424561 408.404469490051 0 0.54840138182044 1.59488921053708 846.73011302948 46.3441461324692 0 0 0 0 0 0 0
"india" 0 397.709786891937 5290.36855697632 8876.83296203613 1829.2248249054 441.557943820953 0 227.912992238998 274.533599615097 172.020584344864 278.300851583481 634.844303131104 0 0 0 0 0 0
"canada" 0 0 0 0 0 0 0 924.977242946625 275559.600830078 90747.3754882812 196.299612522125 0 0 692.992925643921 10358.772277832 5.0751157104969 0 0
"us" 0 0 0 0 0 0 592.92209148407 5323.1782913208 1553.45296859741 32469.2230224609 21537.4069213867 17461.9941711426 102.274850010872 821.412682533264 30.2945841103792 0 0 0
"mexico" 0 2621.750831604 11638.8702392578 9263.19789886475 5743.44253540039 5293.54619979858 478.332579135895 2129.49752807617 10184.3509674072 6649.80888366699 1790.93372821808 122.960992157459 0 0 0 0 0 0
"colombia" 0 0 0 205.232039093971 7875.18692016602 459912.658691406 0 0 0 0 101.756364107132 50786.4151000977 0 0 0 0 0 0
"latinamer" 0 116.021648049355 124.005727469921 1083.07719230652 1735.82124710083 11637.6686096191 -28.5088885575533 72.0514208078384 126.639991998672 121.076792478561 644.805014133453 2400.68697929382 4.23557870090008 138.151302933693 630.880832672119 1546.70739173889 85.8738571405411 0
"paraguay" 0 0 0 0 0 277.197122573853 0 0 0 0 0 195.710927248001 0 0 0 0 0 0
"peru" -14.5898591727018 -22.7997191250324 -4.988350905478 4.59206197410822 -40.5519492924213 -308.360010385513 -98.8457649946213 -60.1502321660519 -45.3344695270061 -72.5052654743195 -158.742040395737 376.406610012054 0 0 0 0 0 0
"uruguay" 0 0 0 0 0 0 0 0 0 0 0 2620.43285369873 0 0 0 0 0 0
"venezuela" 0 0.375839357730001 0 90.9465327858925 469.907641410828 1189.51916694641 0 0 0 0 0 0 0 0 0 0 0 0
"eu27" 0 0 0 0 0 0 0 0 -19729.1603088379 -279214.965820312 -57894.7868347168 -11493.5913085938 0 -752.996981143951 -10276.1344909668 -331.004410982132 0 0
"uk" 0 0 0 0 0 0 0 0 0 379.668027162552 5734.88140106201 110.754743218422 0 0 0 -19.8664143681526 0 0
"efta" 0 0 0 0 0 0 0 0 0 740.007400512695 0 0 0 853.425920009613 481.327831745148 14.2053589224815 0 0
"restofworld" 0 0 0 0 0 0 2526.82971954346 241.775065660477 6176.20897293091 52779.3006896973 3964.62488174438 463.246405124664 33.2985371351242 412.209630012512 1000.20897388458 22.5154273211956 0 0
"russia" 0 0 0 0 0 0 0 567.706882953644 49723.5832214355 15857.967376709 480.05947470665 0 1361.443400383 5026.40342712402 19700.7141113281 0 0 0
"mena" 128.467172384262 0 0 0 0 0 21.111074835062 318.503379821777 2861.47356033325 2130.96261024475 219.020217657089 0 0 0 4.29200148209929 0 0 0
"angola" 0 0 390.283167362213 8670.14694213867 9200.87718963623 0 0 0 5.50827383995056 1300.64213275909 0 0 0 0 0 0 0 0
"drc" 0 0 0 0 5125.72765350342 6034.03472900391 0 0 0 0 0 0 0 0 0 0 0 0
"nafr" 10.2881547063589 0 0 0 0 0 178.668826818466 197.997629642487 20.5164160579443 8.00298247486353 0 0 0 0 0 0 0 0
"wafr" 0 0 1728.90865802765 11255.8507919312 7008.18538665771 1437.40129470825 0 0 0 0 0 0 0 0 0 0 0 0
"cafr" 0 7.65902828425169 0 659.601807594299 4869.58122253418 13156.0230255127 0 0 0 0 0 0 0 0 0 0 0 0
"eafr" -0.120988574053627 -5.819171667099 69.7481408715248 3198.90975952148 1659.23833847046 3310.90331077576 0 0 0 0 890.058577060699 1334.77091789246 0 0 0 0 0 0
"safr" 0 0 -788.096070289612 437.801718711853 4.23729047179222 243.005335330963 0 0.0263901201833505 0.54209865629673 348.444402217865 228.025287389755 0 0 0 0 0 0 0
"ivorycoast" 0 0 0 9812.28828430176 18547.384262085 53549.2401123047 0 0 0 0 0 0 0 0 0 0 0 0
"ghana" 0 0 0 4833.11319351196 67083.0764770508 -25137.6190185547 0 0 0 0 0 0 0 0 0 0 0 0
"nigeria" 0 0 0 51.5109971165657 1631.12688064575 1173.99907112122 0 0 0 0 0 0 0 0 0 0 0 0
"mozambique" 0 0 3220.68691253662 10667.0246124268 5258.13961029053 0 0 0 0 0 0 0 0 0 0 0 0 0
