"argentina" 0 0 0 0 0 0 1520.39957046509 4445.01113891602 4534.59167480469 4157.83166885376 0 7449.67365264893 42.8793914616108 259.677767753601 279.753535985947 0 0 0
"bolivia" 0 0 -730.65721988678 7958.81366729736 22970.0317382812 33237.5106811523 0 0 707.312881946564 739.284455776215 368.252635002136 688.323140144348 0 0 0 0 0 0
"brasil" 0 0 0 9392.01927185059 71663.9556884766 11027.1739959717 0 0 0 0 0 3434.66663360596 0 0 0 0 0 0
"oceania" 0 0 0 24.2214053869247 67.4567222595215 443.320602178574 0 0 11.6844810545444 289.196908473969 431.377321481705 1163.38586807251 0 0 0 0 0 0
"newzealand" 0 0 0 0 0 0 0 0 0 0 2113.9760017395 6379.83179092407 0 0 0 -205.060511827469 0 0
"china" 0 0 0 0 378.011614084244 369.936168193817 15.0631852447987 35.8204022049904 4697.6957321167 6421.7848777771 5874.15313720703 11902.5249481201 36.2842865288258 2.84380768425763 996.296584606171 0 0 0
"japan" 0 0 0 0 0 0 0 0 -492.007404565811 -6805.8614730835 -5664.67952728271 -4257.91931152344 0 0 -98.6993387341499 0 0 0
"korea" 0 0 0 0 0 0 0 0 0 48.8072000443935 94.2012816667557 0 0 0 0 0 0 0
"indonesia" 0 0 0 168.015658855438 190.704986453056 -1697.83508777618 0 0 0 0 0 0 0 0 0 0 0 0
"madagascar" 0 0 0 221.914798021317 57.2964772582054 1959.28251743317 0 0 0 0 0 0 0 0 0 0 0 0
"eastasia" 0 0 0 0 0 67.995086312294 0 0 163.238674402237 -975.453019142151 -179.72606420517 0 0 160.560429096222 622.426807880402 0 0 0
"seasia" 0 0 0 2378.08775901794 6727.98728942871 3506.44731521606 0 0 0 0 90.0653153657913 853.459060192108 0 0 0 0 0 0
"malasya" 0 0 0 0 0 -997.780323028564 0 0 0 0 0 0 0 0 0 0 0 0
"myanmar" 0 0 0 169.140130281448 104.116961359978 -17.5541006028652 0 0 0 0 17.3255912959576 -6.73564895987511 0 0 0 0 0 0
"southasia" 0 0 0 340.9543633461 1201.43175125122 184.889584779739 0 0.891695381142199 0.747484271414578 29.5656882226467 3.90076613985002 0 0 0 0 0 0 0
"india" 0 94.396710395813 -168.461501598358 945.494651794434 306.5325319767 22.821944206953 0 -293.970495462418 -1053.25770378113 -51.1250421404839 128.737360239029 70.904940366745 0 0 0 0 0 0
"canada" 0 0 0 0 0 0 0 3283.66565704346 -47934.2880249023 -10888.0062103271 -47.1657365560532 0 0 -52.8156384825706 -1057.48724937439 1.16799445822835 0 0
"us" 0 0 0 0 0 0 2139.0175819397 11184.1993331909 4192.55638122559 8497.02072143555 10037.33253479 16823.4043121338 53.8805462419987 464.972913265228 12.9267349839211 0 0 0
"mexico" 0 2958.256483078 12661.9129180908 9676.50604248047 5410.56442260742 5383.40330123901 496.342092752457 2245.11575698853 10737.3390197754 6758.40139389038 1765.95163345337 -0.888562761247158 0 0 0 0 0 0
"colombia" 0 0 0 212.098404765129 8133.9807510376 474677.062988281 0 0 0 0 104.960508644581 52401.927947998 0 0 0 0 0 0
"latinamer" 0 50.1181371510029 182.486489415169 1121.93131446838 2127.14958190918 9831.25114440918 173.597261309624 350.393295288086 490.868508815765 550.16428232193 690.231800079346 1904.03389930725 3.34500824101269 146.745353937149 581.130146980286 1013.01264762878 130.842059850693 0
"paraguay" 0 0 0 0 0 78.170970082283 0 0 0 0 0 50.3394827246666 0 0 0 0 0 0
"peru" -12.2500257566571 -21.3937126100063 -3.39844543486834 2.659120131284 -47.7902516722679 -618.139982223511 -84.0475708246231 -50.2511784434319 -41.3769371807575 -66.6962563991547 -172.885432839394 42.4323603510857 0 0 0 0 0 0
"uruguay" 0 0 0 0 0 0 0 0 0 0 0 1159.46996212006 0 0 0 0 0 0
"venezuela" 0 0.449131446657702 0 120.365649461746 606.652021408081 1528.38969230652 0 0 0 0 0 0 0 0 0 0 0 0
"eu27" 0 0 0 0 0 0 0 0 -22194.4580078125 -309778.198242188 -66374.8779296875 -13080.7628631592 0 -898.916721343994 -11402.6985168457 -385.656446218491 0 0
"uk" 0 0 0 0 0 0 0 0 0 416.693091392517 6273.69403839111 121.993824839592 0 0 0 -21.5886533260345 0 0
"efta" 0 0 0 0 0 0 0 0 0 645.547211170197 0 0 0 888.333439826965 459.199607372284 15.3149981051683 0 0
"restofworld" 0 0 0 0 0 0 2978.56163978577 270.681023597717 5615.48614501953 42653.0952453613 3457.18812942505 379.136502742767 36.4058017730713 431.632906198502 858.759343624115 22.3859399557114 0 0
"russia" 0 0 0 0 0 0 0 350.007683038712 31020.6413269043 9813.04740905762 260.332345962524 0 355.041712522507 366.272777318954 -3034.74044799805 0 0 0
"mena" 444.10115480423 0 0 0 0 0 223.372787237167 1653.6568403244 3406.08048439026 116.068318486214 -27.5059826672077 0 0 0 6.67096255347133 0 0 0
"angola" 0 0 423.706948757172 9470.87478637695 10049.4527816772 0 0 0 5.48899034038186 1423.67303371429 0 0 0 0 0 0 0 0
"drc" 0 0 0 0 5567.60025024414 6418.08795928955 0 0 0 0 0 0 0 0 0 0 0 0
"nafr" 10.3274146094918 0 0 0 0 0 295.71595788002 305.968403816223 24.0921750664711 9.94520261883736 0 0 0 0 0 0 0 0
"wafr" 0 0 1564.093708992 8906.92138671875 5469.32029724121 13.5090351104736 0 0 0 0 0 0 0 0 0 0 0 0
"cafr" 0 7.02962791547179 0 655.213832855225 4448.62079620361 12046.1902618408 0 0 0 0 0 0 0 0 0 0 0 0
"eafr" 0.501692877151072 19.6236278861761 180.358186364174 3347.58925437927 1420.40228843689 2153.61881256104 0 0 0 0 556.599497795105 848.024129867554 0 0 0 0 0 0
"safr" 0 0 1356.60803318024 1644.38772201538 5.48833608627319 149.820804595947 0 0.059836202126462 155.046671628952 369.031012058258 359.915018081665 0 0 0 0 0 0 0
"ivorycoast" 0 0 0 9647.12810516357 18249.8779296875 52605.0415039062 0 0 0 0 0 0 0 0 0 0 0 0
"ghana" 0 0 0 4835.27755737305 67073.2116699219 -25212.1810913086 0 0 0 0 0 0 0 0 0 0 0 0
"nigeria" 0 0 0 59.7937628626823 1167.06335544586 767.420053482056 0 0 0 0 0 0 0 0 0 0 0 0
"mozambique" 0 0 1671.01049423218 4964.59197998047 2202.72040367126 0 0 0 0 0 0 0 0 0 0 0 0 0
