"argentina" 0 0 0 0 0 0 1987.01143264771 5821.61331176758 6046.46682739258 6266.98541641235 0 11644.5331573486 54.3193444609642 333.177983760834 362.321466207504 0 0 0
"bolivia" 0 0 -675.121009349823 7800.10890960693 22547.7275848389 32362.7243041992 0 0 668.545424938202 699.779152870178 352.314889431 660.120785236359 0 0 0 0 0 0
"brasil" 0 0 0 10879.6348571777 75972.6715087891 9851.83334350586 0 0 0 0 0 3439.58473205566 0 0 0 0 0 0
"oceania" 0 0 0 51.2180514633656 218.791708350182 1502.22623348236 0 0 29.0059689432383 785.571157932281 1268.43953132629 3496.82545661926 0 0 0 0 0 0
"newzealand" 0 0 0 0 0 0 0 0 0 0 2679.94570732117 8124.22943115234 0 0 0 -147.474229335785 0 0
"china" 0 0 0 0 492.850750684738 195.621997117996 32.9962596297264 47.8543043136597 7986.71340942383 1317.5642490387 -7468.28651428223 12751.7566680908 78.2868713140488 5.69888669997454 -787.457048892975 0 0 0
"japan" 0 0 0 0 0 0 0 0 -414.407253265381 -5700.18768310547 -4843.11962127686 -3637.17532157898 0 0 -78.5919725894928 0 0 0
"korea" 0 0 0 0 0 0 0 0 0 73.6386924982071 146.970719099045 0 0 0 0 0 0 0
"indonesia" 0 0 0 239.766165614128 297.380208969116 121.217384934425 0 0 0 0 0 0 0 0 0 0 0 0
"madagascar" 0 0 0 173.827916383743 25.8390828967094 1601.90057754517 0 0 0 0 0 0 0 0 0 0 0 0
"eastasia" 0 0 0 0 0 79.9225866794586 0 0 910.377740859985 7212.76092529297 1559.95059013367 0 0 111.742183566093 747.514307498932 0 0 0
"seasia" 0 0 0 7873.71873855591 16124.2370605469 11996.865272522 0 0 0 0 139.238387346268 2881.87551498413 0 0 0 0 0 0
"malasya" 0 0 0 0 0 -1193.5920715332 0 0 0 0 0 0 0 0 0 0 0 0
"myanmar" 0 0 0 4048.6216545105 6562.8662109375 771.571218967438 0 0 0 0 1367.90895462036 1236.08839511871 0 0 0 0 0 0
"southasia" 0 0 0 1028.67412567139 4525.86030960083 391.398847103119 0 0.585562956985086 1.5208856202662 774.880290031433 42.7713170647621 0 0 0 0 0 0 0
"india" 0 370.718330144882 4811.279296875 8103.55949401855 1693.35770606995 405.913472175598 0 166.344434022903 160.340175032616 152.56105363369 262.271761894226 592.818677425385 0 0 0 0 0 0
"canada" 0 0 0 0 0 0 0 1036.84997558594 250228.729248047 83109.1766357422 179.084345698357 0 0 635.349214076996 9497.46608734131 4.69081848859787 0 0
"us" 0 0 0 0 0 0 720.871448516846 6001.42240524292 1835.29317378998 31236.7668151855 21123.2395172119 17714.3630981445 101.03802382946 816.113412380219 29.6441521495581 0 0 0
"mexico" 0 2647.66836166382 11723.8111495972 9312.42370605469 5728.06644439697 5304.13818359375 482.154667377472 2144.50240135193 10236.6065979004 6661.79180145264 1788.56360912323 112.37134039402 0 0 0 0 0 0
"colombia" 0 0 0 205.82115650177 7897.09711074829 461165.191650391 0 0 0 0 102.030128240585 50923.5420227051 0 0 0 0 0 0
"latinamer" 0 112.788528203964 142.297685146332 1173.47836494446 1942.21353530884 12249.9122619629 -0.583123415708542 117.668271064758 188.220217823982 196.485176682472 704.732894897461 2487.59484291077 4.34224167838693 146.955907344818 658.879101276398 1557.07025527954 97.0871895551682 0
"paraguay" 0 0 0 0 0 -12051.6719818115 0 0 0 0 0 -3759.90343093872 0 0 0 0 0 0
"peru" -14.7495195269585 -23.5719904303551 -5.7272631675005 4.43894881755114 -42.5141081213951 -343.345701694489 -99.6514484286308 -61.1335411667824 -46.2112165987492 -74.0079805254936 -165.59898853302 342.761725187302 0 0 0 0 0 0
"uruguay" 0 0 0 0 0 0 0 0 0 0 0 2539.56508636475 0 0 0 0 0 0
"venezuela" 0 0.398788077291101 0 99.6389463543892 521.645903587341 1299.64828491211 0 0 0 0 0 0 0 0 0 0 0 0
"eu27" 0 0 0 0 0 0 0 0 -20000.7305145264 -282771.575927734 -58802.1774291992 -11675.9347915649 0 -776.79055929184 -10404.0584564209 -337.221562862396 0 0
"uk" 0 0 0 0 0 0 0 0 0 387.551784515381 5794.24715042114 112.613618373871 0 0 0 -19.8166146874428 0 0
"efta" 0 0 0 0 0 0 0 0 0 691.03866815567 0 0 0 853.361010551453 465.013265609741 14.411423355341 0 0
"restofworld" 0 0 0 0 0 0 2611.34052276611 247.479096055031 6134.70220565796 51616.8746948242 3912.41693496704 453.712970018387 33.8755697011948 417.322605848312 985.363483428955 22.6537436246872 0 0
"russia" 0 0 0 0 0 0 0 548.35307598114 47957.0083618164 15257.7228546143 454.048007726669 0 1202.69918441772 4243.28231811523 15712.2783660889 0 0 0
"mena" 172.751516103745 0 0 0 0 0 49.7451201081276 517.056703567505 2931.62488937378 1804.3212890625 177.543371915817 0 0 0 4.62401239201427 0 0 0
"angola" 0 0 402.345359325409 8935.68134307861 9479.52365875244 0 0 0 5.73604647070169 1342.0295715332 0 0 0 0 0 0 0 0
"drc" 0 0 0 0 5200.59871673584 6106.21881484985 0 0 0 0 0 0 0 0 0 0 0 0
"nafr" 10.338282212615 0 0 0 0 0 196.619212627411 213.742956519127 21.1102925240993 8.30052327364683 0 0 0 0 0 0 0 0
"wafr" 0 0 1759.32919979095 11404.1032791138 7099.33090209961 1404.53505516052 0 0 0 0 0 0 0 0 0 0 0 0
"cafr" 0 7.77539610862732 0 672.955334186554 4961.47346496582 13425.9853363037 0 0 0 0 0 0 0 0 0 0 0 0
"eafr" -0.0909980153664947 -4.51957527548075 75.7261365652084 3215.82388877869 1650.88510513306 3257.248878479 0 0 0 0 873.604774475098 1310.44626235962 0 0 0 0 0 0
"safr" 0 0 -626.26188993454 558.655858039856 4.47451137006283 240.183129906654 0 0.0299829498544568 13.4705435484648 357.51274228096 245.119482278824 0 0 0 0 0 0 0
"ivorycoast" 0 0 0 9821.72679901123 18566.1392211914 53594.0971374512 0 0 0 0 0 0 0 0 0 0 0 0
"ghana" 0 0 0 4833.81843566895 67091.4764404297 -25134.1896057129 0 0 0 0 0 0 0 0 0 0 0 0
"nigeria" 0 0 0 50.2406060695648 1586.72904968262 1139.72210884094 0 0 0 0 0 0 0 0 0 0 0 0
"mozambique" 0 0 3230.30853271484 10663.8193130493 5243.28374862671 0 0 0 0 0 0 0 0 0 0 0 0 0
