"argentina" 0 0 0 0 0 0 860.517024993896 2593.68753433228 2588.82308006287 2947.68285751343 0 5584.71965789795 34.6888899803162 189.936712384224 182.870745658875 0 0 0
"bolivia" 0 0 159.765332937241 -444.883793592453 -1109.36951637268 -1971.58479690552 0 0 -64.9152025580406 -82.7670395374298 -18.6752304434776 -35.6939323246479 0 0 0 0 0 0
"brasil" 0 0 0 3989.94445800781 29344.6083068848 8585.89172363281 0 0 0 0 0 1635.66410541534 0 0 0 0 0 0
"oceania" 0 0 0 43.5573719441891 242.379486560822 1911.03518009186 0 0 27.4998880922794 794.987797737122 1328.07922363281 3684.32235717773 0 0 0 0 0 0
"newzealand" 0 0 0 0 0 0 0 0 0 0 2289.27755355835 6945.23811340332 0 0 0 -102.304674685001 0 0
"china" 0 0 0 0 317.092835903168 61.4237189292908 25.1334737986326 31.4471684396267 5596.80795669556 -665.213644504547 -8124.29046630859 7551.21803283691 57.1940653026104 4.1613201610744 -961.954057216644 0 0 0
"japan" 0 0 0 0 0 0 0 0 -377.401471138 -5187.31498718262 -4423.2759475708 -3318.66478919983 0 0 -71.5673416852951 0 0 0
"korea" 0 0 0 0 0 0 0 0 0 67.8733438253403 137.444168329239 0 0 0 0 0 0 0
"indonesia" 0 0 0 193.865016102791 262.122720479965 2766.98875427246 0 0 0 0 0 0 0 0 0 0 0 0
"madagascar" 0 0 0 480.191171169281 203.934520483017 3319.38481330872 0 0 0 0 0 0 0 0 0 0 0 0
"eastasia" 0 0 0 0 0 52.9788807034492 0 0 1199.60725307465 11621.0422515869 2465.53325653076 0 0 13.3010055869818 520.507216453552 0 0 0
"seasia" 0 0 0 9632.32517242432 17258.3484649658 13988.7723922729 0 0 0 0 118.138618767262 3400.70009231567 0 0 0 0 0 0
"malasya" 0 0 0 0 0 -303.891539573669 0 0 0 0 0 0 0 0 0 0 0 0
"myanmar" 0 0 0 4995.2220916748 8176.34963989258 972.245395183563 0 0 0 0 1704.78165149689 1549.95107650757 0 0 0 0 0 0
"southasia" 0 0 0 1209.34081077576 5661.93199157715 366.729378700256 0 -0.0878083155839704 1.50924816261977 1174.90196228027 61.4317022264004 0 0 0 0 0 0 0
"india" 0 503.868103027344 8905.9886932373 14297.8248596191 2696.71559333801 711.399912834167 0 741.040229797363 2078.23395729065 394.926577806473 303.046494722366 970.721244812012 0 0 0 0 0 0
"canada" 0 0 0 0 0 0 0 -1839.3177986145 520278.747558594 164735.931396484 374.800682067871 0 0 1201.13086700439 18126.522064209 7.11661903187633 0 0
"us" 0 0 0 0 0 0 -1245.65994739532 -4724.00951385498 -3326.71403884888 47776.9317626953 26190.860748291 11593.3933258057 112.661950290203 847.176015377045 37.7845242619514 0 0 0
"mexico" 0 2053.55453491211 9731.36615753174 8240.53001403809 5845.69644927979 4885.45274734497 395.295679569244 1777.55403518677 8992.63191223145 6144.86598968506 1737.07342147827 274.748742580414 0 0 0 0 0 0
"colombia" 0 0 0 -0.174868182512 -30.7846441864967 -2661.19885444641 0 0 0 0 -0.336085038725287 -348.886489868164 0 0 0 0 0 0
"latinamer" 0 164.916977286339 3.61666642129421 598.903298377991 389.395296573639 8768.48125457764 -257.407486438751 -272.594630718231 -336.682975292206 -461.168617010117 285.782039165497 2167.14763641357 4.18040854856372 93.0969566106796 527.400732040405 1767.69709587097 11.6498647257686 0
"paraguay" 0 0 0 0 0 -41.411355137825 0 0 0 0 0 294.511497020721 0 0 0 0 0 0
"peru" 9.96777229011059 39.8611128330231 29.8975687474012 9.41280089318752 91.1884009838104 1416.31186008453 28.7552867084742 25.0987224280834 40.3705164790154 58.4363788366318 367.392420768738 1833.24503898621 0 0 0 0 0 0
"uruguay" 0 0 0 0 0 0 0 0 0 0 0 2218.49703788757 0 0 0 0 0 0
"venezuela" 0 0.0707951694494113 0 -4.23240102827549 4.93349507451057 33.7609499692917 0 0 0 0 0 0 0 0 0 0 0 0
"eu27" 0 0 0 0 0 0 0 0 -16717.7505493164 -234485.809326172 -49936.4738464355 -9874.02629852295 0 -631.525933742523 -8559.37385559082 -281.492531299591 0 0
"uk" 0 0 0 0 0 0 0 0 0 243.470519781113 4459.5308303833 76.3001218438148 0 0 0 -18.7393426895142 0 0
"efta" 0 0 0 0 0 0 0 0 0 917.483389377594 0 0 0 761.147797107697 515.018939971924 11.5976855158806 0 0
"restofworld" 0 0 0 0 0 0 1605.76593875885 172.270745038986 5919.49033737183 56625.4119873047 3980.97896575928 491.532027721405 25.1632332801819 329.602420330048 1015.78235626221 19.2773528397083 0 0
"russia" 0 0 0 0 0 0 0 612.517595291138 52477.7412414551 16574.7718811035 548.952341079712 0 1943.76420974731 8156.51512145996 36655.9638977051 0 0 0
"mena" -671.00989818573 0 0 0 0 0 -391.213923692703 -2550.69184303284 -801.095962524414 4108.76941680908 498.142093420029 0 0 0 -5.09956758469343 0 0 0
"angola" 0 0 182.400733232498 4000.20694732666 4265.0785446167 0 0 0 2.86666490137577 589.249789714813 0 0 0 0 0 0 0 0
"drc" 0 0 0 0 2177.37936973572 3593.13893318176 0 0 0 0 0 0 0 0 0 0 0 0
"nafr" 9.61064919829369 0 0 0 0 0 -3.54311196133494 26.1447988450527 14.1560081392527 4.71260165795684 0 0 0 0 0 0 0 0
"wafr" 0 0 1464.53380584717 10425.9548187256 6462.45098114014 2680.27448654175 0 0 0 0 0 0 0 0 0 0 0 0
"cafr" 0 6.15406129509211 0 474.129050970078 3393.14723014832 8816.47872924805 0 0 0 0 0 0 0 0 0 0 0 0
"eafr" 1.83427520096302 85.5446457862854 469.075262546539 3483.96468162537 480.742812156677 -2599.83992576599 0 0 0 0 -786.341309547424 -1317.31104850769 0 0 0 0 0 0
"safr" 0 0 -3731.14204406738 -1543.63679885864 0.746564823202789 323.687553405762 0 -0.0316116274916567 -220.515310764313 236.114755272865 -37.7707928419113 0 0 0 0 0 0 0
"ivorycoast" 0 0 0 9636.24382019043 18191.3261413574 52679.2144775391 0 0 0 0 0 0 0 0 0 0 0 0
"ghana" 0 0 0 56.2264248728752 1802.47354507446 2311.70344352722 0 0 0 0 0 0 0 0 0 0 0 0
"nigeria" 0 0 0 55.5200427770615 2223.52981567383 1663.42329978943 0 0 0 0 0 0 0 0 0 0 0 0
"mozambique" 0 0 -1344.18439865112 -5771.34990692139 -3395.56622505188 0 0 0 0 0 0 0 0 0 0 0 0 0
