"argentina" 0 0 0 0 0 0 436.538934707642 1024.14071559906 1183.180809021 1393.99456977844 0 2491.51468276978 -24.9208733439445 -82.3906734585762 -13.481767848134 0 0 0
"bolivia" 0 0 -57.6136521995068 -3214.0781879425 -9913.41400146484 -20358.6139678955 0 0 -870.821595191956 -826.567530632019 -533.338129520416 -932.79105424881 0 0 0 0 0 0
"brasil" 0 0 0 2448.50635528564 27726.4919281006 -9681.56242370605 0 0 0 0 0 -199.480473995209 0 0 0 0 0 0
"oceania" 0 0 0 41.4039567112923 224.643617868423 1751.50084495544 0 0 25.7422663271427 739.266812801361 1234.86483097076 3426.71251296997 0 0 0 0 0 0
"newzealand" 0 0 0 0 0 0 0 0 0 0 2262.54796981812 6849.09534454346 0 0 0 -146.728083491325 0 0
"china" 0 0 0 0 327.151298522949 60.2920986711979 25.8294697850943 32.5339809060097 5810.99557876587 -767.194151878357 -8573.93932342529 7777.32563018799 59.6977472305298 4.32011438533664 -1018.10956001282 0 0 0
"japan" 0 0 0 0 0 0 0 0 -390.243530273438 -5367.56229400635 -4561.00702285767 -3423.495054245 0 0 -74.5757445693016 0 0 0
"korea" 0 0 0 0 0 0 0 0 0 64.6003484725952 131.33005797863 0 0 0 0 0 0 0
"indonesia" 0 0 0 207.621842622757 263.696283102036 901.24249458313 0 0 0 0 0 0 0 0 0 0 0 0
"madagascar" 0 0 0 541.896224021912 234.850838780403 3848.75798225403 0 0 0 0 0 0 0 0 0 0 0 0
"eastasia" 0 0 0 0 0 61.0103420913219 0 0 1067.52395629883 9783.9298248291 2087.36801147461 0 0 47.0499992370605 585.307359695435 0 0 0
"seasia" 0 0 0 8969.93637084961 16421.314239502 13060.8711242676 0 0 0 0 117.837160825729 3181.81252479553 0 0 0 0 0 0
"malasya" 0 0 0 0 0 -1028.63204479218 0 0 0 0 0 0 0 0 0 0 0 0
"myanmar" 0 0 0 4779.90341186523 7762.95137405396 919.109880924225 0 0 0 0 1615.57686328888 1469.49100494385 0 0 0 0 0 0
"southasia" 0 0 0 1033.95843505859 4773.29206466675 322.028607130051 0 0.105911080026999 1.34931353386492 942.516803741455 49.8659797012806 0 0 0 0 0 0 0
"india" 0 440.495312213898 7590.41976928711 12284.9206924438 2327.60691642761 606.082558631897 0 560.251235961914 1659.7672700882 335.399270057678 270.383894443512 839.961469173431 0 0 0 0 0 0
"canada" 0 0 0 0 0 0 0 -1177.52516269684 394614.501953125 127101.875305176 279.612094163895 0 0 898.637294769287 13328.2842636108 5.38632180541754 0 0
"us" 0 0 0 0 0 0 -981.669425964355 -3461.27080917358 -2484.13348197937 39912.8036499023 20747.4765777588 8242.09499359131 89.9538397789001 681.666254997253 29.9721397459507 0 0 0
"mexico" 0 2437.22009658813 11028.003692627 8785.95161437988 5516.41845703125 5026.93557739258 449.076175689697 2004.10866737366 9706.83860778809 6386.76452636719 1730.56125640869 139.038950204849 0 0 0 0 0 0
"colombia" 0 0 0 0.612900359556079 -4.78227622807026 64.9226680397987 0 0 0 0 0.312466407194734 95.9304943680763 0 0 0 0 0 0
"latinamer" 0 136.443838477135 19.0560594201088 592.660069465637 528.190612792969 7941.99848175049 -193.44162940979 -189.819365739822 -230.282008647919 -311.812162399292 314.595520496368 1922.96004295349 3.64737049676478 87.8215208649635 475.549221038818 1513.69822025299 21.0240352898836 0
"paraguay" 0 0 0 0 0 -12817.5144195557 0 0 0 0 0 -3938.56167793274 0 0 0 0 0 0
"peru" -2429.42404747009 -5895.13731002808 -2992.29454994202 -230.759277939796 -12182.4264526367 -137347.381591797 -12316.7133331299 -7860.90660095215 -7799.81994628906 -11825.7761001587 -44619.0948486328 -97893.8293457031 0 0 0 0 0 0
"uruguay" 0 0 0 0 0 0 0 0 0 0 0 2004.75120544434 0 0 0 0 0 0
"venezuela" 0 0.229764438699931 0 40.9736335277557 251.963138580322 623.976171016693 0 0 0 0 0 0 0 0 0 0 0 0
"eu27" 0 0 0 0 0 0 0 0 -17733.1352233887 -247367.324829102 -53428.4286499023 -10546.8101501465 0 -731.471300125122 -9012.59613037109 -304.933398962021 0 0
"uk" 0 0 0 0 0 0 0 0 0 280.783802270889 4703.43017578125 84.6937820315361 0 0 0 -18.2392317801714 0 0
"efta" 0 0 0 0 0 0 0 0 0 789.159655570984 0 0 0 768.282532691956 474.548518657684 12.2691141441464 0 0
"restofworld" 0 0 0 0 0 0 1898.65946769714 192.730188369751 5847.78499603271 53678.5469055176 3863.85297775269 467.772006988525 27.4326950311661 350.657165050507 982.442915439606 19.9406109750271 0 0
"russia" 0 0 0 0 0 0 0 570.0523853302 49185.1921081543 15625.9670257568 495.674699544907 0 1597.11670875549 6393.55945587158 27472.8412628174 0 0 0
"mena" -504.592418670654 0 0 0 0 0 -284.449815750122 -1838.11855316162 -581.964254379272 2956.74705505371 354.726612567902 0 0 0 -3.91318136826158 0 0 0
"angola" 0 0 224.458053708076 4896.49963378906 5202.44121551514 0 0 0 3.9104837924242 728.351593017578 0 0 0 0 0 0 0 0
"drc" 0 0 0 0 2499.00531768799 3875.23174285889 0 0 0 0 0 0 0 0 0 0 0 0
"nafr" 9.78179555386305 0 0 0 0 0 63.2038563489914 87.6357108354568 16.423249617219 5.87286613881588 0 0 0 0 0 0 0 0
"wafr" 0 0 1579.79333400726 11040.2240753174 6853.6810874939 2622.36642837524 0 0 0 0 0 0 0 0 0 0 0 0
"cafr" 0 6.70328084379435 0 537.410140037537 3875.42200088501 10216.3848876953 0 0 0 0 0 0 0 0 0 0 0 0
"eafr" 1.93042831961066 89.874304831028 490.508556365967 3588.75513076782 474.172919988632 -2775.03681182861 0 0 0 0 -837.740004062653 -1399.93941783905 0 0 0 0 0 0
"safr" 0 0 -2921.95129394531 -908.661544322968 1.95517390966415 308.806538581848 0 -0.0136275875775027 -153.822153806686 281.493663787842 55.1219694316387 0 0 0 0 0 0 0
"ivorycoast" 0 0 0 9702.37731933594 18321.0926055908 53017.7612304688 0 0 0 0 0 0 0 0 0 0 0 0
"ghana" 0 0 0 60.8144029974937 1821.73371315002 2210.23750305176 0 0 0 0 0 0 0 0 0 0 0 0
"nigeria" 0 0 0 54.510060697794 2053.83801460266 1524.04296398163 0 0 0 0 0 0 0 0 0 0 0 0
"mozambique" 0 0 -1354.23481464386 -5884.35506820679 -3480.43918609619 0 0 0 0 0 0 0 0 0 0 0 0 0
