"argentina" 0 0 0 0 0 0 732.509672641754 1976.80521011353 1938.59958648682 1556.39386177063 0 2481.03380203247 0.011129304766655 35.9946489334106 80.283060669899 0 0 0
"bolivia" 0 0 -24.7202441096306 53.4074157476425 175.632581114769 422.393679618835 0 0 27.6671145111322 13.6361066251993 9.70200821757317 13.5753843933344 0 0 0 0 0 0
"brasil" 0 0 0 3791.7799949646 49210.7734680176 -8177.95372009277 0 0 0 0 0 704.690217971802 0 0 0 0 0 0
"oceania" 0 0 0 -1.87643151730299 51.1594600975513 762.920737266541 0 0 1.67947867885232 96.2625667452812 198.28000664711 562.028408050537 0 0 0 0 0 0
"newzealand" 0 0 0 0 0 0 0 0 0 0 1233.05976390839 3644.07157897949 0 0 0 -346.859097480774 0 0
"china" 0 0 0 0 0.0151130370795727 31.9924131035805 0.160755444085225 2.71087698638439 55.4564744234085 1126.12307071686 1960.78336238861 486.492097377777 -3.10583435930312 0.213402687222697 310.454726219177 0 0 0
"japan" 0 0 0 0 0 0 0 0 -468.944221735001 -6501.38473510742 -5359.25674438477 -4027.87590026855 0 0 -97.860760986805 0 0 0
"korea" 0 0 0 0 0 0 0 0 0 40.0578528642654 78.0392587184906 0 0 0 0 0 0 0
"indonesia" 0 0 0 67.8006112575531 77.6953399181366 -1054.54099178314 0 0 0 0 0 0 0 0 0 0 0 0
"madagascar" 0 0 0 508.411645889282 253.813087940216 3384.7291469574 0 0 0 0 0 0 0 0 0 0 0 0
"eastasia" 0 0 0 0 0 27.4328570812941 0 0 405.412018299103 3644.03605461121 771.150469779968 0 0 27.7404692023993 255.363464355469 0 0 0
"seasia" 0 0 0 3325.30212402344 5361.36054992676 4349.86877441406 0 0 0 0 31.4152389764786 1118.80469322205 0 0 0 0 0 0
"malasya" 0 0 0 0 0 -1151.43918991089 0 0 0 0 0 0 0 0 0 0 0 0
"myanmar" 0 0 0 789.950251579285 1291.96047782898 139.133244752884 0 0 0 0 264.651209115982 239.357724785805 0 0 0 0 0 0
"southasia" 0 0 0 589.372396469116 2758.36181640625 169.651761651039 0 0.014380303582584 0.823770184069872 568.655908107758 30.9413690119982 0 0 0 0 0 0 0
"india" 0 231.647238135338 4620.26739120483 7734.61008071899 1402.51243114471 374.569326639175 0 346.63313627243 1342.25082397461 240.765586495399 140.694871544838 519.87898349762 0 0 0 0 0 0
"canada" 0 0 0 0 0 0 0 -1620.92459201813 162308.349609375 52442.8329467773 114.422172307968 0 0 354.761481285095 5082.07321166992 1.87977403402328 0 0
"us" 0 0 0 0 0 0 -540.195405483246 -5187.39223480225 -1797.3541021347 14892.3740386963 8369.47250366211 3883.86392593384 31.9850035011768 231.709122657776 13.2278930395842 0 0 0
"mexico" 0 2311.52248382568 10444.9100494385 8292.21725463867 5037.04452514648 4680.49478530884 398.155003786087 1829.6000957489 9243.31569671631 5907.60040283203 1586.83943748474 84.2915922403336 0 0 0 0 0 0
"colombia" 0 0 0 -0.131157867144793 -5.22461254149675 -306.435108184814 0 0 0 0 -0.0751618063077331 -37.341296672821 0 0 0 0 0 0
"latinamer" 0 61.0061436891556 -15.3026003390551 82.4934393167496 -220.688998699188 1634.98973846436 -98.012663424015 -103.742718696594 -136.700630187988 -208.726063370705 -2.88248434662819 637.677431106567 1.52038712985814 34.076139330864 190.803855657578 643.436253070831 3.41663835570216 0
"paraguay" 0 0 0 0 0 -219.879388809204 0 0 0 0 0 57.8087531030178 0 0 0 0 0 0
"peru" 0.260406523011625 7.83173367381096 14.5122781395912 4.2121009901166 11.0898651182652 152.631938457489 -13.7659963220358 -2.50248285010457 2.3498022928834 -0.055560318287462 80.1640301942825 634.851098060608 0 0 0 0 0 0
"uruguay" 0 0 0 0 0 0 0 0 0 0 0 -340.063363313675 0 0 0 0 0 0
"venezuela" 0 0.00128116334963124 0 -3.91221465542912 -9.25455428659916 -19.6979641914368 0 0 0 0 0 0 0 0 0 0 0 0
"eu27" 0 0 0 0 0 0 0 0 -5493.30139160156 -86547.1267700195 -13120.1696395874 -2749.95136260986 0 -86.6031050682068 -3192.38901138306 -65.5936822295189 0 0
"uk" 0 0 0 0 0 0 0 0 0 -1969.38335895538 978.210926055908 -319.144606590271 0 0 0 -137.817606329918 0 0
"efta" 0 0 0 0 0 0 0 0 0 268.701791763306 0 0 0 277.706176042557 166.554421186447 4.48320060968399 0 0
"restofworld" 0 0 0 0 0 0 533.8414311409 58.6578175425529 2044.73352432251 19932.4798583984 1389.82903957367 173.044219613075 8.73701740056276 113.360442221165 357.606053352356 6.6397120244801 0 0
"russia" 0 0 0 0 0 0 0 151.536285877228 12514.6999359131 3842.83518791199 126.210600137711 0 396.366834640503 1591.23694896698 6902.98557281494 0 0 0
"mena" -491.599380970001 0 0 0 0 0 -237.208664417267 -1668.93601417542 -2386.48629188538 1033.2053899765 144.749730825424 0 0 0 -6.3848840072751 0 0 0
"angola" 0 0 14.8253059014678 487.805753946304 589.505255222321 0 0 0 -1.55508797615767 52.7435690164566 0 0 0 0 0 0 0 0
"drc" 0 0 0 0 747.817397117615 1995.31054496765 0 0 0 0 0 0 0 0 0 0 0 0
"nafr" 4.18323511257768 0 0 0 0 0 7.2093172930181 13.625674881041 5.84264285862446 1.98535178788006 0 0 0 0 0 0 0 0
"wafr" 0 0 422.513782978058 2888.62872123718 1695.61052322388 971.983790397644 0 0 0 0 0 0 0 0 0 0 0 0
"cafr" 0 2.49865627847612 0 185.81822514534 1204.21183109283 3025.42543411255 0 0 0 0 0 0 0 0 0 0 0 0
"eafr" 1.45224970765412 74.2325782775879 382.524073123932 1998.0388879776 -163.115471601486 -3858.29472541809 0 0 0 0 -1118.51918697357 -1902.47881412506 0 0 0 0 0 0
"safr" 0 0 -2468.96076202393 -1154.93083000183 -0.704806880094111 162.729382514954 0 -0.0251554811256938 -146.37479186058 85.4202210903168 -77.7634754776955 0 0 0 0 0 0 0
"ivorycoast" 0 0 0 -1402.42695808411 -3224.16257858276 -6660.80856323242 0 0 0 0 0 0 0 0 0 0 0 0
"ghana" 0 0 0 16.3962636142969 672.202229499817 1160.87317466736 0 0 0 0 0 0 0 0 0 0 0 0
"nigeria" 0 0 0 28.4721329808235 1120.16606330872 845.498561859131 0 0 0 0 0 0 0 0 0 0 0 0
"mozambique" 0 0 -1692.09790229797 -6049.94869232178 -3152.53829956055 0 0 0 0 0 0 0 0 0 0 0 0 0
