"argentina" 0 0 0 0 0 0 345.672070980072 921.433329582214 787.687659263611 715.151309967041 0 1133.53443145752 -0.237503787502646 14.2389731481671 34.7290486097336 0 0 0
"bolivia" 0 0 308.308720588684 -1079.63526248932 -2812.83497810364 -5653.19061279297 0 0 -224.587544798851 -262.345731258392 -98.3977317810059 -180.154055356979 0 0 0 0 0 0
"brasil" 0 0 0 -11160.2735519409 -55903.8467407227 -3188.65633010864 0 0 0 0 0 -2006.4537525177 0 0 0 0 0 0
"oceania" 0 0 0 5.85656287148595 -93.9421057701111 -1239.82787132263 0 0 -1.91855547018349 -157.150238752365 -361.500948667526 -1044.60668563843 0 0 0 0 0 0
"newzealand" 0 0 0 0 0 0 0 0 0 0 810.420036315918 2399.14798736572 0 0 0 -215.975612401962 0 0
"china" 0 0 0 0 177.070468664169 36.9073450565338 10.5978362262249 15.2655318379402 2846.52376174927 -635.080218315125 -4638.58604431152 4371.96063995361 30.2710328251123 2.0558584947139 -562.356531620026 0 0 0
"japan" 0 0 0 0 0 0 0 0 57.296309620142 779.303133487701 679.908215999603 509.506225585938 0 0 10.7892854139209 0 0 0
"korea" 0 0 0 0 0 0 0 0 0 -21.6593034565449 -41.7648032307625 0 0 0 0 0 0 0
"indonesia" 0 0 0 -11.2248985096812 -27.9785804450512 -2042.80662536621 0 0 0 0 0 0 0 0 0 0 0 0
"madagascar" 0 0 0 382.106006145477 239.201366901398 2986.46974563599 0 0 0 0 0 0 0 0 0 0 0 0
"eastasia" 0 0 0 0 0 7.33041251078248 0 0 -1010.16926765442 -12392.068862915 -2642.47393608093 0 0 133.440762758255 69.3645253777504 0 0 0
"seasia" 0 0 0 -8391.21055603027 -10911.3368988037 -10377.7713775635 0 0 0 0 -24.6454607695341 -2657.29308128357 0 0 0 0 0 0
"malasya" 0 0 0 0 0 10.0236535072327 0 0 0 0 0 0 0 0 0 0 0 0
"myanmar" 0 0 0 9570.06740570068 17375.7019042969 2057.68346786499 0 0 0 0 3714.28775787354 3245.21446228027 0 0 0 0 0 0
"southasia" 0 0 0 -3643.66412162781 -17223.2322692871 -1055.09829521179 0 0.99952588789165 -4.89151384681463 -3967.96107292175 -209.732919931412 0 0 0 0 0 0 0
"india" 0 1609.33232307434 28312.1776580811 43694.4732666016 8061.53202056885 2117.5594329834 0 2345.34883499146 6622.66492843628 1226.0890007019 879.415035247803 2875.648021698 0 0 0 0 0 0
"canada" 0 0 0 0 0 0 0 5717.55981445312 -407593.353271484 -131849.792480469 -319.026172161102 0 0 -971.081137657166 -14377.8238296509 -4.73087932914495 0 0
"us" 0 0 0 0 0 0 2597.93901443481 16650.2494812012 6056.34498596191 -24689.8803710938 -12144.7658538818 1604.19702529907 -40.4525771737099 -267.179667949677 -21.3893055915833 0 0 0
"mexico" 0 719.21718120575 2416.96405410767 930.253982543945 -917.239189147949 228.810712695122 121.733814477921 519.233465194702 1435.64903736115 186.948969960213 -154.907286167145 -366.196632385254 0 0 0 0 0 0
"colombia" 0 0 0 1.12242414616048 -9.60531271994114 -2252.93922424316 0 0 0 0 0.105279905255884 -335.383057594299 0 0 0 0 0 0
"latinamer" 0 -137.140899896622 68.4949457645416 66.6953325271606 1059.23104286194 -1239.25614356995 251.806825399399 291.28035902977 397.634983062744 596.728801727295 193.116813898087 -1101.79650783539 -3.14961979165673 -59.5289133489132 -362.639367580414 -1359.53152179718 12.7646457403898 0
"paraguay" 0 0 0 0 0 -3231.18257522583 0 0 0 0 0 384.642064571381 0 0 0 0 0 0
"peru" -1.56896072439849 29.2123761028051 28.238620609045 17.3704735934734 97.5345298647881 2221.30990028381 -48.1337942183018 -21.9747442752123 15.0232948362827 18.2079151272774 373.907566070557 3039.01743888855 0 0 0 0 0 0
"uruguay" 0 0 0 0 0 0 0 0 0 0 0 878.043234348297 0 0 0 0 0 0
"venezuela" 0 -0.010047207979369 0 -37.5410802662373 -137.456655502319 -291.189342737198 0 0 0 0 0 0 0 0 0 0 0 0
"eu27" 0 0 0 0 0 0 0 0 7141.38793945312 83432.9223632812 26701.0192871094 4903.01036834717 0 566.490530967712 2741.50252342224 153.786331415176 0 0
"uk" 0 0 0 0 0 0 0 0 0 1583.56857299805 712.536036968231 274.01140332222 0 0 0 97.6059138774872 0 0
"efta" 0 0 0 0 0 0 0 0 0 -1149.43563938141 0 0 0 -397.260248661041 -492.231518030167 -3.10530955903232 0 0
"restofworld" 0 0 0 0 0 0 419.437408447266 -5.99395344033837 -3327.02088356018 -39693.6416625977 -2372.05934524536 -334.551393985748 -1.21102097909898 -65.3062090277672 -638.922154903412 -6.10025366768241 0 0
"russia" 0 0 0 0 0 0 0 -334.816366434097 -26132.2441101074 -6826.44176483154 -322.60075211525 0 -1645.69544792175 -7953.64952087402 -39630.8135986328 0 0 0
"mena" -1357.85746574402 0 0 0 0 0 -803.211569786072 -5375.54502487183 -2523.85926246643 8192.50869750977 1006.46758079529 0 0 0 -11.9401914998889 0 0 0
"angola" 0 0 -42476.3526916504 -762347.900390625 -1053001.70898438 0 0 0 -1893.85175704956 -56404.8194885254 0 0 0 0 0 0 0 0
"drc" 0 0 0 0 1173.2976436615 3604.60948944092 0 0 0 0 0 0 0 0 0 0 0 0
"nafr" -5.88613050058484 0 0 0 0 0 262.094676494598 232.224494218826 0.939573277719319 1.81689439341426 0 0 0 0 0 0 0 0
"wafr" 0 0 232.241928577423 175.121203064919 464.688330888748 -1969.94519233704 0 0 0 0 0 0 0 0 0 0 0 0
"cafr" 0 -2.41027772426605 0 -65.9207403659821 -470.817893743515 -766.879320144653 0 0 0 0 0 0 0 0 0 0 0 0
"eafr" 1.24925293494016 61.6775266826153 311.645239591599 1538.41114044189 -85.4776129126549 -2927.94418334961 0 0 0 0 -833.281338214874 -1455.08050918579 0 0 0 0 0 0
"safr" 0 0 5046.73004150391 2460.54553985596 2.13709729723632 -225.901499390602 0 0.0677433854434639 310.104817152023 34.4915390014648 205.661758780479 0 0 0 0 0 0 0
"ivorycoast" 0 0 0 -3308.09879302979 -7241.75357818604 -14746.6278076172 0 0 0 0 0 0 0 0 0 0 0 0
"ghana" 0 0 0 66.1175698041916 2546.3924407959 3776.88646316528 0 0 0 0 0 0 0 0 0 0 0 0
"nigeria" 0 0 0 72.3766833543777 3306.6554069519 2554.63790893555 0 0 0 0 0 0 0 0 0 0 0 0
"mozambique" 0 0 -784.147083759308 -3141.62158966064 -1764.96744155884 0 0 0 0 0 0 0 0 0 0 0 0 0
