"argentina" 0 0 0 0 0 0 269.022583961487 711.181282997131 539.229989051819 452.117800712585 0 641.705751419067 0.147974002175033 11.507767252624 26.5762936323881 0 0 0
"bolivia" 0 0 403.914868831635 -1275.31778812408 -3315.47522544861 -6692.66843795776 0 0 -272.915780544281 -307.190835475922 -114.094212651253 -207.550778985023 0 0 0 0 0 0
"brasil" 0 0 0 -11987.5202178955 -63993.724822998 -2922.50537872314 0 0 0 0 0 -2198.62341880798 0 0 0 0 0 0
"oceania" 0 0 0 5.81680098548532 -88.1235301494598 -1246.89602851868 0 0 -1.39474426396191 -139.143049716949 -327.538847923279 -948.369979858398 0 0 0 0 0 0
"newzealand" 0 0 0 0 0 0 0 0 0 0 831.997156143188 2465.62743186951 0 0 0 -215.953692793846 0 0
"china" 0 0 0 0 189.743429422379 55.4922260344028 10.7416026294231 16.4907909929752 2951.63679122925 -252.752900123596 -4077.97527313232 4857.28359222412 30.0349965691566 2.10957881063223 -477.562934160233 0 0 0
"japan" 0 0 0 0 0 0 0 0 -116.200543940067 -1599.22027587891 -1280.61664104462 -967.098593711853 0 0 -25.7258862257004 0 0 0
"korea" 0 0 0 0 0 0 0 0 0 -21.5458869934082 -41.2584841251373 0 0 0 0 0 0 0
"indonesia" 0 0 0 -3.02029331214726 -3.65985743701458 -556.670486927032 0 0 0 0 0 0 0 0 0 0 0 0
"madagascar" 0 0 0 389.465242624283 235.528737306595 2946.62165641785 0 0 0 0 0 0 0 0 0 0 0 0
"eastasia" 0 0 0 0 0 14.1956899315119 0 0 -782.501220703125 -10142.2367095947 -2164.5655632019 0 0 130.293190479279 148.858323693275 0 0 0
"seasia" 0 0 0 -8290.74096679688 -10297.8267669678 -9999.73201751709 0 0 0 0 -14.1589036211371 -2601.83906555176 0 0 0 0 0 0
"malasya" 0 0 0 0 0 183.609947562218 0 0 0 0 0 0 0 0 0 0 0 0
"myanmar" 0 0 0 -2746.97494506836 -4492.356300354 -559.115469455719 0 0 0 0 -950.186192989349 -862.38968372345 0 0 0 0 0 0
"southasia" 0 0 0 2212.71133422852 10776.8878936768 688.503861427307 0 -0.595731835346669 2.28513265028596 2144.71220970154 116.620123386383 0 0 0 0 0 0 0
"india" 0 1226.17447376251 22729.772567749 36150.9094238281 6783.10632705688 1823.93860816956 0 2068.11380386353 5858.05320739746 1026.68046951294 696.069180965424 2474.31612014771 0 0 0 0 0 0
"canada" 0 0 0 0 0 0 0 5570.07217407227 -378715.942382812 -122679.534912109 -292.358666658401 0 0 -903.52725982666 -13246.6945648193 -4.57475520670414 0 0
"us" 0 0 0 0 0 0 2165.47060012817 16279.4952392578 5982.4161529541 -23434.4120025635 -10935.4400634766 1361.47964000702 -33.9652597904205 -214.574441313744 -19.7956897318363 0 0 0
"mexico" 0 728.597283363342 2524.97482299805 1055.90772628784 -776.560306549072 317.700862884521 118.756309151649 519.433856010437 1536.94069385529 283.802688121796 -118.446096777916 -349.991321563721 0 0 0 0 0 0
"colombia" 0 0 0 1.15996564272791 -23.8517373800278 -3582.91101455688 0 0 0 0 -0.0103846659840201 -506.163060665131 0 0 0 0 0 0
"latinamer" 0 -136.038586497307 72.9635208845139 87.0494395494461 1088.5044336319 -1125.47993659973 256.905317306519 301.060646772385 410.237848758698 607.545852661133 199.727356433868 -1069.27573680878 -3.0705644749105 -56.086890399456 -349.423706531525 -1338.53840827942 15.7440192997456 0
"paraguay" 0 0 0 0 0 -3328.23204994202 0 0 0 0 0 408.273011445999 0 0 0 0 0 0
"peru" -1.93216954357922 32.1969166398048 30.0500821322203 19.2661471664906 109.698086977005 2510.34951210022 -53.8415983319283 -25.3929384052753 16.3823366165161 20.1043076813221 414.250075817108 3379.92930412292 0 0 0 0 0 0
"uruguay" 0 0 0 0 0 0 0 0 0 0 0 912.185192108154 0 0 0 0 0 0
"venezuela" 0 0.214781233808026 0 82.4734047055244 381.026864051819 955.342411994934 0 0 0 0 0 0 0 0 0 0 0 0
"eu27" 0 0 0 0 0 0 0 0 7635.6782913208 87010.8032226562 29431.7226409912 5366.74976348877 0 649.64497089386 2828.1888961792 171.398729085922 0 0
"uk" 0 0 0 0 0 0 0 0 0 -1937.4680519104 -1702.46648788452 -337.512642145157 0 0 0 -113.81708085537 0 0
"efta" 0 0 0 0 0 0 0 0 0 -1101.4096736908 0 0 0 -379.926115274429 -471.526324748993 -2.95283086597919 0 0
"restofworld" 0 0 0 0 0 0 424.5345890522 -5.55101968348026 -3255.83958625793 -38818.4776306152 -2312.1063709259 -326.836168766022 -0.884062726981938 -61.1138604581356 -623.562097549438 -5.8480273000896 0 0
"russia" 0 0 0 0 0 0 0 -302.978247404099 -23520.2484130859 -5961.61508560181 -291.561841964722 0 -1512.8208398819 -7336.78579330444 -36680.1795959473 0 0 0
"mena" -1338.56272697449 0 0 0 0 0 -799.042582511902 -5361.73486709595 -2385.47325134277 8137.29190826416 1002.27689743042 0 0 0 -12.0572037994862 0 0 0
"angola" 0 0 -42474.2660522461 -762319.519042969 -1052946.53320312 0 0 0 -1893.66221427917 -56404.7698974609 0 0 0 0 0 0 0 0
"drc" 0 0 0 0 1385.14125347137 3969.43092346191 0 0 0 0 0 0 0 0 0 0 0 0
"nafr" -5.64137240871787 0 0 0 0 0 255.411326885223 229.794353246689 1.12204090692103 1.86506204772741 0 0 0 0 0 0 0 0
"wafr" 0 0 160.683125257492 303.76797914505 580.391824245453 -1822.20423221588 0 0 0 0 0 0 0 0 0 0 0 0
"cafr" 0 -1.67245091870427 0 -77.3498117923737 199.306473135948 1262.39085197449 0 0 0 0 0 0 0 0 0 0 0 0
"eafr" 1.23486551456153 61.1184053122997 316.874802112579 1786.67998313904 -29.9819447100163 -2830.17492294312 0 0 0 0 -804.638504981995 -1405.16543388367 0 0 0 0 0 0
"safr" 0 0 5383.19492340088 2691.48397445679 2.44447821751237 -233.468577265739 0 0.0722750482964329 332.471042871475 45.3223884105682 230.574950575829 0 0 0 0 0 0 0
"ivorycoast" 0 0 0 -3337.16249465942 -7509.63020324707 -15438.1170272827 0 0 0 0 0 0 0 0 0 0 0 0
"ghana" 0 0 0 79.3735980987549 3063.79914283752 4652.11343765259 0 0 0 0 0 0 0 0 0 0 0 0
"nigeria" 0 0 0 -65.0233775377274 -2374.85527992249 -1769.92559432983 0 0 0 0 0 0 0 0 0 0 0 0
"mozambique" 0 0 -731.378674507141 -2968.34969520569 -1701.22599601746 0 0 0 0 0 0 0 0 0 0 0 0 0
