"argentina" 0 0 0 0 0 0 12.7802342176437 -249.841317534447 -246.720910072327 -313.408672809601 0 -944.200396537781 -39.6667793393135 -167.930692434311 -100.563660264015 0 0 0
"bolivia" 0 0 43.780729174614 -3693.48454475403 -11261.8827819824 -22679.0065765381 0 0 -950.853586196899 -902.547657489777 -568.710565567017 -995.84686756134 0 0 0 0 0 0
"brasil" 0 0 0 -346.788644790649 3685.42957305908 -4106.17160797119 0 0 0 0 0 -272.343635559082 0 0 0 0 0 0
"oceania" 0 0 0 9.54120233654976 168.457537889481 1892.99917221069 0 0 13.0520211532712 449.741572141647 792.560696601868 2204.78582382202 0 0 0 0 0 0
"newzealand" 0 0 0 0 0 0 0 0 0 0 -726.268291473389 -2050.43935775757 0 0 0 399.01214838028 0 0
"china" 0 0 0 0 15.2608500793576 117.352098226547 0.0394687813241035 6.10151886940002 -24.6468596160412 3447.84665107727 6260.7159614563 1650.27034282684 -9.30348969995975 0.208842728170566 937.638640403748 0 0 0
"japan" 0 0 0 0 0 0 0 0 -444.919139146805 -6141.39366149902 -5152.78816223145 -3871.53482437134 0 0 -88.2812738418579 0 0 0
"korea" 0 0 0 0 0 0 0 0 0 -247.527241706848 -444.323033094406 0 0 0 0 0 0 0
"indonesia" 0 0 0 116.635389626026 175.679907202721 2724.20382499695 0 0 0 0 0 0 0 0 0 0 0 0
"madagascar" 0 0 0 363.035202026367 162.182062864304 2766.33191108704 0 0 0 0 0 0 0 0 0 0 0 0
"eastasia" 0 0 0 0 0 -7.60302972048521 0 0 -3267.14897155762 -36943.9392089844 -7737.20836639404 0 0 294.167280197144 -261.117041110992 0 0 0
"seasia" 0 0 0 10582.0770263672 15571.6953277588 13026.0610580444 0 0 0 0 73.7076550722122 3396.47817611694 0 0 0 0 0 0
"malasya" 0 0 0 0 0 -645.333290100098 0 0 0 0 0 0 0 0 0 0 0 0
"myanmar" 0 0 0 -2231.3449382782 -3794.18420791626 -488.59053850174 0 0 0 0 -781.554520130157 -772.45020866394 0 0 0 0 0 0
"southasia" 0 0 0 -6092.89503097534 -28814.7659301758 -1724.84254837036 0 2.4970336817205 -7.79538322240114 -6877.19106674194 -354.804635047913 0 0 0 0 0 0 0
"india" 0 -1259.78136062622 -23983.5205078125 -37449.7833251953 -6596.69971466064 -1768.7132358551 0 -2152.75883674622 -6659.26122665405 -1148.08011054993 -661.297500133514 -2342.8041934967 0 0 0 0 0 0
"canada" 0 0 0 0 0 0 0 -4198.37999343872 530525.024414062 165638.656616211 394.797533750534 0 0 1163.89513015747 17733.283996582 5.34374685958028 0 0
"us" 0 0 0 0 0 0 -4325.13570785522 -20110.5289459229 -7234.46607589722 33136.4479064941 20332.3974609375 1669.09337043762 76.8511444330215 535.382747650146 31.8038053810596 0 0 0
"mexico" 0 -440.142691135406 -858.06131362915 110.163249075413 1279.02138233185 366.504043340683 -115.142576396465 -375.125586986542 -445.902287960052 372.904241085052 292.477428913116 311.577528715134 0 0 0 0 0 0
"colombia" 0 0 0 1.04054051917046 -15.5248306691647 -1287.87016868591 0 0 0 0 0.294615048915148 -82.8418061137199 0 0 0 0 0 0
"latinamer" 0 191.043585538864 30.4090920835733 689.350724220276 225.450366735458 8147.00317382812 -197.878882288933 -138.725817203522 -178.289160132408 -350.525617599487 280.921459197998 2530.09033203125 5.52668049931526 151.115000247955 750.406861305237 2150.76422691345 59.1623485088348 0
"paraguay" 0 0 0 0 0 -2132.81583786011 0 0 0 0 0 408.295780420303 0 0 0 0 0 0
"peru" -2433.85910987854 -5905.24196624756 -3000.92244148254 -230.782061815262 -12202.1312713623 -137617.279052734 -12343.6946868896 -7881.47878646851 -7814.85891342163 -11849.0591049194 -44696.9375610352 -97999.5422363281 0 0 0 0 0 0
"uruguay" 0 0 0 0 0 0 0 0 0 0 0 2740.41032791138 0 0 0 0 0 0
"venezuela" 0 -0.0428539715358056 0 -58.7375238537788 -237.130805850029 -589.747846126556 0 0 0 0 0 0 0 0 0 0 0 0
"eu27" 0 0 0 0 0 0 0 0 -19713.5887145996 -264381.34765625 -63277.6260375977 -12359.1356277466 0 -950.408399105072 -9494.93789672852 -374.196946620941 0 0
"uk" 0 0 0 0 0 0 0 0 0 269.598484039307 4610.40353775024 81.7789733409882 0 0 0 -18.2164460420609 0 0
"efta" 0 0 0 0 0 0 0 0 0 -1398.80228042603 0 0 0 171.262085437775 -423.823297023773 9.43417474627495 0 0
"restofworld" 0 0 0 0 0 0 1750.4780292511 211.866587400436 9164.9284362793 91123.7106323242 6216.49122238159 785.914778709412 30.669916421175 437.880218029022 1581.81798458099 26.8158316612244 0 0
"russia" 0 0 0 0 0 0 0 -766.69979095459 -57919.0063476562 -16399.2881774902 -772.183895111084 0 -3987.28799819946 -19461.8072509766 -98785.0952148438 0 0 0
"mena" 2335.97350120544 0 0 0 0 0 1485.05282402039 9947.69096374512 3719.66195106506 -15623.5408782959 -1898.06866645813 0 0 0 16.3787323981524 0 0 0
"angola" 0 0 25.0462982803583 477.589786052704 555.528044700623 0 0 0 0.795489293523133 50.899013876915 0 0 0 0 0 0 0 0
"drc" 0 0 0 0 3424.18146133423 6167.80853271484 0 0 0 0 0 0 0 0 0 0 0 0
"nafr" -3.6854213103652 0 0 0 0 0 726.521611213684 625.151395797729 17.2580257058144 9.82006825506687 0 0 0 0 0 0 0 0
"wafr" 0 0 862.470746040344 8084.82933044434 4882.68327713013 3856.65893554688 0 0 0 0 0 0 0 0 0 0 0 0
"cafr" 0 7.30333849787712 0 366.083741188049 4089.96677398682 10665.2460098267 0 0 0 0 0 0 0 0 0 0 0 0
"eafr" 0.921750208362937 45.1955497264862 172.149956226349 -877.055525779724 -1086.0583782196 -4010.73980331421 0 0 0 0 -1139.66107368469 -1800.64713954926 0 0 0 0 0 0
"safr" 0 0 -6057.45601654053 -2817.48008728027 -0.824265764094889 407.609969377518 0 -0.0532265548827127 -354.094624519348 245.467990636826 -163.943767547607 0 0 0 0 0 0 0
"ivorycoast" 0 0 0 -2173.86770248413 -4790.37666320801 -9319.63443756104 0 0 0 0 0 0 0 0 0 0 0 0
"ghana" 0 0 0 75.0667303800583 2579.15925979614 3841.36533737183 0 0 0 0 0 0 0 0 0 0 0 0
"nigeria" 0 0 0 -139.178410172462 -3194.42176818848 -2295.3519821167 0 0 0 0 0 0 0 0 0 0 0 0
"mozambique" 0 0 2691.64538383484 8740.54908752441 4131.83975219727 0 0 0 0 0 0 0 0 0 0 0 0 0
