"argentina" 0 0 0 0 0 0 2676.97620391846 7628.47137451172 8075.76370239258 9788.08879852295 0 18530.3077697754 35.6156937777996 291.173249483109 393.141180276871 0 0 0
"bolivia" 0 0 -454.815536737442 7767.80939102173 22672.9068756104 31033.0104827881 0 0 528.916895389557 548.066854476929 297.890424728394 564.091622829437 0 0 0 0 0 0
"brasil" 0 0 0 -6609.46989059448 -32173.6640930176 -2857.14101791382 0 0 0 0 0 -732.74439573288 0 0 0 0 0 0
"oceania" 0 0 0 3.69042484089732 -136.510118842125 -1513.31651210785 0 0 -3.78486653789878 -262.722194194794 -578.410983085632 -1664.3602848053 0 0 0 0 0 0
"newzealand" 0 0 0 0 0 0 0 0 0 0 1152.06217765808 3440.7320022583 0 0 0 -211.829662322998 0 0
"china" 0 0 0 0 277.801513671875 108.711719512939 13.9649324119091 28.1654950231314 4555.27019500732 715.278625488281 -4355.10015487671 7456.10189437866 44.2181825637817 3.35177686065435 -423.854470252991 0 0 0
"japan" 0 0 0 0 0 0 0 0 -103.824362158775 -1359.46261882782 -1305.56750297546 -983.631491661072 0 0 -9.42282192409039 0 0 0
"korea" 0 0 0 0 0 0 0 0 0 46.2698936462402 86.7374315857887 0 0 0 0 0 0 0
"indonesia" 0 0 0 13016.5309906006 14356.5406799316 -56749.2065429688 0 0 0 0 0 0 0 0 0 0 0 0
"madagascar" 0 0 0 587.797701358795 332.215666770935 4943.67408752441 0 0 0 0 0 0 0 0 0 0 0 0
"eastasia" 0 0 0 0 0 109.123773872852 0 0 -721.195578575134 -13138.1063461304 -2723.15835952759 0 0 364.833116531372 984.142243862152 0 0 0
"seasia" 0 0 0 -7982.23876953125 -8135.67161560059 -9747.84469604492 0 0 0 0 23.5028900206089 -2378.81350517273 0 0 0 0 0 0
"malasya" 0 0 0 0 0 -13255.9928894043 0 0 0 0 0 0 0 0 0 0 0 0
"myanmar" 0 0 0 -3277.95600891113 -5822.64232635498 -738.493800163269 0 0 0 0 -1245.43344974518 -1133.08167457581 0 0 0 0 0 0
"southasia" 0 0 0 -2843.18733215332 -13302.4654388428 -927.465617656708 0 1.24017742928118 -3.49002634175122 -3169.12746429443 -158.810749650002 0 0 0 0 0 0 0
"india" 0 -1250.32198429108 -23598.9761352539 -35637.1726989746 -6636.5270614624 -1864.78936672211 0 -3341.01295471191 -6342.34476089478 -956.27224445343 -701.683104038239 -2238.83104324341 0 0 0 0 0 0
"canada" 0 0 0 0 0 0 0 5268.56899261475 -857035.095214844 -275892.791748047 -664.326310157776 0 0 -2040.50302505493 -30299.8237609863 -11.0375992953777 0 0
"us" 0 0 0 0 0 0 5327.09503173828 29701.5380859375 13395.2360153198 -40957.4737548828 -10422.981262207 16103.7502288818 -31.372606754303 -94.7490707039833 -22.731002420187 0 0 0
"mexico" 0 1229.87198829651 3916.84794425964 1742.99871921539 -1148.5424041748 418.18779706955 185.757100582123 767.515301704407 2406.17704391479 543.215990066528 -128.644645214081 -502.839088439941 0 0 0 0 0 0
"colombia" 0 0 0 182.439416646957 7030.56335449219 412065.246582031 0 0 0 0 90.9849405288696 45538.2843017578 0 0 0 0 0 0
"latinamer" 0 -164.051234722137 217.886418104172 761.106133460999 2695.56522369385 3540.84324836731 492.280960083008 682.353496551514 923.818945884705 1239.71843719482 674.469947814941 -377.145439386368 -2.14880239218473 22.0426600426435 -104.52850908041 -1258.3167552948 114.182531833649 0
"paraguay" 0 0 0 0 0 -12183.2971572876 0 0 0 0 0 -4194.36073303223 0 0 0 0 0 0
"peru" -37.3760834336281 -53.6903962492943 -14.1779407858849 15.1461930945516 -65.5150860548019 412.837386131287 -240.602761507034 -147.643283009529 -102.705523371696 -162.873938679695 -271.082818508148 1797.74618148804 0 0 0 0 0 0
"uruguay" 0 0 0 0 0 0 0 0 0 0 0 344.419717788696 0 0 0 0 0 0
"venezuela" 0 0.750188890378922 0 221.82659804821 1099.42746162415 2761.64174079895 0 0 0 0 0 0 0 0 0 0 0 0
"eu27" 0 0 0 0 0 0 0 0 4609.38549041748 47071.1898803711 19724.781036377 3389.87112045288 0 240.921378135681 1607.4446439743 104.590125381947 0 0
"uk" 0 0 0 0 0 0 0 0 0 -1685.16743183136 -729.343116283417 -287.611305713654 0 0 0 -105.073183774948 0 0
"efta" 0 0 0 0 0 0 0 0 0 -1254.44507598877 0 0 0 -275.083929300308 -492.083877325058 -0.200760376174003 0 0
"restofworld" 0 0 0 0 0 0 1106.52112960815 43.1199297308922 -3438.15064430237 -50055.6411743164 -2848.97541999817 -422.660171985626 0.0604598317295313 -41.9364310801029 -788.491249084473 -6.35450659319758 0 0
"russia" 0 0 0 0 0 0 0 -521.668136119843 -44262.9547119141 -13853.6739349365 -580.498933792114 0 -3125.3559589386 -15124.6347427368 -75747.428894043 0 0 0
"mena" 1745.42462825775 0 0 0 0 0 1051.5193939209 7251.49726867676 4441.13540649414 -9810.85014343262 -1226.54068470001 0 0 0 16.2276700139046 0 0 0
"angola" 0 0 670.14467716217 14518.5413360596 15385.1327896118 0 0 0 13.2659496739507 2189.47815895081 0 0 0 0 0 0 0 0
"drc" 0 0 0 0 5915.37761688232 10279.8509597778 0 0 0 0 0 0 0 0 0 0 0 0
"nafr" -1.88229302875698 0 0 0 0 0 575.100302696228 541.708886623383 16.5001526474953 9.02997329831123 0 0 0 0 0 0 0 0
"wafr" 0 0 921.976387500763 4165.01235961914 2959.35392379761 -1849.53129291534 0 0 0 0 0 0 0 0 0 0 0 0
"cafr" 0 1.11010647378862 0 248.363554477692 2168.16735267639 6971.79126739502 0 0 0 0 0 0 0 0 0 0 0 0
"eafr" 1.65706733241677 76.0691463947296 356.701254844666 1076.52020454407 -460.281997919083 -3615.33784866333 0 0 0 0 -1032.85813331604 -1704.0274143219 0 0 0 0 0 0
"safr" 0 0 8054.34036254883 5488.46292495728 9.52375400811434 -201.13343000412 0 0.150510313687846 594.110608100891 314.444005489349 716.03798866272 0 0 0 0 0 0 0
"ivorycoast" 0 0 0 -4553.88450622559 -9951.1890411377 -19835.1993560791 0 0 0 0 0 0 0 0 0 0 0 0
"ghana" 0 0 0 178.671479225159 5016.41416549683 6322.65138626099 0 0 0 0 0 0 0 0 0 0 0 0
"nigeria" 0 0 0 -98.2787907123566 -3505.25212287903 -2657.27496147156 0 0 0 0 0 0 0 0 0 0 0 0
"mozambique" 0 0 -767.00621843338 -3663.11931610107 -2233.4156036377 0 0 0 0 0 0 0 0 0 0 0 0 0
