"argentina" 0 0 0 0 0 0 37990.3564453125 119162.76550293 120161.224365234 118982.803344727 0 231779.556274414 2014.53876495361 10598.3505249023 9406.37302398682 0 0 0
"bolivia" 0 0 -154.907584190369 -2846.16804122925 -8944.01741027832 -18958.4045410156 0 0 -844.056963920593 -792.197585105896 -532.043218612671 -930.271208286285 0 0 0 0 0 0
"brasil" 0 0 0 -6038.50746154785 7635.94436645508 -69024.8641967773 0 0 0 0 0 -6282.30571746826 0 0 0 0 0 0
"oceania" 0 0 0 -3.24551714584231 229.362890124321 2642.50373840332 0 0 11.6608561947942 500.65541267395 990.950584411621 2835.08777618408 0 0 0 0 0 0
"newzealand" 0 0 0 0 0 0 0 0 0 0 -2963.53054046631 -8895.78533172607 0 0 0 254.748553037643 0 0
"china" 0 0 0 0 -263.7839615345 -472.373008728027 1.82259012944996 -19.7545140981674 -1298.27845096588 -9410.51387786865 -15460.2565765381 -9554.40807342529 1.21768843382597 0.281429092865437 -2199.05352592468 0 0 0
"japan" 0 0 0 0 0 0 0 0 -307.226121425629 -4206.46953582764 -3623.37779998779 -2714.14852142334 0 0 -56.6711835563183 0 0 0
"korea" 0 0 0 0 0 0 0 0 0 -108.465246856213 -172.553360462189 0 0 0 0 0 0 0
"indonesia" 0 0 0 330.821096897125 369.44243311882 -3036.71026229858 0 0 0 0 0 0 0 0 0 0 0 0
"madagascar" 0 0 0 475.228279829025 247.361898422241 3534.46555137634 0 0 0 0 0 0 0 0 0 0 0 0
"eastasia" 0 0 0 0 0 27.7656428515911 0 0 -2446.50769233704 -29944.4484710693 -6333.19282531738 0 0 331.122696399689 195.83597779274 0 0 0
"seasia" 0 0 0 -12057.8060150146 -22058.5765838623 -18657.0777893066 0 0 0 0 -156.139642000198 -4209.51318740845 0 0 0 0 0 0
"malasya" 0 0 0 0 0 -2740.87595939636 0 0 0 0 0 0 0 0 0 0 0 0
"myanmar" 0 0 0 -4760.17999649048 -10229.0515899658 -1436.33627891541 0 0 0 0 -2361.10734939575 -2006.16836547852 0 0 0 0 0 0
"southasia" 0 0 0 1583.44459533691 7571.18129730225 508.830070495605 0 -0.091223009803798 1.70860497746617 1394.15740966797 76.7455995082855 0 0 0 0 0 0 0
"india" 0 766.19291305542 14308.8455200195 23047.9145050049 4310.13774871826 1153.08356285095 0 1124.79829788208 3700.81830024719 670.068264007568 434.952139854431 1594.00963783264 0 0 0 0 0 0
"canada" 0 0 0 0 0 0 0 3958.10747146606 -673346.923828125 -219281.600952148 -507.736146450043 0 0 -1525.1042842865 -22693.546295166 -7.95950554311275 0 0
"us" 0 0 0 0 0 0 -3606.33134841919 -18632.453918457 -6944.06032562256 51884.6664428711 27387.5160217285 3587.6476764679 106.089808046818 748.522222042084 41.2685908377171 0 0 0
"mexico" 0 2761.27576828003 12379.61769104 8864.33792114258 4246.44804000854 4696.15459442139 510.842740535736 2253.92079353333 10454.0557861328 6339.72835540771 1563.48133087158 -138.148784637451 0 0 0 0 0 0
"colombia" 0 0 0 1.82427372783422 42.5518378615379 2977.34117507935 0 0 0 0 0.818660308141261 359.548628330231 0 0 0 0 0 0
"latinamer" 0 -197.04233109951 -8.29417631030083 -504.488050937653 -201.790124177933 -9035.78567504883 259.391069412231 277.893573045731 326.071292161942 541.058540344238 -124.976277351379 -2338.51194381714 -5.34994341433048 -128.268539905548 -665.493726730347 -2092.85736083984 -29.3667539954185 0
"paraguay" 0 0 0 0 0 -14379.2867660522 0 0 0 0 0 -5391.37935638428 0 0 0 0 0 0
"peru" -2437.7110004425 -5940.63758850098 -3019.37651634216 -234.904438257217 -12289.342880249 -138380.508422852 -12343.1978225708 -7893.11504364014 -7832.68070220947 -11888.0310058594 -44866.1575317383 -98951.2176513672 0 0 0 0 0 0
"uruguay" 0 0 0 0 0 0 0 0 0 0 0 -3789.38341140747 0 0 0 0 0 0
"venezuela" 0 0.514598505105823 0 212.147295475006 994.326949119568 2456.60901069641 0 0 0 0 0 0 0 0 0 0 0 0
"eu27" 0 0 0 0 0 0 0 0 -2239.11571502686 -30392.4617767334 -7747.4250793457 -1468.23978424072 0 -184.673309326172 -1048.13170433044 -45.018095523119 0 0
"uk" 0 0 0 0 0 0 0 0 0 -1986.14490032196 -562.83712387085 -336.21871471405 0 0 0 -127.288967370987 0 0
"efta" 0 0 0 0 0 0 0 0 0 -1857.85174369812 0 0 0 -388.477116823196 -724.197506904602 0.000251049641519785 0 0
"restofworld" 0 0 0 0 0 0 1531.19218349457 58.1893585622311 -4609.73834991455 -64595.6420898438 -3442.18039512634 -540.384829044342 9.30837355554104 -0.170364510267973 -998.856782913208 -2.86153657361865 0 0
"russia" 0 0 0 0 0 0 0 -769.601941108704 -60031.9366455078 -16948.3451843262 -782.979249954224 0 -3768.64814758301 -17861.5455627441 -88959.5794677734 0 0 0
"mena" -625.730216503143 0 0 0 0 0 -323.999762535095 -2064.79859352112 -1770.0469493866 2550.85563659668 290.630698204041 0 0 0 -6.82385545223951 0 0 0
"angola" 0 0 158.491671085358 4187.78324127197 4165.64464569092 0 0 0 -1.26389181241393 765.264749526978 0 0 0 0 0 0 0 0
"drc" 0 0 0 0 265.424579381943 1841.42351150513 0 0 0 0 0 0 0 0 0 0 0 0
"nafr" -10.1048164069653 0 0 0 0 0 639.491438865662 467.33570098877 3.13317775726318 3.70553298853338 0 0 0 0 0 0 0 0
"wafr" 0 0 353.160738945007 387.298613786697 590.742349624634 -3019.23799514771 0 0 0 0 0 0 0 0 0 0 0 0
"cafr" 0 -2.12044594809413 0 -96.8257933855057 -261.813223361969 58.6376637220383 0 0 0 0 0 0 0 0 0 0 0 0
"eafr" 1.70878833159804 81.4854800701141 405.319631099701 1816.96391105652 -279.672980308533 -3953.64904403687 0 0 0 0 -1129.84037399292 -1866.00720882416 0 0 0 0 0 0
"safr" 0 0 9436.3842010498 5303.57360839844 6.5293200314045 -343.702882528305 0 0.165042583830655 652.588784694672 281.934440135956 590.036869049072 0 0 0 0 0 0 0
"ivorycoast" 0 0 0 -2607.56826400757 -5778.11574935913 -12095.7107543945 0 0 0 0 0 0 0 0 0 0 0 0
"ghana" 0 0 0 72.7743580937386 2336.26103401184 3221.94242477417 0 0 0 0 0 0 0 0 0 0 0 0
"nigeria" 0 0 0 -114.750847220421 -3569.53072547913 -2644.57273483276 0 0 0 0 0 0 0 0 0 0 0 0
"mozambique" 0 0 3731.68516159058 12771.800994873 6478.52039337158 0 0 0 0 0 0 0 0 0 0 0 0 0
