"argentina" 0 0 0 0 0 0 -14531.8956375122 -42307.2967529297 -48365.9210205078 -28707.4794769287 0 -47528.4996032715 -380.582928657532 -2433.19129943848 -2734.0350151062 0 0 0
"bolivia" 0 0 -107559.722900391 -647824.768066406 -1817011.35253906 -3662063.96484375 0 0 -198536.834716797 -117730.110168457 -82991.0659790039 -118667.770385742 0 0 0 0 0 0
"brasil" 0 0 0 -35688.8198852539 -153942.657470703 -146475.051879883 0 0 0 0 0 -21449.1062164307 0 0 0 0 0 0
"oceania" 0 0 0 152.815267443657 242.677807807922 -416.768550872803 0 0 69.6761831641197 1543.53833198547 2061.49387359619 5436.86008453369 0 0 0 0 0 0
"newzealand" 0 0 0 0 0 0 0 0 0 0 8161.91959381104 25412.4336242676 0 0 0 1474.61175918579 0 0
"china" 0 0 0 0 4089.40505981445 3810.17851829529 148.408427834511 355.486035346985 47418.7240600586 61958.2061767578 53784.2712402344 122756.66809082 374.320089817047 26.8510915338993 9040.92597961426 0 0 0
"japan" 0 0 0 0 0 0 0 0 203.003644943237 2884.82189178467 1943.10331344604 1488.25705051422 0 0 66.8593570590019 0 0 0
"korea" 0 0 0 0 0 0 0 0 0 161.690920591354 312.326848506927 0 0 0 0 0 0 0
"indonesia" 0 0 0 361.234337091446 721.777558326721 31639.4653320312 0 0 0 0 0 0 0 0 0 0 0 0
"madagascar" 0 0 0 194.854900240898 147.689312696457 1535.34078598022 0 0 0 0 0 0 0 0 0 0 0 0
"eastasia" 0 0 0 0 0 21.6630473732948 0 0 383.148908615112 1683.9714050293 163.695812225342 0 0 65.673790872097 397.022724151611 0 0 0
"seasia" 0 0 0 -3542.50860214233 -187.483787536621 -2119.59409713745 0 0 0 0 76.3710886240005 -838.56213092804 0 0 0 0 0 0
"malasya" 0 0 0 0 0 5301.90181732178 0 0 0 0 0 0 0 0 0 0 0 0
"myanmar" 0 0 0 -365.398645401001 426.026821136475 -21.4618444442749 0 0 0 0 128.40473651886 30.8026075363159 0 0 0 0 0 0
"southasia" 0 0 0 1911.43345832825 6818.36128234863 992.282152175903 0 3.31109063699841 4.46636043488979 1005.04469871521 55.1027059555054 0 0 0 0 0 0 0
"india" 0 2345.67594528198 39915.2565002441 61853.1455993652 11458.6544036865 2989.59469795227 0 3384.08517837524 8688.76075744629 1681.89680576324 1336.97283267975 3994.36092376709 0 0 0 0 0 0
"canada" 0 0 0 0 0 0 0 3660.05063056946 314111.999511719 84390.2130126953 298.351526260376 0 0 989.189863204956 17084.6157073975 6.99309632182121 0 0
"us" 0 0 0 0 0 0 5139.4157409668 32416.316986084 10357.5210571289 39909.2788696289 43619.5602416992 56291.5916442871 231.179669499397 1835.68620681763 58.1540390849113 0 0 0
"mexico" 0 -922.830581665039 -2425.38094520569 -680.567622184753 1025.00939369202 21.6501355171204 -109.962984919548 -400.767803192139 -1117.10214614868 -472.513496875763 -11.0044367611408 227.277308702469 0 0 0 0 0 0
"colombia" 0 0 0 104.054920375347 4118.19362640381 242643.87512207 0 0 0 0 54.3219521641731 26858.4861755371 0 0 0 0 0 0
"latinamer" 0 36.2000241875648 521.326124668121 3269.19746398926 7212.93354034424 29743.1354522705 510.896742343903 901.955664157867 1279.89339828491 1628.52489948273 2158.18357467651 4341.28618240356 5.28158247470856 253.456234931946 961.680591106415 1355.61656951904 256.239742040634 0
"paraguay" 0 0 0 0 0 -30082.8857421875 0 0 0 0 0 -9326.45416259766 0 0 0 0 0 0
"peru" 860.775172710419 2061.81645393372 1006.15000724792 97.4042564630508 4054.02088165283 43675.5485534668 4292.19341278076 2708.83011817932 2768.79477500916 4189.23234939575 15944.8184967041 35893.4211730957 0 0 0 0 0 0
"uruguay" 0 0 0 0 0 0 0 0 0 0 0 -5170.48311233521 0 0 0 0 0 0
"venezuela" 0 -1.50615931488574 0 -411.784291267395 -2181.36215209961 -5912.24336624146 0 0 0 0 0 0 0 0 0 0 0 0
"eu27" 0 0 0 0 0 0 0 0 26354.5799255371 304528.778076172 99031.7535400391 17839.4546508789 0 2271.13437652588 9986.33766174316 588.081121444702 0 0
"uk" 0 0 0 0 0 0 0 0 0 2235.19802093506 -574.827909469604 373.95453453064 0 0 0 150.048062205315 0 0
"efta" 0 0 0 0 0 0 0 0 0 -696.010828018188 0 0 0 -550.192415714264 -381.796777248383 -8.05705040693283 0 0
"restofworld" 0 0 0 0 0 0 -1292.58000850677 -132.414117455482 -2683.50458145142 -19110.8570098877 -1490.40269851685 -166.86624288559 -13.2949706166983 -167.183831334114 -372.295200824738 -8.25920514762402 0 0
"russia" 0 0 0 0 0 0 0 161.503285169601 12843.6622619629 5572.96276092529 219.335377216339 0 1404.77609634399 7212.7947807312 38374.1912841797 0 0 0
"mena" -1052.76358127594 0 0 0 0 0 -999.550580978394 -6017.60911941528 8338.24253082275 19096.45652771 2213.04059028625 0 0 0 6.06125639751554 0 0 0
"angola" 0 0 -40638.6680603027 -715280.029296875 -999513.610839844 0 0 0 -1886.82818412781 -49246.9635009766 0 0 0 0 0 0 0 0
"drc" 0 0 0 0 -2133.61978530884 101.137161254883 0 0 0 0 0 0 0 0 0 0 0 0
"nafr" 6.1179930344224 0 0 0 0 0 -836.43501996994 -759.25475358963 -16.6587475687265 -10.7773682102561 0 0 0 0 0 0 0 0
"wafr" 0 0 944.803714752197 4383.60691070557 3150.62093734741 -933.929443359375 0 0 0 0 0 0 0 0 0 0 0 0
"cafr" 0 -2.36642197705805 0 -101.015225052834 -352.093040943146 -1026.3409614563 0 0 0 0 0 0 0 0 0 0 0 0
"eafr" 0.784019415732473 39.9654805660248 216.970771551132 1507.27367401123 228.959813714027 -1442.24286079407 0 0 0 0 -383.824199438095 -785.078763961792 0 0 0 0 0 0
"safr" 0 0 4520.87688446045 4169.95620727539 13.5358581319451 233.837991952896 0 0.0966310399235226 290.210843086243 599.844694137573 798.19130897522 0 0 0 0 0 0 0
"ivorycoast" 0 0 0 -3178.33399772644 -6974.0686416626 -13705.1239013672 0 0 0 0 0 0 0 0 0 0 0 0
"ghana" 0 0 0 173.747420310974 4428.51209640503 4882.57789611816 0 0 0 0 0 0 0 0 0 0 0 0
"nigeria" 0 0 0 -769.889116287231 5432.43885040283 6359.42411422729 0 0 0 0 0 0 0 0 0 0 0 0
"mozambique" 0 0 275.304436683655 445.326328277588 20.1807022094727 0 0 0 0 0 0 0 0 0 0 0 0 0
