"argentina" 0 0 0 0 0 0 1808.25591087341 4334.83457565308 4923.19440841675 4074.21922683716 0 6576.99012756348 -87.7178385853767 -273.390233516693 -11.5560181438923 0 0 0
"bolivia" 0 0 -1230.28492927551 6611.14501953125 18216.4707183838 22172.5463867188 0 0 169.459268450737 255.546480417252 -18.0878099054098 21.5634740889072 0 0 0 0 0 0
"brasil" 0 0 0 19758.415222168 151435.180664062 16862.6880645752 0 0 0 0 0 7054.83436584473 0 0 0 0 0 0
"oceania" 0 0 0 -7.59612489491701 -90.344175696373 -889.599204063416 0 0 -6.91212248057127 -243.072256445885 -437.072813510895 -1223.11568260193 0 0 0 0 0 0
"newzealand" 0 0 0 0 0 0 0 0 0 0 -825.912356376648 -2624.17316436768 0 0 0 -298.539340496063 0 0
"china" 0 0 0 0 260.225355625153 137.438714504242 14.3446996808052 27.7255401015282 4182.04784393311 1767.28713512421 -1933.15076828003 7479.44116592407 36.5231856703758 3.26176080852747 -73.2808113098145 0 0 0
"japan" 0 0 0 0 0 0 0 0 -106.475926935673 -1456.66992664337 -1165.70937633514 -884.513318538666 0 0 -22.609481588006 0 0 0
"korea" 0 0 0 0 0 0 0 0 0 19.8298320174217 33.5634127259254 0 0 0 0 0 0 0
"indonesia" 0 0 0 126.734465360641 14.2109356820583 -16048.0728149414 0 0 0 0 0 0 0 0 0 0 0 0
"madagascar" 0 0 0 472.883403301239 219.412833452225 4048.75326156616 0 0 0 0 0 0 0 0 0 0 0 0
"eastasia" 0 0 0 0 0 63.1118640303612 0 0 -553.936541080475 -9041.46862030029 -1853.65545749664 0 0 220.562055706978 547.041773796082 0 0 0
"seasia" 0 0 0 -3645.14565467834 -2552.83164978027 -4695.17183303833 0 0 0 0 41.459959000349 -1100.28576850891 0 0 0 0 0 0
"malasya" 0 0 0 0 0 -4257.6322555542 0 0 0 0 0 0 0 0 0 0 0 0
"myanmar" 0 0 0 -1719.46620941162 -3447.98469543457 -448.279231786728 0 0 0 0 -748.717308044434 -683.27784538269 0 0 0 0 0 0
"southasia" 0 0 0 -1527.81856060028 -7784.41619873047 -381.564944982529 0 1.86923914588988 -1.48966861888766 -2105.03888130188 -106.882020831108 0 0 0 0 0 0 0
"india" 0 -491.049766540527 -10946.1784362793 -15654.0050506592 -2792.66309738159 -820.326209068298 0 -1442.43574142456 -3833.20641517639 -520.08980512619 -203.811585903168 -1028.24687957764 0 0 0 0 0 0
"canada" 0 0 0 0 0 0 0 5741.54758453369 -604773.498535156 -187780.456542969 -477.259129285812 0 0 -1455.57904243469 -22171.5564727783 -7.54947867244482 0 0
"us" 0 0 0 0 0 0 4620.73802947998 23506.1798095703 9117.71488189697 -31715.1756286621 -10662.0750427246 11730.8921813965 -34.4639346003532 -172.875136137009 -20.4404257237911 0 0 0
"mexico" 0 1202.83484458923 3976.17721557617 1916.09060764313 -710.917830467224 588.137328624725 187.658250331879 766.656756401062 2479.78067398071 819.327175617218 -11.9216432794929 -416.180491447449 0 0 0 0 0 0
"colombia" 0 0 0 247.541755437851 9397.10712432861 546287.963867188 0 0 0 0 121.926315128803 60523.6930847168 0 0 0 0 0 0
"latinamer" 0 -79.9780935049057 63.3772164583206 190.702557563782 967.342257499695 619.606018066406 157.307386398315 198.834359645844 273.086577653885 454.344362020493 274.032235145569 -377.335250377655 -1.48116471245885 -13.9787588268518 -131.489083170891 -651.791632175446 27.5636240839958 0
"paraguay" 0 0 0 0 0 -14565.2275085449 0 0 0 0 0 -5347.35774993896 0 0 0 0 0 0
"peru" -2341.18747711182 -5697.24321365356 -2909.85465049744 -232.585355639458 -11773.9295959473 -133229.66003418 -11879.0912628174 -7599.98989105225 -7544.0821647644 -11442.7146911621 -43304.5806884766 -96349.5254516602 0 0 0 0 0 0
"uruguay" 0 0 0 0 0 0 0 0 0 0 0 -4337.38422393799 0 0 0 0 0 0
"venezuela" 0 0.920196122024208 0 282.03821182251 1455.74116706848 3505.96046447754 0 0 0 0 0 0 0 0 0 0 0 0
"eu27" 0 0 0 0 0 0 0 0 -14584.3524932861 -208456.756591797 -41708.3511352539 -8282.25135803223 0 -638.825476169586 -7568.33791732788 -241.756856441498 0 0
"uk" 0 0 0 0 0 0 0 0 0 -1598.98281097412 3655.06362915039 -232.022285461426 0 0 0 -134.935691952705 0 0
"efta" 0 0 0 0 0 0 0 0 0 -2175.17900466919 0 0 0 -29.6296626329422 -748.634934425354 8.79829376935959 0 0
"restofworld" 0 0 0 0 0 0 2677.38389968872 214.89055454731 2014.69969749451 3117.04444885254 888.720393180847 40.1510670781136 26.4298394322395 282.945990562439 186.254948377609 12.5630246475339 0 0
"russia" 0 0 0 0 0 0 0 -83.4426581859589 -5310.06145477295 -1432.96456336975 -176.383554935455 0 -1643.77379417419 -8894.67334747314 -48144.3519592285 0 0 0
"mena" 755.828499794006 0 0 0 0 0 563.502907752991 3814.69392776489 169.141098856926 -7105.17549514771 -862.457036972046 0 0 0 3.96554591134191 0 0 0
"angola" 0 0 493.679523468018 11136.9686126709 11800.9729385376 0 0 0 5.77225722372532 1687.49094009399 0 0 0 0 0 0 0 0
"drc" 0 0 0 0 4758.8062286377 5338.34457397461 0 0 0 0 0 0 0 0 0 0 0 0
"nafr" 3.8570542819798 0 0 0 0 0 460.466027259827 422.602146863937 19.9070833623409 9.26386006176472 0 0 0 0 0 0 0 0
"wafr" 0 0 1626.90770626068 8261.4860534668 5236.07063293457 -1461.31873130798 0 0 0 0 0 0 0 0 0 0 0 0
"cafr" 0 5.00441947951913 0 590.173482894897 3995.70345878601 11297.6427078247 0 0 0 0 0 0 0 0 0 0 0 0
"eafr" 0.877632526680827 36.636121571064 193.718641996384 1397.43673801422 223.33174943924 -672.446548938751 0 0 0 0 -219.293817877769 -326.88444852829 0 0 0 0 0 0
"safr" 0 0 4672.043800354 3392.86661148071 7.04765366390347 -28.3858515322208 0 0.102847334346734 371.036976575851 333.114326000214 510.800182819366 0 0 0 0 0 0 0
"ivorycoast" 0 0 0 10141.5462493896 19253.8528442383 54938.0111694336 0 0 0 0 0 0 0 0 0 0 0 0
"ghana" 0 0 0 4856.00662231445 67167.8619384766 -25340.8126831055 0 0 0 0 0 0 0 0 0 0 0 0
"nigeria" 0 0 0 -9.24629345536232 -1156.29208087921 -969.846665859222 0 0 0 0 0 0 0 0 0 0 0 0
"mozambique" 0 0 529.843032360077 499.577522277832 -254.561126232147 0 0 0 0 0 0 0 0 0 0 0 0 0
