"argentina" 0 0 0 0 0 0 3047.21903800964 8712.97264099121 9372.66540527344 11016.3021087646 0 20767.5037384033 41.1641597747803 337.48584985733 453.205794095993 0 0 0
"bolivia" 0 0 114.089749753475 617.913365364075 2053.32326889038 2112.3514175415 0 0 -2.9934523627162 -38.5393127799034 12.9044055938721 20.3612465411425 0 0 0 0 0 0
"brasil" 0 0 0 -2362.90454864502 7072.28374481201 -10779.0546417236 0 0 0 0 0 -657.9869389534 0 0 0 0 0 0
"oceania" 0 0 0 21.0650935769081 -119.176030158997 -1681.22017383575 0 0 2.70757544785738 -121.516048908234 -392.951488494873 -1173.3785867691 0 0 0 0 0 0
"newzealand" 0 0 0 0 0 0 0 0 0 0 1287.40215301514 3850.28100013733 0 0 0 -230.503395199776 0 0
"china" 0 0 0 0 342.822819948196 149.63760972023 16.0063393414021 30.98707459867 5079.36573028564 948.517560958862 -4554.07047271729 8890.29121398926 51.6652911901474 3.59248323366046 -452.693581581116 0 0 0
"japan" 0 0 0 0 0 0 0 0 55.7059720158577 826.922237873077 496.989220380783 376.90195441246 0 0 24.152047932148 0 0 0
"korea" 0 0 0 0 0 0 0 0 0 131.105005741119 244.274601340294 0 0 0 0 0 0 0
"indonesia" 0 0 0 13057.9347610474 14414.4201278687 -59670.4940795898 0 0 0 0 0 0 0 0 0 0 0 0
"madagascar" 0 0 0 748.313665390015 411.459922790527 6012.2652053833 0 0 0 0 0 0 0 0 0 0 0 0
"eastasia" 0 0 0 0 0 130.8404058218 0 0 1011.65544986725 8186.25450134277 1984.34329032898 0 0 179.743438959122 1005.36417961121 0 0 0
"seasia" 0 0 0 15847.5151062012 26411.0794067383 22105.6022644043 0 0 0 0 144.371032714844 5646.00038528442 0 0 0 0 0 0
"malasya" 0 0 0 0 0 -13135.2386474609 0 0 0 0 0 0 0 0 0 0 0 0
"myanmar" 0 0 0 -5992.46788024902 -9212.6989364624 -1149.29175376892 0 0 0 0 -1896.27468585968 -1808.06338787079 0 0 0 0 0 0
"southasia" 0 0 0 1434.03589725494 7148.61488342285 421.215057373047 0 0.120330165373161 1.32535363081843 1123.78656864166 69.9227452278137 0 0 0 0 0 0 0
"india" 0 -1375.21123886108 -27261.3983154297 -42418.4646606445 -7765.35129547119 -2184.88359451294 0 -3689.5010471344 -7969.04134750366 -1200.73866844177 -766.71290397644 -2672.05381393433 0 0 0 0 0 0
"canada" 0 0 0 0 0 0 0 7393.87893676758 -776061.157226562 -251270.370483398 -610.595703125 0 0 -1818.24398040771 -27034.0232849121 -8.75752046704292 0 0
"us" 0 0 0 0 0 0 4441.37191772461 30179.5043945312 13090.124130249 -32711.3494873047 -9798.18058013916 11226.0065078735 -20.478755235672 -11.8542313575745 -21.2757475674152 0 0 0
"mexico" 0 1506.65974617004 5099.22122955322 2459.6962928772 -809.279024600983 920.791745185852 228.019803762436 985.448956489563 3179.24499511719 1056.52320384979 -3.52591834962368 -522.53121137619 0 0 0 0 0 0
"colombia" 0 0 0 3.81187512539327 105.855152010918 4900.96139907837 0 0 0 0 1.52285990770906 441.940039396286 0 0 0 0 0 0
"latinamer" 0 -180.386379361153 258.443117141724 935.900688171387 3152.58288383484 4372.88999557495 584.510087966919 815.757095813751 1111.487865448 1440.33360481262 772.010624408722 -342.946082353592 -2.18967418186367 34.9483788013458 -78.9406001567841 -1370.67079544067 139.648705720901 0
"paraguay" 0 0 0 0 0 -12735.2638244629 0 0 0 0 0 -4324.20682907104 0 0 0 0 0 0
"peru" -0.54259889293462 28.6017917096615 27.2286180406809 16.1267593502998 89.9394154548645 1981.8856716156 -41.9661067426205 -19.5396654307842 15.4176196083426 17.9156847298145 355.709850788116 2806.30898475647 0 0 0 0 0 0
"uruguay" 0 0 0 0 0 0 0 0 0 0 0 536.264181137085 0 0 0 0 0 0
"venezuela" 0 0.890336930751801 0 245.466679334641 1253.96466255188 3144.17362213135 0 0 0 0 0 0 0 0 0 0 0 0
"eu27" 0 0 0 0 0 0 0 0 2084.26451683044 9667.27638244629 13474.3938446045 2157.30381011963 0 371.476829051971 190.795004367828 79.5785933732986 0 0
"uk" 0 0 0 0 0 0 0 0 0 -1594.9684381485 39.8246273398399 -266.394257545471 0 0 0 -104.725822806358 0 0
"efta" 0 0 0 0 0 0 0 0 0 -1322.78442382812 0 0 0 -210.382878780365 -499.930828809738 1.42008089460433 0 0
"restofworld" 0 0 0 0 0 0 1747.36654758453 84.2533931136131 -3385.46800613403 -51325.9887695312 -2803.61938476562 -428.549468517303 7.29866279289126 25.5260467529297 -774.951219558716 -4.1337301954627 0 0
"russia" 0 0 0 0 0 0 0 -494.986414909363 -39495.2850341797 -10720.5181121826 -524.84655380249 0 -3015.47384262085 -14949.3961334229 -75670.4711914062 0 0 0
"mena" -515.170276165009 0 0 0 0 0 -281.96594119072 -1803.2009601593 -443.698137998581 2975.37112236023 343.067467212677 0 0 0 -4.52346075326204 0 0 0
"angola" 0 0 -42520.565032959 -763637.756347656 -1054343.50585938 0 0 0 -1884.25731658936 -56589.7674560547 0 0 0 0 0 0 0 0
"drc" 0 0 0 0 4862.12539672852 8779.22058105469 0 0 0 0 0 0 0 0 0 0 0 0
"nafr" 9.09752212464809 0 0 0 0 0 63.0239993333817 64.9122223258018 14.2682865262032 4.98375762254 0 0 0 0 0 0 0 0
"wafr" 0 0 708.688318729401 2447.44634628296 1935.74035167694 -3663.38467597961 0 0 0 0 0 0 0 0 0 0 0 0
"cafr" 0 -0.524300208780915 0 90.2447625994682 1346.99058532715 4798.34461212158 0 0 0 0 0 0 0 0 0 0 0 0
"eafr" 2.17014830559492 100.99969804287 523.838043212891 3088.25731277466 121.243998408318 -3709.66815948486 0 0 0 0 -1072.18313217163 -1839.0554189682 0 0 0 0 0 0
"safr" 0 0 8805.27687072754 5874.04155731201 8.72448831796646 -287.522077560425 0 0.169739694683813 651.045799255371 313.549816608429 708.440959453583 0 0 0 0 0 0 0
"ivorycoast" 0 0 0 -2865.78273773193 -6433.04872512817 -13247.6768493652 0 0 0 0 0 0 0 0 0 0 0 0
"ghana" 0 0 0 4758.88204574585 66194.4274902344 -24856.4949035645 0 0 0 0 0 0 0 0 0 0 0 0
"nigeria" 0 0 0 42.5058528780937 1693.4380531311 1236.69922351837 0 0 0 0 0 0 0 0 0 0 0 0
"mozambique" 0 0 -1038.54882717133 -4409.86633300781 -2619.88162994385 0 0 0 0 0 0 0 0 0 0 0 0 0
