"argentina" 0 0 0 0 0 0 34541.0346984863 109700.881958008 110908.638000488 113512.405395508 0 223432.571411133 2041.70083999634 10500.4997253418 9038.88034820557 0 0 0
"bolivia" 0 0 -26500.2555847168 289736.877441406 850330.56640625 1655249.51171875 0 0 64236.6104125977 74305.9005737305 44891.773223877 79428.1005859375 0 0 0 0 0 0
"brasil" 0 0 0 -18880.0830841064 -80280.4183959961 -62710.7315063477 0 0 0 0 0 -8996.92440032959 0 0 0 0 0 0
"oceania" 0 0 0 13.7246865779161 -85.8549922704697 -1233.65640640259 0 0 1.80013477802277 -93.9334481954575 -284.630239009857 -846.982181072235 0 0 0 0 0 0
"newzealand" 0 0 0 0 0 0 0 0 0 0 26.4850854873657 3.84664535522461 0 0 0 -227.83599793911 0 0
"china" 0 0 0 0 590.991854667664 440.218210220337 25.1456070691347 52.0989708602428 7505.53798675537 6289.49499130249 2135.68210601807 16736.7134094238 63.5250806808472 4.74521610885859 552.535712718964 0 0 0
"japan" 0 0 0 0 0 0 0 0 -156.549483537674 -2148.34928512573 -1773.06747436523 -1334.61785316467 0 0 -32.6126143336296 0 0 0
"korea" 0 0 0 0 0 0 0 0 0 170.779496431351 326.150357723236 0 0 0 0 0 0 0
"indonesia" 0 0 0 106.474749743938 98.2849299907684 -3903.89466285706 0 0 0 0 0 0 0 0 0 0 0 0
"madagascar" 0 0 0 -275.197505950928 -288.385033607483 -2291.94498062134 0 0 0 0 0 0 0 0 0 0 0 0
"eastasia" 0 0 0 0 0 77.6626542210579 0 0 1676.7213344574 18924.5948791504 4277.24266052246 0 0 -48.209123313427 467.913031578064 0 0 0
"seasia" 0 0 0 20820.6424713135 33100.0862121582 27546.8044281006 0 0 0 0 168.392926454544 7255.50317764282 0 0 0 0 0 0
"malasya" 0 0 0 0 0 -5226.68790817261 0 0 0 0 0 0 0 0 0 0 0 0
"myanmar" 0 0 0 -3939.94498252869 -7075.87194442749 -1135.76781749725 0 0 0 0 -1609.49683189392 -1482.40351676941 0 0 0 0 0 0
"southasia" 0 0 0 -3473.0339050293 -16899.2156982422 -944.777607917786 0 1.81058456655592 -3.9836447685957 -3926.00107192993 -206.326141953468 0 0 0 0 0 0 0
"india" 0 1894.77348327637 33837.9669189453 56108.7646484375 10309.5703125 2670.57847976685 0 2381.67953491211 8238.43860626221 1603.47414016724 1130.04148006439 3722.00584411621 0 0 0 0 0 0
"canada" 0 0 0 0 0 0 0 5371.97017669678 -470216.552734375 -155068.405151367 -361.240208148956 0 0 -1113.2355928421 -16479.4540405273 -5.80844935029745 0 0
"us" 0 0 0 0 0 0 3429.97574806213 25147.9930877686 8889.17446136475 -19766.809463501 -2391.08943939209 12013.2808685303 10.9604429453611 180.34416437149 -8.86191055178642 0 0 0
"mexico" 0 698.284864425659 2410.56442260742 941.542983055115 -875.744819641113 151.441290974617 115.652814507484 490.56214094162 1779.4942855835 348.273247480392 -103.986501693726 -343.896001577377 0 0 0 0 0 0
"colombia" 0 0 0 4.63745091110468 96.3864848017693 2933.45165252686 0 0 0 0 1.43920490518212 79.6880796551704 0 0 0 0 0 0
"latinamer" 0 -113.145284354687 47.2743920981884 169.604107737541 998.64262342453 -248.454332351685 175.503641366959 208.527863025665 272.022157907486 478.984355926514 287.98633813858 -802.337884902954 -2.89524486288428 -66.2556812167168 -347.980678081512 -1138.47208023071 -6.35433569550514 0
"paraguay" 0 0 0 0 0 -10577.1026611328 0 0 0 0 0 -1279.95681762695 0 0 0 0 0 0
"peru" 188.500598073006 470.914006233215 240.252286195755 37.2417643666267 961.287617683411 11554.8515319824 907.721638679504 571.217894554138 623.26180934906 930.804431438446 3854.36105728149 10679.9640655518 0 0 0 0 0 0
"uruguay" 0 0 0 0 0 0 0 0 0 0 0 -6231.11724853516 0 0 0 0 0 0
"venezuela" 0 0.411232409533113 0 150.086522102356 688.736796379089 1649.0433216095 0 0 0 0 0 0 0 0 0 0 0 0
"eu27" 0 0 0 0 0 0 0 0 -10646.463394165 -139044.799804688 -35825.9887695312 -6908.66279602051 0 -259.039878845215 -4985.64767837524 -194.942697882652 0 0
"uk" 0 0 0 0 0 0 0 0 0 227.153390645981 2161.04030609131 52.7449995279312 0 0 0 -1.70134706422687 0 0
"efta" 0 0 0 0 0 0 0 0 0 -1128.72242927551 0 0 0 35.6835275888443 -363.042622804642 5.50826545804739 0 0
"restofworld" 0 0 0 0 0 0 2118.38841438293 139.582172036171 -871.496915817261 -27080.961227417 -931.388556957245 -217.267692089081 20.5882750451565 169.707581400871 -337.185114622116 8.30257683992386 0 0
"russia" 0 0 0 0 0 0 0 -363.79086971283 -26961.8301391602 -7333.13941955566 -425.475239753723 0 -2371.27304077148 -11637.4206542969 -60094.6350097656 0 0 0
"mena" 1766.59321784973 0 0 0 0 0 1060.99414825439 7433.61663818359 5155.99727630615 -9330.64651489258 -1193.49122047424 0 0 0 17.2022879123688 0 0 0
"angola" 0 0 154.921859502792 3946.33269309998 3895.0891494751 0 0 0 0.384437676984817 731.334209442139 0 0 0 0 0 0 0 0
"drc" 0 0 0 0 2943.1095123291 5761.68346405029 0 0 0 0 0 0 0 0 0 0 0 0
"nafr" 10.7804518193007 0 0 0 0 0 -99.776454269886 -210.494637489319 6.96357898414135 0.215217063669115 0 0 0 0 0 0 0 0
"wafr" 0 0 1043.03419589996 4887.46786117554 3181.57887458801 -1537.76240348816 0 0 0 0 0 0 0 0 0 0 0 0
"cafr" 0 -0.618197023868561 0 48.0092316865921 -141.14610850811 -146.783143281937 0 0 0 0 0 0 0 0 0 0 0 0
"eafr" 0.925238593481481 44.7597876191139 203.622996807098 332.259237766266 -459.77658033371 -2592.91219711304 0 0 0 0 -737.629532814026 -1216.50457382202 0 0 0 0 0 0
"safr" 0 0 8207.51667022705 6786.80086135864 24.9215736985207 -21.7250324785709 0 0.130611122585833 509.060323238373 293.949872255325 1224.09415245056 0 0 0 0 0 0 0
"ivorycoast" 0 0 0 -3193.03035736084 -7215.43741226196 -14306.4002990723 0 0 0 0 0 0 0 0 0 0 0 0
"ghana" 0 0 0 124.882936477661 4162.77647018433 5472.1040725708 0 0 0 0 0 0 0 0 0 0 0 0
"nigeria" 0 0 0 -14.4819021224976 4937.819480896 4091.69578552246 0 0 0 0 0 0 0 0 0 0 0 0
"mozambique" 0 0 132.350578904152 -447.714060544968 -657.624185085297 0 0 0 0 0 0 0 0 0 0 0 0 0
