"argentina" 0 0 0 0 0 0 3771.51036262512 10762.2146606445 11527.4219512939 12518.9294815063 0 23357.9597473145 51.9825518131256 422.16819524765 565.402865409851 0 0 0
"bolivia" 0 0 -183.569803833961 1344.43783760071 3951.82585716248 6112.90407180786 0 0 180.572688579559 141.753181815147 82.2353065013885 142.127484083176 0 0 0 0 0 0
"brasil" 0 0 0 14318.3536529541 116577.758789062 -12449.4342803955 0 0 0 0 0 2680.60302734375 0 0 0 0 0 0
"oceania" 0 0 0 1.52046757284552 7.69673939794302 205.803498625755 0 0 1.83919933624566 28.5057965666056 30.2847996354103 71.1029097437859 0 0 0 0 0 0
"newzealand" 0 0 0 0 0 0 0 0 0 0 -191.051632165909 -544.62718963623 0 0 0 99.7718423604965 0 0
"china" 0 0 0 0 292.158365249634 258.67560505867 13.8290729373693 32.624427229166 4244.60029602051 4813.71974945068 3465.70754051208 9416.7013168335 30.0172735005617 3.0428753234446 692.782521247864 0 0 0
"japan" 0 0 0 0 0 0 0 0 4.9805399030447 152.323186397552 -132.994383573532 -94.4747626781464 0 0 17.5595581531525 0 0 0
"korea" 0 0 0 0 0 0 0 0 0 100.490242242813 188.272967934608 0 0 0 0 0 0 0
"indonesia" 0 0 0 11716.742515564 12365.4174804688 -98727.5848388672 0 0 0 0 0 0 0 0 0 0 0 0
"madagascar" 0 0 0 1024.27959442139 560.934901237488 8029.34837341309 0 0 0 0 0 0 0 0 0 0 0 0
"eastasia" 0 0 0 0 0 85.5595767498016 0 0 -2600.23665428162 -34775.6195068359 -7398.94962310791 0 0 519.515931606293 792.620420455933 0 0 0
"seasia" 0 0 0 3214.12396430969 9051.85031890869 4882.44247436523 0 0 0 0 112.06066608429 1314.15486335754 0 0 0 0 0 0
"malasya" 0 0 0 0 0 -12883.6917877197 0 0 0 0 0 0 0 0 0 0 0 0
"myanmar" 0 0 0 -290.850430727005 -573.099851608276 -128.47301363945 0 0 0 0 -131.9180727005 -146.0220515728 0 0 0 0 0 0
"southasia" 0 0 0 -7813.1537437439 -36767.448425293 -2226.73654556274 0 2.69258953630924 -10.2643659338355 -8661.18812561035 -450.881540775299 0 0 0 0 0 0 0
"india" 0 -167.52290725708 -3827.77976989746 -3779.01029586792 -677.724957466125 -270.456850528717 0 -1405.21311759949 -1347.50413894653 -64.2189681529999 -38.4549424052238 -109.306238591671 0 0 0 0 0 0
"canada" 0 0 0 0 0 0 0 11956.4666748047 -1007509.03320312 -328908.508300781 -839.468777179718 0 0 -2371.51527404785 -36065.6204223633 -9.37694869935513 0 0
"us" 0 0 0 0 0 0 7896.12579345703 49213.3102416992 21070.915222168 -39808.3572387695 -15540.412902832 14844.3765640259 -29.1570052504539 5.63618168234825 -32.4625112116337 0 0 0
"mexico" 0 1753.82423400879 8313.29727172852 9298.70796203613 10184.9126815796 6721.20571136475 328.619688749313 1506.51454925537 8080.85918426514 7655.56621551514 2626.32322311401 1164.0157699585 0 0 0 0 0 0
"colombia" 0 0 0 3.65298893302679 158.169537782669 9772.05848693848 0 0 0 0 1.95793760940433 1064.95881080627 0 0 0 0 0 0
"latinamer" 0 114.564254879951 122.293889522552 952.816963195801 1304.0235042572 9609.6076965332 -11.1224874854088 103.399753570557 172.023087739944 114.134386181831 491.194069385529 2272.65691757202 4.54848445951939 159.932792186737 718.377470970154 1689.90063667297 109.139300882816 0
"paraguay" 0 0 0 0 0 -11711.5535736084 0 0 0 0 0 -4193.07708740234 0 0 0 0 0 0
"peru" 4.08030347898602 22.5999318063259 24.688184261322 7.83295836299658 44.9304208159447 687.537670135498 -3.47020942717791 5.15999179333448 17.5478290766478 21.3609747588634 220.198035240173 1333.87541770935 0 0 0 0 0 0
"uruguay" 0 0 0 0 0 0 0 0 0 0 0 -1181.3679933548 0 0 0 0 0 0
"venezuela" 0 1.14231719635427 0 429.762095212936 2097.58687019348 5140.70796966553 0 0 0 0 0 0 0 0 0 0 0 0
"eu27" 0 0 0 0 0 0 0 0 -7187.84999847412 -113145.355224609 -17171.5297698975 -3830.1637172699 0 -133.862003684044 -4103.94859313965 -98.9035591483116 0 0
"uk" 0 0 0 0 0 0 0 0 0 1901.38816833496 3691.7290687561 346.511423587799 0 0 0 96.1755961179733 0 0
"efta" 0 0 0 0 0 0 0 0 0 -1731.98509216309 0 0 0 -74.2543488740921 -605.402231216431 5.97234722226858 0 0
"restofworld" 0 0 0 0 0 0 1395.88487148285 122.529894113541 2214.59722518921 12597.5551605225 1164.1538143158 113.077595829964 13.8029484078288 173.199683427811 276.342034339905 8.35478492081165 0 0
"russia" 0 0 0 0 0 0 0 -737.553060054779 -55467.5064086914 -14017.481803894 -731.212913990021 0 -4146.40617370605 -20711.1396789551 -105315.010070801 0 0 0
"mena" 281.31490945816 0 0 0 0 0 206.692397594452 1474.76053237915 987.449169158936 -1920.58217525482 -258.027702569962 0 0 0 2.18119355849922 0 0 0
"angola" 0 0 418.214917182922 14277.6384353638 18363.0561828613 0 0 0 -25.7055945694447 1960.40678024292 0 0 0 0 0 0 0 0
"drc" 0 0 0 0 979850.524902344 550224.609375 0 0 0 0 0 0 0 0 0 0 0 0
"nafr" 8.55791009962559 0 0 0 0 0 368.743360042572 359.442293643951 23.1197364628315 9.98472608625889 0 0 0 0 0 0 0 0
"wafr" 0 0 1258.02969932556 6167.81282424927 3664.46304321289 -559.649765491486 0 0 0 0 0 0 0 0 0 0 0 0
"cafr" 0 7.85638298839331 0 594.327867031097 5489.4323348999 15559.8106384277 0 0 0 0 0 0 0 0 0 0 0 0
"eafr" 2.79004988260567 134.469479322433 719.005584716797 4637.51602172852 465.351581573486 -4916.76664352417 0 0 0 0 -1428.6881685257 -2533.84208679199 0 0 0 0 0 0
"safr" 0 0 2201.97105407715 2488.44575881958 6.8166796118021 128.382697701454 0 0.0805855670478195 231.961756944656 422.13237285614 477.601021528244 0 0 0 0 0 0 0
"ivorycoast" 0 0 0 -2077.63862609863 -4662.69302368164 -9482.29598999023 0 0 0 0 0 0 0 0 0 0 0 0
"ghana" 0 0 0 4840.00253677368 66968.7042236328 -25219.2611694336 0 0 0 0 0 0 0 0 0 0 0 0
"nigeria" 0 0 0 22.8186435997486 -78.4293562173843 -176.491498947144 0 0 0 0 0 0 0 0 0 0 0 0
"mozambique" 0 0 1147.61972427368 2998.59571456909 1124.10688400269 0 0 0 0 0 0 0 0 0 0 0 0 0
