"argentina" 0 0 0 0 0 0 311.835676431656 756.058812141418 862.356543540955 1019.8438167572 0 1789.14535045624 -15.0381270796061 -46.9218082726002 -2.70812213420868 0 0 0
"bolivia" 0 0 -13160.758972168 537127.9296875 1548018.31054688 3055791.015625 0 0 132994.018554688 128903.289794922 80128.1127929688 134300.231933594 0 0 0 0 0 0
"brasil" 0 0 0 -1643.76974105835 -15237.3991012573 5954.5373916626 0 0 0 0 0 498.687565326691 0 0 0 0 0 0
"oceania" 0 0 0 3.29734059050679 -91.4325714111328 -1107.63740539551 0 0 -3.48279043100774 -193.298682570457 -385.342001914978 -1085.53004264832 0 0 0 0 0 0
"newzealand" 0 0 0 0 0 0 0 0 0 0 930.151224136353 2767.77315139771 0 0 0 -196.522608399391 0 0
"china" 0 0 0 0 297.233402729034 410.236328840256 12.306016869843 34.8858572542667 3587.2745513916 8920.07446289062 11726.0961532593 10786.226272583 16.6501849889755 2.50652153044939 1852.38516330719 0 0 0
"japan" 0 0 0 0 0 0 0 0 -179.301336407661 -2456.8190574646 -2002.04658508301 -1513.49973678589 0 0 -37.3021848499775 0 0 0
"korea" 0 0 0 0 0 0 0 0 0 88.8918489217758 160.839855670929 0 0 0 0 0 0 0
"indonesia" 0 0 0 18.5634307563305 46.1053997278214 1650.77209472656 0 0 0 0 0 0 0 0 0 0 0 0
"madagascar" 0 0 0 -389.151096343994 -342.011630535126 -3195.10579109192 0 0 0 0 0 0 0 0 0 0 0 0
"eastasia" 0 0 0 0 0 28.8504417985678 0 0 -1368.38233470917 -17418.1022644043 -3680.76658248901 0 0 223.285675048828 241.912513971329 0 0 0
"seasia" 0 0 0 -6759.77182388306 -7809.2565536499 -8712.8734588623 0 0 0 0 7.60110700502992 -2179.7981262207 0 0 0 0 0 0
"malasya" 0 0 0 0 0 358.088970184326 0 0 0 0 0 0 0 0 0 0 0 0
"myanmar" 0 0 0 -1893.25737953186 -3648.73695373535 -464.956969022751 0 0 0 0 -789.22164440155 -714.959979057312 0 0 0 0 0 0
"southasia" 0 0 0 -2519.27995681763 -12315.408706665 -705.908536911011 0 1.61444209516048 -2.57890648208559 -2918.39838027954 -149.352967739105 0 0 0 0 0 0 0
"india" 0 -516.340851783752 -11027.4219512939 -17068.8991546631 -3115.50855636597 -884.514927864075 0 -1271.25179767609 -3635.43009757996 -540.227174758911 -258.953899145126 -1160.67051887512 0 0 0 0 0 0
"canada" 0 0 0 0 0 0 0 5653.12433242798 -567959.228515625 -180626.434326172 -458.579063415527 0 0 -1345.51906585693 -20767.671585083 -6.19193259626627 0 0
"us" 0 0 0 0 0 0 3637.09402084351 23039.1082763672 9757.03811645508 -30309.0343475342 -12181.8714141846 5271.76237106323 -37.0457321405411 -173.665270209312 -22.519689053297 0 0 0
"mexico" 0 1230.57854175568 4090.06643295288 1860.48555374146 -858.723998069763 587.660789489746 179.301753640175 764.826476573944 2494.07887458801 778.304934501648 -32.0452116429806 -442.519247531891 0 0 0 0 0 0
"colombia" 0 0 0 200.240880250931 7620.22590637207 445535.15625 0 0 0 0 99.6485203504562 49444.1146850586 0 0 0 0 0 0
"latinamer" 0 -131.196528673172 206.177204847336 781.044244766235 2464.49780464172 3443.039894104 447.867214679718 641.650915145874 862.757205963135 1145.78115940094 665.434062480927 -97.405344247818 -1.31264352239668 41.5949672460556 -0.618409365415573 -921.902716159821 117.001511156559 0
"paraguay" 0 0 0 0 0 -2662.71924972534 0 0 0 0 0 522.327780723572 0 0 0 0 0 0
"peru" -2155.69543838501 -5226.03034973145 -2669.02184486389 -211.046531796455 -10745.5291748047 -121178.47442627 -10956.8758010864 -7010.03646850586 -6947.89552688599 -10538.1278991699 -39796.7948913574 -87871.0784912109 0 0 0 0 0 0
"uruguay" 0 0 0 0 0 0 0 0 0 0 0 1479.93803024292 0 0 0 0 0 0
"venezuela" 0 0.638932106085122 0 189.476370811462 940.195500850677 2399.09744262695 0 0 0 0 0 0 0 0 0 0 0 0
"eu27" 0 0 0 0 0 0 0 0 -10352.3902893066 -141661.987304688 -31522.68409729 -6122.53713607788 0 -288.918823003769 -5105.83400726318 -174.444496631622 0 0
"uk" 0 0 0 0 0 0 0 0 0 329.617738723755 2862.7142906189 76.5841752290726 0 0 0 0.0446213234681636 0 0
"efta" 0 0 0 0 0 0 0 0 0 -766.942262649536 0 0 0 163.732752203941 -210.588932037354 6.60367961972952 0 0
"restofworld" 0 0 0 0 0 0 2330.15012741089 167.437672615051 253.073692321777 -13470.3769683838 -239.732310175896 -102.172672748566 21.0610199719667 204.444468021393 -106.395825743675 7.90737196803093 0 0
"russia" 0 0 0 0 0 0 0 -246.671557426453 -16918.6477661133 -4023.55575561523 -279.19614315033 0 -1834.72609519958 -9478.79600524902 -49782.3448181152 0 0 0
"mena" 1626.469373703 0 0 0 0 0 947.106778621674 6491.9171333313 4737.74147033691 -7819.91529464722 -987.517535686493 0 0 0 15.6051525846124 0 0 0
"angola" 0 0 375.688135623932 8046.65374755859 8516.4155960083 0 0 0 7.97846168279648 1204.67221736908 0 0 0 0 0 0 0 0
"drc" 0 0 0 0 6140.74277877808 9913.31100463867 0 0 0 0 0 0 0 0 0 0 0 0
"nafr" 13.8997780159116 0 0 0 0 0 -194.178760051727 -173.116028308868 12.3645234853029 2.79022427275777 0 0 0 0 0 0 0 0
"wafr" 0 0 730.180859565735 3879.52089309692 2661.07082366943 -944.059312343597 0 0 0 0 0 0 0 0 0 0 0 0
"cafr" 0 1.74849224276841 0 255.574107170105 1815.79315662384 5549.30973052979 0 0 0 0 0 0 0 0 0 0 0 0
"eafr" 0.967485248111188 47.1494235098362 251.099824905396 1588.78397941589 134.642869234085 -1842.13840961456 0 0 0 0 -544.08860206604 -966.147601604462 0 0 0 0 0 0
"safr" 0 0 5153.04756164551 3793.32995414734 6.39376509934664 -145.949840545654 0 0.111765548354015 427.207231521606 239.616572856903 533.178806304932 0 0 0 0 0 0 0
"ivorycoast" 0 0 0 -3964.85877037048 -8706.03275299072 -17209.789276123 0 0 0 0 0 0 0 0 0 0 0 0
"ghana" 0 0 0 148.019909858704 4546.56648635864 6194.22149658203 0 0 0 0 0 0 0 0 0 0 0 0
"nigeria" 0 0 0 -43.6749383807182 -1925.02379417419 -1486.91415786743 0 0 0 0 0 0 0 0 0 0 0 0
"mozambique" 0 0 -357.980787754059 -1504.21047210693 -842.458426952362 0 0 0 0 0 0 0 0 0 0 0 0 0
