"argentina" 0 0 0 0 0 0 4675.16136169434 13501.6441345215 15019.9584960938 10909.2025756836 0 18780.1761627197 104.861974716187 701.131761074066 821.065068244934 0 0 0
"bolivia" 0 0 10657.3572158813 672988.586425781 1942557.73925781 3826210.9375 0 0 171134.521484375 151296.173095703 96496.8948364258 159315.704345703 0 0 0 0 0 0
"brasil" 0 0 0 7316.33186340332 41972.4082946777 44403.2096862793 0 0 0 0 0 6287.68968582153 0 0 0 0 0 0
"oceania" 0 0 0 -5.1765963435173 180.730730295181 1864.75539207458 0 0 7.85886775702238 371.151983737946 783.557415008545 2271.803855896 0 0 0 0 0 0
"newzealand" 0 0 0 0 0 0 0 0 0 0 9.4531774520874 -134.516477584839 0 0 0 -463.553726673126 0 0
"china" 0 0 0 0 -719.587087631226 -875.155746936798 -16.2769109010696 -60.4588612914085 -6936.98835372925 -15829.0510177612 -20106.0409545898 -23269.3729400635 -42.5770208239555 -2.81421467661858 -3006.87217712402 0 0 0
"japan" 0 0 0 0 0 0 0 0 69.5397555828094 973.544180393219 713.084280490875 543.224513530731 0 0 19.7173878550529 0 0 0
"korea" 0 0 0 0 0 0 0 0 0 38.381677120924 80.3705155849457 0 0 0 0 0 0 0
"indonesia" 0 0 0 50.0138700008392 18.1199908256531 -5889.58263397217 0 0 0 0 0 0 0 0 0 0 0 0
"madagascar" 0 0 0 390.776097774506 220.291450619698 3025.08592605591 0 0 0 0 0 0 0 0 0 0 0 0
"eastasia" 0 0 0 0 0 40.2231141924858 0 0 1063.91406059265 10679.4395446777 2278.46479415894 0 0 -8.65700654685497 388.909518718719 0 0 0
"seasia" 0 0 0 12499.0634918213 19354.6524047852 16964.3707275391 0 0 0 0 87.7945870161057 4297.35708236694 0 0 0 0 0 0
"malasya" 0 0 0 0 0 -1706.2383890152 0 0 0 0 0 0 0 0 0 0 0 0
"myanmar" 0 0 0 7953.13167572021 13013.9608383179 1593.07491779327 0 0 0 0 2698.15301895142 2512.67671585083 0 0 0 0 0 0
"southasia" 0 0 0 -5281.19516372681 -24621.7994689941 -1572.90172576904 0 1.07918516732752 -7.34560750424862 -5652.89497375488 -296.864449977875 0 0 0 0 0 0 0
"india" 0 -1233.53958129883 -22657.5946807861 -34182.1479797363 -6151.20315551758 -1653.70440483093 0 -2067.12365150452 -5856.98413848877 -1015.63882827759 -631.729006767273 -2186.13767623901 0 0 0 0 0 0
"canada" 0 0 0 0 0 0 0 3795.86124420166 -552624.145507812 -180214.385986328 -429.270327091217 0 0 -1172.78981208801 -17882.8907012939 -4.37214178964496 0 0
"us" 0 0 0 0 0 0 -5227.12230682373 -19797.0905303955 -7827.49176025391 37867.4583435059 16726.5205383301 -7556.81896209717 61.7618411779404 423.857480287552 25.3978613764048 0 0 0
"mexico" 0 2641.19911193848 11633.8787078857 8545.26710510254 4517.65060424805 4696.16031646729 471.020817756653 2101.02295875549 9831.4323425293 6159.72566604614 1576.14016532898 -40.7367497682571 0 0 0 0 0 0
"colombia" 0 0 0 -0.890524825081229 -48.3784601092339 -2697.12615013123 0 0 0 0 -0.467334873974323 -254.091322422028 0 0 0 0 0 0
"latinamer" 0 -179.436787962914 108.278885483742 12.7764344215393 885.758221149445 -4812.17765808105 435.725748538971 576.561510562897 752.123296260834 961.534023284912 141.892224550247 -1472.38850593567 -3.28708370216191 -23.9510107785463 -287.977904081345 -1587.40222454071 73.7451687455177 0
"paraguay" 0 0 0 0 0 4560.57548522949 0 0 0 0 0 2521.50869369507 0 0 0 0 0 0
"peru" -155.462235212326 -347.883969545364 -153.696373105049 -5.45066175982356 -662.52076625824 -6436.29837036133 -804.073810577393 -495.522826910019 -486.726641654968 -739.024996757507 -2606.25743865967 -4386.50608062744 0 0 0 0 0 0
"uruguay" 0 0 0 0 0 0 0 0 0 0 0 3708.44411849976 0 0 0 0 0 0
"venezuela" 0 0.731322797946632 0 235.368475317955 1159.10482406616 3007.56406784058 0 0 0 0 0 0 0 0 0 0 0 0
"eu27" 0 0 0 0 0 0 0 0 -880.491018295288 -20692.2206878662 820.161819458008 98.7098217010498 0 44.4510877132416 -804.614663124084 8.76716524362564 0 0
"uk" 0 0 0 0 0 0 0 0 0 -1966.51148796082 -324.809730052948 -330.298274755478 0 0 0 -126.992911100388 0 0
"efta" 0 0 0 0 0 0 0 0 0 -1458.74285697937 0 0 0 -296.46509885788 -568.497538566589 0.202121213078499 0 0
"restofworld" 0 0 0 0 0 0 1297.79410362244 53.6050200462341 -3355.13257980347 -46026.6418457031 -2571.06232643127 -384.921699762344 6.07969705015421 4.76612895727158 -702.4005651474 -4.06253524124622 0 0
"russia" 0 0 0 0 0 0 0 -560.158371925354 -43754.3487548828 -11831.9044113159 -544.675230979919 0 -2779.6483039856 -13463.3455276489 -67183.6700439453 0 0 0
"mena" -1285.40778160095 0 0 0 0 0 -660.522997379303 -4511.61766052246 -4577.36825942993 4632.85160064697 593.385934829712 0 0 0 -13.9869004487991 0 0 0
"angola" 0 0 -151.012763381004 -3229.33149337769 -3330.2960395813 0 0 0 -3.7988699041307 -516.837298870087 0 0 0 0 0 0 0 0
"drc" 0 0 0 0 1794.41678524017 4192.98934936523 0 0 0 0 0 0 0 0 0 0 0 0
"nafr" 5.3104180842638 0 0 0 0 0 -130.948677659035 -131.53013586998 3.02652921527624 -0.0544533831998706 0 0 0 0 0 0 0 0
"wafr" 0 0 -30.0258621573448 -2050.11987686157 -1006.98208808899 -3284.04188156128 0 0 0 0 0 0 0 0 0 0 0 0
"cafr" 0 -4.86277183517814 0 -250.946670770645 -2527.24504470825 -6417.48809814453 0 0 0 0 0 0 0 0 0 0 0 0
"eafr" 1.59414845984429 75.9913995862007 380.200564861298 1763.68379592896 -159.194052219391 -3500.11682510376 0 0 0 0 -1011.19565963745 -1698.16946983337 0 0 0 0 0 0
"safr" 0 0 5856.19974136353 3410.03561019897 2.73844227194786 -336.709946393967 0 0.0951385591179132 430.855095386505 -10.3843174874783 323.680937290192 0 0 0 0 0 0 0
"ivorycoast" 0 0 0 -2328.21559906006 -4992.49887466431 -10314.3091201782 0 0 0 0 0 0 0 0 0 0 0 0
"ghana" 0 0 0 54.5294061303139 1884.6390247345 3003.46422195435 0 0 0 0 0 0 0 0 0 0 0 0
"nigeria" 0 0 0 204.410165548325 1907.42540359497 1064.32414054871 0 0 0 0 0 0 0 0 0 0 0 0
"mozambique" 0 0 -2130.52797317505 -7502.86960601807 -3915.80176353455 0 0 0 0 0 0 0 0 0 0 0 0 0
