"argentina" 0 0 0 0 0 0 46312.5152587891 143826.126098633 144624.130249023 137908.416748047 0 267076.599121094 2210.01291275024 11930.835723877 10911.5295410156 0 0 0
"bolivia" 0 0 13034.7604751587 763322.998046875 2194358.15429688 4340292.96875 0 0 197430.633544922 173190.887451172 110132.308959961 180406.402587891 0 0 0 0 0 0
"brasil" 0 0 0 39681.4117431641 253457.183837891 85400.3295898438 0 0 0 0 0 18268.3906555176 0 0 0 0 0 0
"oceania" 0 0 0 -57.6490126550198 -9.35488194227219 1394.45841312408 0 0 -20.4649083316326 -385.007053613663 -437.024235725403 -1117.65193939209 0 0 0 0 0 0
"newzealand" 0 0 0 0 0 0 0 0 0 0 -2452.65746116638 -7868.16072463989 0 0 0 -1119.06480789185 0 0
"china" 0 0 0 0 -1127.59268283844 -1027.24289894104 -35.4670658707619 -87.4360650777817 -12238.4853363037 -15222.9375839233 -12522.8757858276 -33131.7977905273 -104.958415031433 -5.96002489328384 -2020.02644538879 0 0 0
"japan" 0 0 0 0 0 0 0 0 -425.8733689785 -5899.30868148804 -4813.157081604 -3618.57318878174 0 0 -90.7683297991753 0 0 0
"korea" 0 0 0 0 0 0 0 0 0 -159.646108746529 -270.766198635101 0 0 0 0 0 0 0
"indonesia" 0 0 0 184.724301099777 50.5895614624023 -19898.8380432129 0 0 0 0 0 0 0 0 0 0 0 0
"madagascar" 0 0 0 142.393216490746 -42.6817238330841 1121.71220779419 0 0 0 0 0 0 0 0 0 0 0 0
"eastasia" 0 0 0 0 0 43.161079287529 0 0 -3356.88257217407 -40422.7066040039 -8420.35102844238 0 0 442.856162786484 218.845069408417 0 0 0
"seasia" 0 0 0 -14120.6092834473 -25096.5423583984 -21942.3789978027 0 0 0 0 -170.802384614944 -4809.56649780273 0 0 0 0 0 0
"malasya" 0 0 0 0 0 -7992.88654327393 0 0 0 0 0 0 0 0 0 0 0 0
"myanmar" 0 0 0 -5338.23108673096 -12579.6575546265 -1764.69957828522 0 0 0 0 -2936.49101257324 -2473.34289550781 0 0 0 0 0 0
"southasia" 0 0 0 784.055590629578 4180.3936958313 344.432801008224 0 0.0504343333886936 -0.542851048521698 131.739139556885 14.1860619187355 0 0 0 0 0 0 0
"india" 0 -1836.50588989258 -33894.0620422363 -53106.6741943359 -9561.8724822998 -2563.41242790222 0 -3493.88790130615 -8866.28150939941 -1524.95718002319 -1031.27884864807 -3317.15250015259 0 0 0 0 0 0
"canada" 0 0 0 0 0 0 0 4427.65808105469 -1113494.140625 -352152.465820312 -856.878757476807 0 0 -2686.09046936035 -40663.8793945312 -16.0042885690928 0 0
"us" 0 0 0 0 0 0 -2797.24025726318 -12100.772857666 -4016.21913909912 6594.90776062012 8396.20208740234 -2496.33550643921 27.6091992855072 225.389003753662 14.3892522901297 0 0 0
"mexico" 0 3076.81274414062 12924.6273040771 9000.25749206543 3789.67952728271 4480.82876205444 562.600016593933 2403.156042099 11191.2746429443 6439.69821929932 1519.29366588593 -247.580945491791 0 0 0 0 0 0
"colombia" 0 0 0 2.10196617990732 69.6698129177094 4709.83600616455 0 0 0 0 0.959266733843833 499.164700508118 0 0 0 0 0 0
"latinamer" 0 112.357713282108 -196.391433477402 -691.319644451141 -2622.42841720581 -5484.51805114746 -359.138786792755 -455.215096473694 -644.461631774902 -851.595044136047 -509.756445884705 153.532028198242 1.46992306690663 -4.17966209352016 126.748621463776 999.521732330322 -63.9127194881439 0
"paraguay" 0 0 0 0 0 -1549.8514175415 0 0 0 0 0 2103.919506073 0 0 0 0 0 0
"peru" -157.472029328346 -376.459449529648 -176.679030060768 -8.50355345755816 -733.043968677521 -7395.69473266602 -817.003130912781 -526.986479759216 -505.622863769531 -784.558534622192 -2752.74419784546 -5064.66102600098 0 0 0 0 0 0
"uruguay" 0 0 0 0 0 0 0 0 0 0 0 -6285.70938110352 0 0 0 0 0 0
"venezuela" 0 1.11331441439688 0 310.963928699493 1613.35372924805 4129.35352325439 0 0 0 0 0 0 0 0 0 0 0 0
"eu27" 0 0 0 0 0 0 0 0 -28671.5202331543 -359712.585449219 -101334.854125977 -19045.2919006348 0 -1827.60584354401 -12771.9764709473 -607.99241065979 0 0
"uk" 0 0 0 0 0 0 0 0 0 -9.93207655847073 4808.73966217041 37.4334305524826 0 0 0 -39.330743253231 0 0
"efta" 0 0 0 0 0 0 0 0 0 -1944.71371173859 0 0 0 217.031627893448 -598.297238349915 12.7022732049227 0 0
"restofworld" 0 0 0 0 0 0 4467.58031845093 298.814356327057 -2370.66221237183 -62350.1968383789 -2468.6119556427 -507.091879844666 38.8693511486053 308.02857875824 -821.01583480835 11.1390389502048 0 0
"russia" 0 0 0 0 0 0 0 -1078.49049568176 -81298.4466552734 -23533.6799621582 -1162.08004951477 0 -6193.06755065918 -30368.1926727295 -155214.019775391 0 0 0
"mena" 2021.39043807983 0 0 0 0 0 1574.6054649353 10332.106590271 -3578.13715934753 -22555.8166503906 -2667.01889038086 0 0 0 4.5321392826736 0 0 0
"angola" 0 0 325.228691101074 7835.86692810059 7917.67644882202 0 0 0 2.82220635563135 1365.56923389435 0 0 0 0 0 0 0 0
"drc" 0 0 0 0 8537.39166259766 10877.5405883789 0 0 0 0 0 0 0 0 0 0 0 0
"nafr" -7.13850324973464 0 0 0 0 0 1164.49153423309 905.68745136261 21.9795070588589 12.7516258507967 0 0 0 0 0 0 0 0
"wafr" 0 0 972.364962100983 3774.00708198547 2629.65965270996 -3070.58024406433 0 0 0 0 0 0 0 0 0 0 0 0
"cafr" 0 0.984984799288213 0 287.498593330383 1512.10713386536 5152.1635055542 0 0 0 0 0 0 0 0 0 0 0 0
"eafr" 2.132911933586 96.3283553719521 812.922120094299 13411.600112915 5436.42950057983 6938.9066696167 0 0 0 0 1732.22315311432 2418.23053359985 0 0 0 0 0 0
"safr" 0 0 12522.439956665 8375.40531158447 21.9200477004051 -370.487809181213 0 0.209408914088272 864.451169967651 258.00421833992 1262.58778572083 0 0 0 0 0 0 0
"ivorycoast" 0 0 0 -3384.31119918823 -7565.77682495117 -15518.9008712769 0 0 0 0 0 0 0 0 0 0 0 0
"ghana" 0 0 0 102.186903357506 3000.36859512329 4036.23199462891 0 0 0 0 0 0 0 0 0 0 0 0
"nigeria" 0 0 0 76.6236633062363 -5098.95610809326 -4409.08432006836 0 0 0 0 0 0 0 0 0 0 0 0
"mozambique" 0 0 -1095.35229206085 -4786.19146347046 -2772.35007286072 0 0 0 0 0 0 0 0 0 0 0 0 0
