"argentina" 0 0 0 0 0 0 -41.5889695286751 -530.606925487518 -405.101358890533 -587.207674980164 0 -1303.36534976959 -57.4915260076523 -245.479568839073 -149.90246295929 0 0 0
"bolivia" 0 0 337.909758090973 -987.584054470062 -2497.2813129425 -5219.77615356445 0 0 -217.65348315239 -256.518244743347 -87.6513570547104 -159.654662013054 0 0 0 0 0 0
"brasil" 0 0 0 9636.29245758057 70750.2288818359 28647.8862762451 0 0 0 0 0 4962.81147003174 0 0 0 0 0 0
"oceania" 0 0 0 -13.4374471381307 -145.950198173523 -1555.53221702576 0 0 -12.1629238128662 -402.858734130859 -704.146027565002 -1952.11935043335 0 0 0 0 0 0
"newzealand" 0 0 0 0 0 0 0 0 0 0 -137.988030910492 -569.198608398438 0 0 0 -429.566860198975 0 0
"china" 0 0 0 0 130.865931510925 203.63612473011 9.2422952875495 22.1336707472801 2035.64667701721 5337.9111289978 7184.47685241699 5542.92058944702 3.42036806978285 2.18551885336637 1210.96754074097 0 0 0
"japan" 0 0 0 0 0 0 0 0 -203.632533550262 -2804.74710464478 -2247.89428710938 -1698.77731800079 0 0 -44.6218401193619 0 0 0
"korea" 0 0 0 0 0 0 0 0 0 -83.5374370217323 -157.227247953415 0 0 0 0 0 0 0
"indonesia" 0 0 0 6.04126323014498 -53.2973185181618 -6510.82611083984 0 0 0 0 0 0 0 0 0 0 0 0
"madagascar" 0 0 0 490.763545036316 260.070145130157 3929.12077903748 0 0 0 0 0 0 0 0 0 0 0 0
"eastasia" 0 0 0 0 0 31.6296629607677 0 0 -1255.11193275452 -16681.6730499268 -3547.58930206299 0 0 228.994131088257 311.046183109283 0 0 0
"seasia" 0 0 0 -9009.33933258057 -11654.6897888184 -11676.0101318359 0 0 0 0 -19.7139102965593 -2929.94689941406 0 0 0 0 0 0
"malasya" 0 0 0 0 0 -32.3287360370159 0 0 0 0 0 0 0 0 0 0 0 0
"myanmar" 0 0 0 5312.0174407959 10184.5407485962 1148.99826049805 0 0 0 0 2200.93369483948 1862.58959770203 0 0 0 0 0 0
"southasia" 0 0 0 -3520.55263519287 -17185.5602264404 -1018.52548122406 0 2.0951284095645 -3.67823056876659 -3993.8805103302 -207.699909806252 0 0 0 0 0 0 0
"india" 0 -874.455392360687 -18234.546661377 -28176.7444610596 -5154.71267700195 -1455.18589019775 0 -1985.23271083832 -5774.33967590332 -886.381328105927 -444.283962249756 -1918.19906234741 0 0 0 0 0 0
"canada" 0 0 0 0 0 0 0 5960.33668518066 -559829.833984375 -178102.478027344 -462.075233459473 0 0 -1350.97026824951 -20945.8999633789 -6.00233720615506 0 0
"us" 0 0 0 0 0 0 4103.0158996582 25479.2804718018 10158.9164733887 -27647.2206115723 -14000.3824234009 3196.2513923645 -41.4213985204697 -213.824659585953 -25.1989290118217 0 0 0
"mexico" 0 -388.252139091492 1770.81525325775 6286.47327423096 11131.6347122192 5628.96490097046 -104.210421442986 -103.957995772362 4079.60033416748 6100.98695755005 2608.17003250122 1804.26740646362 0 0 0 0 0 0
"colombia" 0 0 0 3.53238824754953 58.9622966945171 1098.87623786926 0 0 0 0 1.07912067323923 -20.9421124309301 0 0 0 0 0 0
"latinamer" 0 -138.140648603439 127.627179026604 342.367887496948 1594.26176548004 230.545535683632 354.832589626312 466.852903366089 635.728180408478 857.012808322906 362.350553274155 -743.466854095459 -2.36780871637166 -12.0566627010703 -196.371629834175 -1185.70530414581 64.8889169096947 0
"paraguay" 0 0 0 0 0 -8836.70139312744 0 0 0 0 0 -536.832809448242 0 0 0 0 0 0
"peru" 16.4677668362856 73.212705552578 52.9120825231075 19.2508324980736 178.631573915482 2985.89563369751 40.2283780276775 36.8961058557034 72.0988661050797 104.874961078167 698.208928108215 3721.35639190674 0 0 0 0 0 0
"uruguay" 0 0 0 0 0 0 0 0 0 0 0 -4439.14365768433 0 0 0 0 0 0
"venezuela" 0 0.767190416809171 0 301.930963993073 1393.22745800018 3506.7253112793 0 0 0 0 0 0 0 0 0 0 0 0
"eu27" 0 0 0 0 0 0 0 0 -13781.1136245728 -174415.740966797 -46780.7960510254 -8817.29698181152 0 -510.732889175415 -6185.94694137573 -267.646729946136 0 0
"uk" 0 0 0 0 0 0 0 0 0 84.8687738180161 2432.49177932739 32.3408767580986 0 0 0 -12.4373380094767 0 0
"efta" 0 0 0 0 0 0 0 0 0 -874.673247337341 0 0 0 157.757848501205 -249.08085167408 6.98362151160836 0 0
"restofworld" 0 0 0 0 0 0 2301.29790306091 161.522030830383 -226.75758600235 -18771.463394165 -561.177134513855 -146.955519914627 20.3566551208496 188.904091715813 -195.295721292496 6.74653518944979 0 0
"russia" 0 0 0 0 0 0 0 -302.431225776672 -21419.2848205566 -5291.22495651245 -337.075918912888 0 -2122.47252464294 -10837.7122879028 -56537.5785827637 0 0 0
"mena" 626.840949058533 0 0 0 0 0 628.521800041199 3986.7889881134 -4468.50919723511 -11766.4375305176 -1363.7478351593 0 0 0 -2.92516313493252 0 0 0
"angola" 0 0 427.385687828064 9179.87251281738 9721.39358520508 0 0 0 8.84010083973408 1374.17793273926 0 0 0 0 0 0 0 0
"drc" 0 0 0 0 7257.71045684814 9953.7878036499 0 0 0 0 0 0 0 0 0 0 0 0
"nafr" 11.1676659435034 0 0 0 0 0 -192.360013723373 -191.53618812561 9.37967095524073 1.47826864849776 0 0 0 0 0 0 0 0
"wafr" 0 0 952.957570552826 3816.14708900452 2669.64626312256 -3147.36270904541 0 0 0 0 0 0 0 0 0 0 0 0
"cafr" 0 0.549430144019425 0 216.268688440323 1321.31767272949 4237.01095581055 0 0 0 0 0 0 0 0 0 0 0 0
"eafr" 1.48946396075189 62.7132132649422 651.404738426208 13043.363571167 5736.67240142822 9040.15350341797 0 0 0 0 2378.16262245178 3504.42361831665 0 0 0 0 0 0
"safr" 0 0 6260.69307327271 4070.59288024902 6.07051933184266 -208.030641078949 0 0.113555106509011 476.662337779999 189.555883407593 517.902612686157 0 0 0 0 0 0 0
"ivorycoast" 0 0 0 12318.8247680664 23300.5046844482 66879.150390625 0 0 0 0 0 0 0 0 0 0 0 0
"ghana" 0 0 0 4813.47846984863 67120.8801269531 -24774.3988037109 0 0 0 0 0 0 0 0 0 0 0 0
"nigeria" 0 0 0 -52.0056933164597 -3082.81970024109 -2425.61960220337 0 0 0 0 0 0 0 0 0 0 0 0
"mozambique" 0 0 -816.038012504578 -3421.75960540771 -1935.43112277985 0 0 0 0 0 0 0 0 0 0 0 0 0
