"argentina" 0 0 0 0 0 0 39767.8909301758 124668.846130371 125978.408813477 125084.983825684 0 244592.651367188 2081.78544044495 10994.0567016602 9791.74041748047 0 0 0
"bolivia" 0 0 -580.353677272797 7857.8052520752 22834.1789245605 32035.2172851562 0 0 605.489313602448 627.131819725037 327.098399400711 615.667581558228 0 0 0 0 0 0
"brasil" 0 0 0 18366.1289215088 147876.098632812 7165.05908966064 0 0 0 0 0 6146.10958099365 0 0 0 0 0 0
"oceania" 0 0 0 -49.4886934757233 -265.999138355255 -1979.52246665955 0 0 -30.2944574505091 -902.1315574646 -1480.55362701416 -4070.35827636719 0 0 0 0 0 0
"newzealand" 0 0 0 0 0 0 0 0 0 0 -2329.98323440552 -7422.99127578735 0 0 0 -920.392453670502 0 0
"china" 0 0 0 0 -197.125762701035 -134.012922644615 -1.13512633834034 -2.96806637197733 -1289.27755355835 -40.7067164778709 1489.96424674988 -4615.13996124268 -22.5615315139294 0.629960035439581 344.102531671524 0 0 0
"japan" 0 0 0 0 0 0 0 0 -254.893064498901 -3529.44350242615 -2751.42693519592 -2085.58177947998 0 0 -59.529721736908 0 0 0
"korea" 0 0 0 0 0 0 0 0 0 -34.6910543739796 -56.7758530378342 0 0 0 0 0 0 0
"indonesia" 0 0 0 97.3734334111214 -72.8586241602898 -21315.2389526367 0 0 0 0 0 0 0 0 0 0 0 0
"madagascar" 0 0 0 -66.6944608092308 -192.732229828835 -478.79746556282 0 0 0 0 0 0 0 0 0 0 0 0
"eastasia" 0 0 0 0 0 63.2295161485672 0 0 -1550.69613456726 -21283.504486084 -4475.53491592407 0 0 339.722692966461 574.799597263336 0 0 0
"seasia" 0 0 0 -13180.1319122314 -16008.2759857178 -18138.4315490723 0 0 0 0 0.622642925009131 -4194.96917724609 0 0 0 0 0 0
"malasya" 0 0 0 0 0 -6356.92644119263 0 0 0 0 0 0 0 0 0 0 0 0
"myanmar" 0 0 0 -4683.265209198 -10503.2682418823 -1558.14599990845 0 0 0 0 -2444.44704055786 -2121.41704559326 0 0 0 0 0 0
"southasia" 0 0 0 -4128.48663330078 -19958.6524963379 -1147.99630641937 0 2.53914715722203 -4.73764259368181 -4898.00214767456 -250.826835632324 0 0 0 0 0 0 0
"india" 0 -1213.6036157608 -23975.6546020508 -36704.5211791992 -6713.43040466309 -1866.24658107758 0 -2819.37432289124 -7026.18598937988 -1092.00727939606 -656.067073345184 -2398.39196205139 0 0 0 0 0 0
"canada" 0 0 0 0 0 0 0 6205.15632629395 -991530.883789062 -318382.019042969 -820.613145828247 0 0 -2503.19385528564 -38843.8186645508 -13.2479649037123 0 0
"us" 0 0 0 0 0 0 6066.21646881104 35263.3972167969 15203.8497924805 -58306.1141967773 -23174.0779876709 5406.70251846313 -85.8837962150574 -476.817637681961 -42.3730835318565 0 0 0
"mexico" 0 143.420562148094 3643.20778846741 6816.83683395386 10062.72315979 5367.83790588379 -29.265072196722 203.998014330864 5776.37577056885 6382.77673721313 2508.73684883118 1498.30639362335 0 0 0 0 0 0
"colombia" 0 0 0 184.160560369492 7103.12223434448 416640.411376953 0 0 0 0 91.7422100901604 45997.2076416016 0 0 0 0 0 0
"latinamer" 0 -213.964372873306 15.0582017377019 -373.640030622482 293.502688407898 -7556.92481994629 301.847815513611 334.597229957581 417.197108268738 702.789068222046 29.1754528880119 -2281.40544891357 -5.56179229170084 -123.808436095715 -671.255588531494 -2209.41877365112 -14.3253095448017 0
"paraguay" 0 0 0 0 0 -11908.4625244141 0 0 0 0 0 -913.35916519165 0 0 0 0 0 0
"peru" 0.90524583356455 14.4514860585332 13.864946551621 13.9901340007782 49.3399165570736 1308.18891525269 -39.1910746693611 -34.5376431941986 9.52778942883015 -3.41059849597514 288.338363170624 2372.89714813232 0 0 0 0 0 0
"uruguay" 0 0 0 0 0 0 0 0 0 0 0 -10815.5546188354 0 0 0 0 0 0
"venezuela" 0 0.648349232506007 0 142.338573932648 828.845322132111 1997.00450897217 0 0 0 0 0 0 0 0 0 0 0 0
"eu27" 0 0 0 0 0 0 0 0 -20347.3472595215 -252901.901245117 -72876.7547607422 -13663.3377075195 0 -1229.88450527191 -8882.07149505615 -427.825182676315 0 0
"uk" 0 0 0 0 0 0 0 0 0 83.9646384119987 3311.42425537109 39.163988083601 0 0 0 -21.0052616894245 0 0
"efta" 0 0 0 0 0 0 0 0 0 -1515.74730873108 0 0 0 157.69961476326 -463.351190090179 9.63049940764904 0 0
"restofworld" 0 0 0 0 0 0 3512.7260684967 235.641047358513 -1560.67895889282 -46310.1577758789 -1717.3660993576 -374.848306179047 31.8528972566128 258.868366479874 -594.267189502716 11.105028912425 0 0
"russia" 0 0 0 0 0 0 0 -732.763707637787 -54980.4077148438 -15827.241897583 -825.917959213257 0 -4523.14949035645 -22254.4136047363 -114178.7109375 0 0 0
"mena" 2027.81677246094 0 0 0 0 0 1342.83292293549 9178.16734313965 2452.13890075684 -14848.9360809326 -1821.76530361176 0 0 0 14.0712056308985 0 0 0
"angola" 0 0 452.994823455811 10428.9512634277 10667.7112579346 0 0 0 6.62258639931679 1744.82274055481 0 0 0 0 0 0 0 0
"drc" 0 0 0 0 5990.46230316162 9307.83843994141 0 0 0 0 0 0 0 0 0 0 0 0
"nafr" -4.2922031134367 0 0 0 0 0 896.745026111603 683.245778083801 18.0205013602972 9.86073352396488 0 0 0 0 0 0 0 0
"wafr" 0 0 1554.18074131012 7486.38439178467 4996.1142539978 -2444.56171989441 0 0 0 0 0 0 0 0 0 0 0 0
"cafr" 0 13.2974311709404 0 807.955741882324 8421.87118530273 22734.0049743652 0 0 0 0 0 0 0 0 0 0 0 0
"eafr" 1.4668817166239 68.817064166069 321.412205696106 829.694986343384 -524.835705757141 -3703.23014259338 0 0 0 0 -1068.7530040741 -1739.05873298645 0 0 0 0 0 0
"safr" 0 0 11056.3354492188 7914.32476043701 23.0186451226473 -229.40967977047 0 0.187856101547368 750.647783279419 317.008674144745 1269.85669136047 0 0 0 0 0 0 0
"ivorycoast" 0 0 0 12535.0303649902 23712.7990722656 67860.3134155273 0 0 0 0 0 0 0 0 0 0 0 0
"ghana" 0 0 0 175.594002008438 4643.42975616455 5540.37761688232 0 0 0 0 0 0 0 0 0 0 0 0
"nigeria" 0 0 0 -82.0013359189034 -3787.38927841187 -2935.39118766785 0 0 0 0 0 0 0 0 0 0 0 0
"mozambique" 0 0 -543.283045291901 -3101.75704956055 -2011.30533218384 0 0 0 0 0 0 0 0 0 0 0 0 0
