"argentina" 0 0 0 0 0 0 2869.72212791443 7494.60506439209 8565.26279449463 10108.3278656006 0 18998.1899261475 -66.02693349123 -121.149986982346 168.784916400909 0 0 0
"bolivia" 0 0 -895.862102508545 6048.25115203857 16860.4755401611 18354.9747467041 0 0 -49.5863705873489 23.8665565848351 -104.348905384541 -130.110070109367 0 0 0 0 0 0
"brasil" 0 0 0 19555.5953979492 153354.507446289 452.778816223145 0 0 0 0 0 5404.72221374512 0 0 0 0 0 0
"oceania" 0 0 0 -8.35795886814594 -272.482991218567 -3004.63104248047 0 0 -14.4289722666144 -626.905202865601 -1222.36800193787 -3445.17421722412 0 0 0 0 0 0
"newzealand" 0 0 0 0 0 0 0 0 0 0 691.639065742493 1903.87618541718 0 0 0 -627.789735794067 0 0
"china" 0 0 0 0 421.242862939835 371.297121047974 22.9923408478498 52.7854599058628 6652.81915664673 7560.87970733643 5485.82553863525 14029.5543670654 44.0176278352737 5.42032718658447 1166.82028770447 0 0 0
"japan" 0 0 0 0 0 0 0 0 -315.058171749115 -4281.99768066406 -3666.56255722046 -2766.02935791016 0 0 -54.0377274155617 0 0 0
"korea" 0 0 0 0 0 0 0 0 0 -38.6700183153152 -74.6827945113182 0 0 0 0 0 0 0
"indonesia" 0 0 0 13083.2023620605 14380.277633667 -65699.4552612305 0 0 0 0 0 0 0 0 0 0 0 0
"madagascar" 0 0 0 1163.49971294403 591.477930545807 9453.83453369141 0 0 0 0 0 0 0 0 0 0 0 0
"eastasia" 0 0 0 0 0 125.581935048103 0 0 -2138.21983337402 -30659.3074798584 -6414.47877883911 0 0 563.676774501801 1120.89514732361 0 0 0
"seasia" 0 0 0 -15801.7578125 -16058.8226318359 -19105.0109863281 0 0 0 0 54.1868209838867 -4839.17379379272 0 0 0 0 0 0
"malasya" 0 0 0 0 0 -16453.7239074707 0 0 0 0 0 0 0 0 0 0 0 0
"myanmar" 0 0 0 -5602.58293151855 -10081.8424224854 -1268.11051368713 0 0 0 0 -2150.36702156067 -1971.07768058777 0 0 0 0 0 0
"southasia" 0 0 0 -378.879219293594 -1681.70523643494 -6.8779643625021 0 1.43205327913165 -1.2412064243108 -1251.29723548889 -52.4405539035797 0 0 0 0 0 0 0
"india" 0 -40.3144508600235 -1743.40128898621 2796.50712013245 595.769286155701 33.923078328371 0 -1385.85376739502 -968.94109249115 74.0838125348091 113.323748111725 346.810191869736 0 0 0 0 0 0
"canada" 0 0 0 0 0 0 0 10949.9826431274 -1420570.80078125 -460395.01953125 -1190.88268280029 0 0 -3550.18615722656 -54107.3188781738 -17.6325030624866 0 0
"us" 0 0 0 0 0 0 9603.196144104 56404.9339294434 24029.78515625 -64690.8798217773 -22344.6273803711 20147.1099853516 -67.4262642860413 -247.607707977295 -46.9364337623119 0 0 0
"mexico" 0 1429.54003810883 7366.97864532471 8596.91047668457 9565.76728820801 6129.49657440186 205.170124769211 1093.62685680389 7489.36033248901 7043.01357269287 2472.59855270386 1123.868227005 0 0 0 0 0 0
"colombia" 0 0 0 214.885860681534 8192.53063201904 478448.333740234 0 0 0 0 106.735095381737 53085.7238769531 0 0 0 0 0 0
"latinamer" 0 185.059919953346 -2.61107366532087 580.378651618958 100.562706589699 8468.02711486816 -288.165807723999 -279.260396957397 -337.565779685974 -449.103474617004 306.564569473267 2489.98260498047 5.24215865880251 143.0993527174 742.487490177155 2258.78286361694 52.725687623024 0
"paraguay" 0 0 0 0 0 -13627.1095275879 0 0 0 0 0 -5405.92813491821 0 0 0 0 0 0
"peru" -2407.43684768677 -5856.68277740479 -2982.30457305908 -236.779510974884 -12122.3278045654 -137269.393920898 -12209.846496582 -7800.9672164917 -7749.14646148682 -11750.6256103516 -44462.3336791992 -98687.7899169922 0 0 0 0 0 0
"uruguay" 0 0 0 0 0 0 0 0 0 0 0 -4067.80433654785 0 0 0 0 0 0
"venezuela" 0 1.68295064941049 0 600.641965866089 2990.42153358459 7236.90795898438 0 0 0 0 0 0 0 0 0 0 0 0
"eu27" 0 0 0 0 0 0 0 0 -25522.6440429688 -334353.912353516 -82695.2514648438 -16108.3526611328 0 -1129.64725494385 -12063.4937286377 -502.211570739746 0 0
"uk" 0 0 0 0 0 0 0 0 0 592.386960983276 6020.15781402588 147.435784339905 0 0 0 -6.6889114677906 0 0
"efta" 0 0 0 0 0 0 0 0 0 -1402.8502702713 0 0 0 467.755913734436 -352.77932882309 15.6617760658264 0 0
"restofworld" 0 0 0 0 0 0 5045.60565948486 353.949248790741 -595.915079116821 -46256.6146850586 -1549.96728897095 -367.602467536926 39.8535542190075 378.866314888 -530.926764011383 11.8593797087669 0 0
"russia" 0 0 0 0 0 0 0 -633.220791816711 -49244.9035644531 -14205.2536010742 -757.725238800049 0 -4945.79410552979 -25247.7359771729 -131394.927978516 0 0 0
"mena" 2680.69887161255 0 0 0 0 0 1856.30512237549 12557.1231842041 2668.07270050049 -21520.1416015625 -2590.66915512085 0 0 0 18.4347685426474 0 0 0
"angola" 0 0 -42541.1148071289 -765106.689453125 -1056015.38085938 0 0 0 -1858.2718372345 -56822.9598999023 0 0 0 0 0 0 0 0
"drc" 0 0 0 0 11132.7257156372 13795.5684661865 0 0 0 0 0 0 0 0 0 0 0 0
"nafr" 2.27019260637462 0 0 0 0 0 1209.70892906189 1139.69373703003 43.2181507349014 21.7836573719978 0 0 0 0 0 0 0 0
"wafr" 0 0 2552.05750465393 14810.1062774658 9121.38366699219 318.340957164764 0 0 0 0 0 0 0 0 0 0 0 0
"cafr" 0 13.7291122227907 0 1345.88515758514 9282.62901306152 25400.1216888428 0 0 0 0 0 0 0 0 0 0 0 0
"eafr" 3.66175407543778 162.884399294853 1185.5103969574 16607.2101593018 6197.75676727295 6073.78625869751 0 0 0 0 1472.5558757782 1894.55759525299 0 0 0 0 0 0
"safr" 0 0 15807.6257705688 10129.186630249 16.3950435817242 -411.775708198547 0 0.290987256448716 1161.21196746826 634.071409702301 1288.36464881897 0 0 0 0 0 0 0
"ivorycoast" 0 0 0 10785.9268188477 20468.0881500244 58351.9554138184 0 0 0 0 0 0 0 0 0 0 0 0
"ghana" 0 0 0 4791.91112518311 66326.0040283203 -25239.767074585 0 0 0 0 0 0 0 0 0 0 0 0
"nigeria" 0 0 0 134.580194950104 2445.42264938354 1667.71149635315 0 0 0 0 0 0 0 0 0 0 0 0
"mozambique" 0 0 2912.10794448853 7747.23482131958 3066.22886657715 0 0 0 0 0 0 0 0 0 0 0 0 0
