"argentina" 0 0 0 0 0 0 -1127.63690948486 -3554.38756942749 -3824.44000244141 -4031.61096572876 0 -7640.38181304932 -62.6477748155594 -326.523989439011 -289.778381586075 0 0 0
"bolivia" 0 0 400.733590126038 -5040.88973999023 -14900.4316329956 -29912.8971099854 0 0 -1246.61922454834 -1214.48922157288 -700.38914680481 -1231.22811317444 0 0 0 0 0 0
"brasil" 0 0 0 -7267.14038848877 -49872.5967407227 -2882.25126266479 0 0 0 0 0 -1593.52576732635 0 0 0 0 0 0
"oceania" 0 0 0 -3.6785202100873 -83.9679166674614 -1001.00421905518 0 0 -5.8818138204515 -217.219606041908 -384.316027164459 -1062.44957447052 0 0 0 0 0 0
"newzealand" 0 0 0 0 0 0 0 0 0 0 589.821815490723 1733.9072227478 0 0 0 -187.781065702438 0 0
"china" 0 0 0 0 120.144307613373 263.881057500839 4.95791807770729 17.8209207952023 1245.9077835083 6550.69351196289 10328.3576965332 5422.42240905762 -1.48022081702948 0.997753813862801 1565.33658504486 0 0 0
"japan" 0 0 0 0 0 0 0 0 -152.227267622948 -2090.47079086304 -1696.2765455246 -1279.64079380035 0 0 -32.4760675430298 0 0 0
"korea" 0 0 0 0 0 0 0 0 0 -86.9437009096146 -160.594612360001 0 0 0 0 0 0 0
"indonesia" 0 0 0 -18.0067643523216 -5.16523979604244 1384.54937934875 0 0 0 0 0 0 0 0 0 0 0 0
"madagascar" 0 0 0 349.468261003494 186.115369200706 2635.86568832397 0 0 0 0 0 0 0 0 0 0 0 0
"eastasia" 0 0 0 0 0 11.1204795539379 0 0 -1049.9849319458 -13208.9862823486 -2818.0685043335 0 0 149.838984012604 114.291802048683 0 0 0
"seasia" 0 0 0 -6683.99095535278 -8534.59930419922 -8566.75052642822 0 0 0 0 -12.1831335127354 -2170.56584358215 0 0 0 0 0 0
"malasya" 0 0 0 0 0 834.113359451294 0 0 0 0 0 0 0 0 0 0 0 0
"myanmar" 0 0 0 -1982.93828964233 -3671.64134979248 -455.601185560226 0 0 0 0 -786.28671169281 -712.694883346558 0 0 0 0 0 0
"southasia" 0 0 0 4210.66761016846 20138.2694244385 1416.02993011475 0 -0.672892376314849 4.60069440305233 4008.77475738525 215.048998594284 0 0 0 0 0 0 0
"india" 0 -571.391820907593 -11593.4972763062 -19525.4402160645 -3565.2322769165 -975.971341133118 0 -1170.6326007843 -3557.39402770996 -588.467180728912 -338.995456695557 -1302.44374275208 0 0 0 0 0 0
"canada" 0 0 0 0 0 0 0 4279.79278564453 -351519.836425781 -110206.451416016 -281.160742044449 0 0 -872.351408004761 -13358.1428527832 -4.571040160954 0 0
"us" 0 0 0 0 0 0 1747.51758575439 14261.456489563 4854.02202606201 -18865.9954071045 -11501.8301010132 -2763.91458511353 -37.2325405478477 -241.097643971443 -19.7531506419182 0 0 0
"mexico" 0 790.249288082123 2553.07555198669 1031.68570995331 -769.270956516266 293.349146842957 119.19528990984 508.729636669159 1500.4141330719 333.471983671188 -92.3328548669815 -329.731971025467 0 0 0 0 0 0
"colombia" 0 0 0 3.31944599747658 19.4680001586676 -924.315690994263 0 0 0 0 0.994851579889655 -130.892753601074 0 0 0 0 0 0
"latinamer" 0 -96.708357334137 115.930408239365 415.735065937042 1529.28638458252 1805.77754974365 272.37942814827 367.991983890533 504.939317703247 689.053118228912 383.996725082397 -300.599098205566 -1.45087135024369 2.30852537788451 -97.0085114240646 -776.485800743103 57.0801123976707 0
"paraguay" 0 0 0 0 0 -4254.86421585083 0 0 0 0 0 422.585844993591 0 0 0 0 0 0
"peru" -2474.32541847229 -6000.67281723022 -3042.77491569519 -232.925236225128 -12408.9622497559 -139978.103637695 -12545.0420379639 -8001.46484375 -7938.56143951416 -12033.543586731 -45389.7132873535 -99330.8944702148 0 0 0 0 0 0
"uruguay" 0 0 0 0 0 0 0 0 0 0 0 -147.579848766327 0 0 0 0 0 0
"venezuela" 0 -0.0519485511176754 0 -76.1078372597694 -288.110733032227 -687.269687652588 0 0 0 0 0 0 0 0 0 0 0 0
"eu27" 0 0 0 0 0 0 0 0 -8690.13214111328 -114411.651611328 -27989.9635314941 -5401.81732177734 0 -151.189118623734 -4101.39656066895 -154.343396425247 0 0
"uk" 0 0 0 0 0 0 0 0 0 166.633784770966 1958.53996276855 41.9412553310394 0 0 0 -3.48043185658753 0 0
"efta" 0 0 0 0 0 0 0 0 0 -664.822041988373 0 0 0 83.0390453338623 -197.866573929787 4.55621117725968 0 0
"restofworld" 0 0 0 0 0 0 1646.82745933533 115.339212119579 -166.653245687485 -13491.1699295044 -383.235156536102 -104.939743876457 14.9420890957117 137.967929244041 -139.324218034744 5.38274832069874 0 0
"russia" 0 0 0 0 0 0 0 -254.216909408569 -18765.5410766602 -5012.25233078003 -272.005796432495 0 -1563.53330612183 -7812.15906143188 -40365.7608032227 0 0 0
"mena" 1069.63849067688 0 0 0 0 0 680.929720401764 4680.88245391846 2371.19340896606 -6800.76932907104 -842.591464519501 0 0 0 9.74758062511683 0 0 0
"angola" 0 0 219.609543681145 4580.74188232422 4889.19734954834 0 0 0 5.41933020576835 664.903163909912 0 0 0 0 0 0 0 0
"drc" 0 0 0 0 4499.97043609619 8221.21524810791 0 0 0 0 0 0 0 0 0 0 0 0
"nafr" 0.104505881608929 0 0 0 0 0 333.258271217346 311.889886856079 11.5178767591715 5.8050318621099 0 0 0 0 0 0 0 0
"wafr" 0 0 1151.73923969269 9656.83746337891 5635.99348068237 5075.11234283447 0 0 0 0 0 0 0 0 0 0 0 0
"cafr" 0 0.453229760751128 0 65.875805914402 793.913960456848 2640.32888412476 0 0 0 0 0 0 0 0 0 0 0 0
"eafr" 0.648109125904739 32.8801646828651 164.501443505287 655.672430992126 -214.028432965279 -1974.8694896698 0 0 0 0 -567.436575889587 -969.673275947571 0 0 0 0 0 0
"safr" 0 0 4377.61306762695 2475.61168670654 2.98104481771588 -144.973576068878 0 0.0661262311041355 301.341116428375 98.4534993767738 264.790713787079 0 0 0 0 0 0 0
"ivorycoast" 0 0 0 -3711.39144897461 -8400.3324508667 -16572.868347168 0 0 0 0 0 0 0 0 0 0 0 0
"ghana" 0 0 0 129.930466413498 4329.68950271606 6289.8736000061 0 0 0 0 0 0 0 0 0 0 0 0
"nigeria" 0 0 0 -65.0076344609261 -1820.64211368561 -1349.33793544769 0 0 0 0 0 0 0 0 0 0 0 0
"mozambique" 0 0 4368.77012252808 14122.5528717041 6737.71953582764 0 0 0 0 0 0 0 0 0 0 0 0 0
