"argentina" 0 0 0 0 0 0 116.889916360378 275.991141796112 27.8235264122486 -77.7199789881706 0 -340.515792369843 -1.39028555713594 -3.79989249631763 4.44935169070959 0 0 0
"bolivia" 0 0 361.272931098938 -1291.44597053528 -3400.10523796082 -6742.23327636719 0 0 -266.804844141006 -303.069680929184 -116.994291543961 -213.21901679039 0 0 0 0 0 0
"brasil" 0 0 0 -11866.3682937622 -68476.8371582031 8555.72319030762 0 0 0 0 0 -854.27051782608 0 0 0 0 0 0
"oceania" 0 0 0 4.01415675878525 -74.0459561347961 -936.103105545044 0 0 -1.99259677901864 -135.649919509888 -296.485602855682 -849.537014961243 0 0 0 0 0 0
"newzealand" 0 0 0 0 0 0 0 0 0 0 735.856473445892 2181.96582794189 0 0 0 -179.870009422302 0 0
"china" 0 0 0 0 107.354745268822 -4.13110433146358 6.29271892830729 9.61862131953239 1887.79306411743 -1030.40099143982 -4197.22604751587 2382.90691375732 21.7818953096867 1.46778742782772 -519.435167312622 0 0 0
"japan" 0 0 0 0 0 0 0 0 76.6443610191345 1041.58997535706 897.625207901001 673.596739768982 0 0 14.6712008863688 0 0 0
"korea" 0 0 0 0 0 0 0 0 0 -19.7393447160721 -37.6562029123306 0 0 0 0 0 0 0
"indonesia" 0 0 0 -59.0170137584209 -79.9257904291153 -1518.20206642151 0 0 0 0 0 0 0 0 0 0 0 0
"madagascar" 0 0 0 279.228985309601 191.934823989868 2244.20261383057 0 0 0 0 0 0 0 0 0 0 0 0
"eastasia" 0 0 0 0 0 1.13699317444116 0 0 -862.32727766037 -10285.5081558228 -2193.65930557251 0 0 98.7548381090164 5.66818471997976 0 0 0
"seasia" 0 0 0 -6599.48396682739 -9644.89364624023 -8624.40776824951 0 0 0 0 -41.5176004171371 -2145.46680450439 0 0 0 0 0 0
"malasya" 0 0 0 0 0 386.544525623322 0 0 0 0 0 0 0 0 0 0 0 0
"myanmar" 0 0 0 12119.213104248 21677.9766082764 2610.97288131714 0 0 0 0 4598.76298904419 4097.57947921753 0 0 0 0 0 0
"southasia" 0 0 0 -1943.34650039673 -9258.27217102051 -553.504645824432 0 0.703093595802784 -2.42340145632625 -2147.78017997742 -111.528545618057 0 0 0 0 0 0 0
"india" 0 -583.886325359344 -11403.7771224976 -17897.9206085205 -3293.53761672974 -909.835577011108 0 -1176.86605453491 -3287.76597976685 -539.732873439789 -320.891916751862 -1200.29211044312 0 0 0 0 0 0
"canada" 0 0 0 0 0 0 0 4275.37488937378 -332254.760742188 -108373.748779297 -263.221830129623 0 0 -791.785418987274 -11843.7881469727 -3.72585328295827 0 0
"us" 0 0 0 0 0 0 1696.14350795746 12186.0761642456 4975.6965637207 -22145.3838348389 -11164.5555496216 -931.79839849472 -39.0537902712822 -261.384069919586 -19.1376991569996 0 0 0
"mexico" 0 580.826163291931 1997.04301357269 740.066647529602 -826.718986034393 157.205104827881 90.0528728961945 400.879889726639 1152.74024009705 106.247432529926 -143.552601337433 -315.225958824158 0 0 0 0 0 0
"colombia" 0 0 0 1.10281631350517 -23.5198400914669 -3418.24507713318 0 0 0 0 -0.0161309835675638 -476.424515247345 0 0 0 0 0 0
"latinamer" 0 -115.280523896217 87.0605036616325 200.169682502747 1173.27916622162 -152.703076601028 260.387718677521 328.356742858887 444.810956716537 620.014667510986 245.222449302673 -746.92964553833 -2.3016007617116 -30.1653686910868 -236.236050724983 -1076.74646377563 32.2974845767021 0
"paraguay" 0 0 0 0 0 -3175.44507980347 0 0 0 0 0 455.495595932007 0 0 0 0 0 0
"peru" -4.0668398141861 24.6502682566643 26.7374124377966 17.814364284277 89.9292826652527 2181.28871917725 -62.4280944466591 -30.5335689336061 7.72358197718859 6.95697497576475 343.789935112 3060.6894493103 0 0 0 0 0 0
"uruguay" 0 0 0 0 0 0 0 0 0 0 0 1026.71885490417 0 0 0 0 0 0
"venezuela" 0 -0.0922591134440154 0 -63.6210665106773 -269.089460372925 -631.888270378113 0 0 0 0 0 0 0 0 0 0 0 0
"eu27" 0 0 0 0 0 0 0 0 9013.88168334961 108429.153442383 32512.1994018555 6052.56319046021 0 552.978038787842 3610.67056655884 184.232383966446 0 0
"uk" 0 0 0 0 0 0 0 0 0 1541.27621650696 331.427335739136 264.70759510994 0 0 0 97.461886703968 0 0
"efta" 0 0 0 0 0 0 0 0 0 -1088.38737010956 0 0 0 -441.713601350784 -483.999609947205 -4.28757071495056 0 0
"restofworld" 0 0 0 0 0 0 46.9555631279945 -34.0252891182899 -3401.31902694702 -37760.2844238281 -2361.70673370361 -320.600092411041 -4.70526330173016 -99.3791520595551 -625.408291816711 -7.4408701620996 0 0
"russia" 0 0 0 0 0 0 0 -328.360080718994 -25865.2782440186 -6850.67558288574 -306.164145469666 0 -1451.66182518005 -6881.51025772095 -33611.9995117188 0 0 0
"mena" -1568.46022605896 0 0 0 0 0 -942.744672298431 -6311.54203414917 -2737.51831054688 9851.97257995605 1210.69288253784 0 0 0 -13.4019954130054 0 0 0
"angola" 0 0 131.200894713402 2800.46248435974 3033.06746482849 0 0 0 2.41844030097127 393.316864967346 0 0 0 0 0 0 0 0
"drc" 0 0 0 0 1895.95580101013 5181.92768096924 0 0 0 0 0 0 0 0 0 0 0 0
"nafr" -6.30646897479892 0 0 0 0 0 182.960614562035 154.128029942513 -2.41184397600591 0.204256066353992 0 0 0 0 0 0 0 0
"wafr" 0 0 59.9800646305084 -433.742880821228 64.5442456007004 -1761.44933700562 0 0 0 0 0 0 0 0 0 0 0 0
"cafr" 0 -2.69806873984635 0 -152.977049350739 -873.490810394287 -1945.56057453156 0 0 0 0 0 0 0 0 0 0 0 0
"eafr" 1.05711165815592 51.3109900057316 258.089959621429 1254.55319881439 -62.9990994930267 -2372.32303619385 0 0 0 0 -676.346361637115 -1177.94406414032 0 0 0 0 0 0
"safr" 0 0 3593.59121322632 2067.17467308044 2.48283753171563 -155.532777309418 0 0.0510547906742431 240.70630967617 23.5371068120003 218.164682388306 0 0 0 0 0 0 0
"ivorycoast" 0 0 0 -3783.15043449402 -8170.3462600708 -16468.9407348633 0 0 0 0 0 0 0 0 0 0 0 0
"ghana" 0 0 0 105.713531374931 3430.1495552063 4912.43839263916 0 0 0 0 0 0 0 0 0 0 0 0
"nigeria" 0 0 0 -65.2144029736519 -2133.62622261047 -1577.44014263153 0 0 0 0 0 0 0 0 0 0 0 0
"mozambique" 0 0 -1157.07635879517 -4138.77105712891 -2138.20672035217 0 0 0 0 0 0 0 0 0 0 0 0 0
