"argentina" 0 0 0 0 0 0 35446.2280273438 112447.090148926 113700.859069824 115643.272399902 0 227224.884033203 2073.76575469971 10689.6743774414 9227.26249694824 0 0 0
"bolivia" 0 0 -21731.1992645264 369003.784179688 1074072.63183594 2107413.57421875 0 0 87277.7099609375 91995.60546875 56290.2717590332 96986.5875244141 0 0 0 0 0 0
"brasil" 0 0 0 -22277.9445648193 -126633.04901123 -35898.1018066406 0 0 0 0 0 -6606.57501220703 0 0 0 0 0 0
"oceania" 0 0 0 -9.58974845707417 -63.0826205015182 -459.781050682068 0 0 -5.54058700799942 -196.429342031479 -341.847509145737 -952.125489711761 0 0 0 0 0 0
"newzealand" 0 0 0 0 0 0 0 0 0 0 -540.895938873291 -1718.54960918427 0 0 0 -199.625015258789 0 0
"china" 0 0 0 0 296.531111001968 222.774744033813 12.8673585131764 29.0915053337812 4070.89471817017 3480.65423965454 1239.05563354492 8661.37027740479 32.8518263995647 2.70237307995558 334.902733564377 0 0 0
"japan" 0 0 0 0 0 0 0 0 -54.067850112915 -743.483543395996 -581.930637359619 -441.598296165466 0 0 -12.4233234673738 0 0 0
"korea" 0 0 0 0 0 0 0 0 0 44.0323129296303 93.5088694095612 0 0 0 0 0 0 0
"indonesia" 0 0 0 37.4774858355522 77.3427188396454 4450.47855377197 0 0 0 0 0 0 0 0 0 0 0 0
"madagascar" 0 0 0 271.793782711029 143.82903277874 2330.31249046326 0 0 0 0 0 0 0 0 0 0 0 0
"eastasia" 0 0 0 0 0 20.4684138298035 0 0 -235.439032316208 -3772.60971069336 -793.931245803833 0 0 82.8837528824806 195.472210645676 0 0 0
"seasia" 0 0 0 -3918.1272983551 -3874.04155731201 -5686.32411956787 0 0 0 0 27.4508390575647 -1263.20147514343 0 0 0 0 0 0
"malasya" 0 0 0 0 0 1094.78044509888 0 0 0 0 0 0 0 0 0 0 0 0
"myanmar" 0 0 0 -2005.30910491943 -4976.98307037354 -855.186700820923 0 0 0 0 -1223.53255748749 -1043.02930831909 0 0 0 0 0 0
"southasia" 0 0 0 -768.92751455307 -4005.40924072266 -177.928522229195 0 1.06800999492407 -0.637673889286816 -1091.70174598694 -55.2426762878895 0 0 0 0 0 0 0
"india" 0 -347.701132297516 -6899.62387084961 -10545.2079772949 -1938.58623504639 -540.451884269714 0 -795.121014118195 -2041.81098937988 -317.283421754837 -184.107273817062 -708.632588386536 0 0 0 0 0 0
"canada" 0 0 0 0 0 0 0 2366.09792709351 -297781.311035156 -99315.4678344727 -223.394274711609 0 0 -732.736468315125 -10914.6890640259 -4.53805830329657 0 0
"us" 0 0 0 0 0 0 2231.8902015686 15224.0991592407 5278.75900268555 -17141.3917541504 -2718.54448318481 6926.44548416138 -0.391220673918724 57.055801153183 -7.05061620101333 0 0 0
"mexico" 0 198.474511504173 748.942136764526 74.5031535625458 -833.602666854858 -262.905657291412 34.804031252861 149.204254150391 738.666296005249 -116.407290101051 -156.508386135101 -218.503266572952 0 0 0 0 0 0
"colombia" 0 0 0 4.11539850756526 43.0967248976231 -979.67654466629 0 0 0 0 0.924185907933861 -370.791286230087 0 0 0 0 0 0
"latinamer" 0 -55.4664060473442 15.6604610383511 109.555520117283 440.535366535187 -190.016031265259 74.634850025177 96.981443464756 115.847378969193 225.440517067909 172.7474629879 -374.320864677429 -1.53553858399391 -38.6980324983597 -185.990482568741 -554.251670837402 -8.95140878856182 0
"paraguay" 0 0 0 0 0 -9810.41240692139 0 0 0 0 0 -241.469413042068 0 0 0 0 0 0
"peru" 141.286924481392 365.945398807526 191.481083631516 36.0845923423767 767.912209033966 9818.52436065674 664.262175559998 419.316828250885 476.994693279266 709.050297737122 3080.59024810791 9477.82135009766 0 0 0 0 0 0
"uruguay" 0 0 0 0 0 0 0 0 0 0 0 -5113.26313018799 0 0 0 0 0 0
"venezuela" 0 0.232744321692735 0 69.9865370988846 314.991235733032 804.955244064331 0 0 0 0 0 0 0 0 0 0 0 0
"eu27" 0 0 0 0 0 0 0 0 -6737.44869232178 -83270.6146240234 -25025.9780883789 -4694.655418396 0 -253.669947385788 -2923.35319519043 -134.788930416107 0 0
"uk" 0 0 0 0 0 0 0 0 0 47.5467368960381 1003.12340259552 14.1791999340057 0 0 0 -5.17116393893957 0 0
"efta" 0 0 0 0 0 0 0 0 0 -924.245417118073 0 0 0 -53.3829629421234 -316.536843776703 2.79413699172437 0 0
"restofworld" 0 0 0 0 0 0 1252.61831283569 79.0959298610687 -909.355223178864 -21484.7393035889 -792.350947856903 -174.46868121624 13.469454832375 98.1148779392242 -285.613000392914 6.18899706751108 0 0
"russia" 0 0 0 0 0 0 0 -273.804366588593 -20205.7189941406 -5765.27214050293 -327.526211738586 0 -1695.65284252167 -8164.71862792969 -41805.5572509766 0 0 0
"mena" 989.805102348328 0 0 0 0 0 575.055241584778 4118.2861328125 3379.36782836914 -4634.17148590088 -613.235354423523 0 0 0 10.3814108297229 0 0 0
"angola" 0 0 230.742603540421 5412.84894943237 5399.89137649536 0 0 0 3.33540886640549 956.491887569427 0 0 0 0 0 0 0 0
"drc" 0 0 0 0 3588.16981315613 7464.05982971191 0 0 0 0 0 0 0 0 0 0 0 0
"nafr" -2.83714034594595 0 0 0 0 0 346.893817186356 210.867211222649 3.77292209304869 2.10237991996109 0 0 0 0 0 0 0 0
"wafr" 0 0 766.572177410126 3813.58027458191 2458.68730545044 -807.788252830505 0 0 0 0 0 0 0 0 0 0 0 0
"cafr" 0 1.51628931052983 0 152.928560972214 973.924040794373 2758.08501243591 0 0 0 0 0 0 0 0 0 0 0 0
"eafr" 0.519502442330122 24.3655201047659 107.715919613838 49.7303754091263 -293.13737154007 -1412.57572174072 0 0 0 0 -407.205998897552 -651.712834835052 0 0 0 0 0 0
"safr" 0 0 4365.7169342041 2814.00585174561 4.31002536788583 -74.1317719221115 0 0.103600978036411 331.031501293182 337.819337844849 379.795849323273 0 0 0 0 0 0 0
"ivorycoast" 0 0 0 -4500.32615661621 -9876.64985656738 -19450.8056640625 0 0 0 0 0 0 0 0 0 0 0 0
"ghana" 0 0 0 169.261783361435 5548.70462417603 7795.90129852295 0 0 0 0 0 0 0 0 0 0 0 0
"nigeria" 0 0 0 -102.562002837658 -546.480178833008 -211.37423813343 0 0 0 0 0 0 0 0 0 0 0 0
"mozambique" 0 0 37.5067368149757 -476.457566022873 -471.906125545502 0 0 0 0 0 0 0 0 0 0 0 0 0
