"argentina" 0 0 0 0 0 0 548.325300216675 1566.7085647583 1598.00326824188 1620.5267906189 0 3136.21211051941 11.3230478018522 75.3634050488472 89.7657200694084 0 0 0
"bolivia" 0 0 405.793398618698 -1096.39489650726 -2774.14131164551 -5831.55822753906 0 0 -248.964101076126 -283.617794513702 -97.7492108941078 -177.622467279434 0 0 0 0 0 0
"brasil" 0 0 0 -742.992579936981 775.84969997406 2657.87744522095 0 0 0 0 0 -56.5193444490433 0 0 0 0 0 0
"oceania" 0 0 0 10.3756859898567 -97.5639298558235 -1555.96971511841 0 0 -1.78365141618997 -157.347097992897 -342.001676559448 -969.605565071106 0 0 0 0 0 0
"newzealand" 0 0 0 0 0 0 0 0 0 0 701.472699642181 2064.51725959778 0 0 0 -228.265196084976 0 0
"china" 0 0 0 0 155.947044491768 260.112345218658 6.5069948323071 20.6501428037882 1809.15355682373 6130.6266784668 8867.24662780762 6199.7275352478 3.05516459047794 1.39341421891004 1379.39119338989 0 0 0
"japan" 0 0 0 0 0 0 0 0 -234.664887189865 -3229.94017601013 -2656.74829483032 -1997.55680561066 0 0 -49.1770729422569 0 0 0
"korea" 0 0 0 0 0 0 0 0 0 -121.347524225712 -224.567428231239 0 0 0 0 0 0 0
"indonesia" 0 0 0 12.131636030972 -19.8863334953785 -5660.54153442383 0 0 0 0 0 0 0 0 0 0 0 0
"madagascar" 0 0 0 -308.36084485054 -283.816754817963 -2587.47696876526 0 0 0 0 0 0 0 0 0 0 0 0
"eastasia" 0 0 0 0 0 26.7295744270086 0 0 -1354.43997383118 -17857.0404052734 -3842.47827529907 0 0 236.557081341743 299.77148771286 0 0 0
"seasia" 0 0 0 12347.9595184326 18442.8596496582 15652.6288986206 0 0 0 0 80.8571428060532 4156.21757507324 0 0 0 0 0 0
"malasya" 0 0 0 0 0 -5579.73337173462 0 0 0 0 0 0 0 0 0 0 0 0
"myanmar" 0 0 0 -1393.84949207306 -2075.26302337646 -291.123062372208 0 0 0 0 -419.925391674042 -438.000172376633 0 0 0 0 0 0
"southasia" 0 0 0 2625.50067901611 12679.0237426758 897.633254528046 0 -0.528815668076277 2.62117828242481 2458.68492126465 133.51334631443 0 0 0 0 0 0 0
"india" 0 974.120616912842 19089.3363952637 33304.0237426758 6178.22647094727 1646.94905281067 0 1518.45955848694 5479.332447052 992.509603500366 630.030870437622 2297.02520370483 0 0 0 0 0 0
"canada" 0 0 0 0 0 0 0 6820.55473327637 -434501.007080078 -137149.429321289 -338.158130645752 0 0 -1031.53598308563 -15292.2744750977 -5.06237894296646 0 0
"us" 0 0 0 0 0 0 2192.46768951416 22205.1696777344 7745.92685699463 -19098.4916687012 -9630.0163269043 1313.87567520142 -18.9714394509792 -66.2799999117851 -19.1015638411045 0 0 0
"mexico" 0 1128.20434570312 3664.50119018555 1613.05522918701 -767.806887626648 600.204467773438 165.341019630432 721.489787101746 2215.13414382935 651.889324188232 -49.3901334702969 -407.994896173477 0 0 0 0 0 0
"colombia" 0 0 0 2.90179112926126 42.6807627081871 222.389340400696 0 0 0 0 0.823086651507765 -113.963946700096 0 0 0 0 0 0
"latinamer" 0 -131.632804870605 124.888829886913 436.295866966248 1883.91149044037 2195.11604309082 305.023550987244 386.187672615051 540.966033935547 787.419259548187 454.778671264648 -579.571485519409 -2.47007026337087 -26.0279625654221 -232.428967952728 -1156.52918815613 46.7414669692516 0
"paraguay" 0 0 0 0 0 -3482.71417617798 0 0 0 0 0 394.021511077881 0 0 0 0 0 0
"peru" 11.7606874555349 64.9379789829254 49.4779162108898 20.182341337204 166.610777378082 2968.38712692261 13.980308547616 20.729910582304 58.8458850979805 84.6648812294006 646.982908248901 3790.46773910522 0 0 0 0 0 0
"uruguay" 0 0 0 0 0 0 0 0 0 0 0 -656.183063983917 0 0 0 0 0 0
"venezuela" 0 0.445831072283909 0 173.997327685356 814.729452133179 2045.43399810791 0 0 0 0 0 0 0 0 0 0 0 0
"eu27" 0 0 0 0 0 0 0 0 -12156.6171646118 -163281.860351562 -37726.3946533203 -7352.71549224854 0 -172.571912407875 -5929.80670928955 -208.818435668945 0 0
"uk" 0 0 0 0 0 0 0 0 0 271.212458610535 2884.85050201416 66.6093379259109 0 0 0 -3.27518302947283 0 0
"efta" 0 0 0 0 0 0 0 0 0 -863.065600395203 0 0 0 146.652191877365 -248.2990026474 6.70896330848336 0 0
"restofworld" 0 0 0 0 0 0 2309.75341796875 161.206156015396 -191.605553030968 -18176.5251159668 -520.596742630005 -140.786394476891 20.3246083110571 191.485688090324 -185.072645545006 6.92629348486662 0 0
"russia" 0 0 0 0 0 0 0 -353.442400693893 -26503.059387207 -7018.87845993042 -374.567598104477 0 -2194.10610198975 -10969.0990447998 -56801.9638061523 0 0 0
"mena" 1687.4532699585 0 0 0 0 0 1078.39751243591 7376.26266479492 3514.48106765747 -10832.6740264893 -1339.19525146484 0 0 0 14.8121137171984 0 0 0
"angola" 0 0 110.568195581436 2351.57775878906 2574.55539703369 0 0 0 2.23780190572143 325.385808944702 0 0 0 0 0 0 0 0
"drc" 0 0 0 0 3895.42245864868 6656.36491775513 0 0 0 0 0 0 0 0 0 0 0 0
"nafr" 13.2319238036871 0 0 0 0 0 -137.138962745667 -136.654376983643 12.7157950773835 3.16161941736937 0 0 0 0 0 0 0 0
"wafr" 0 0 1048.63202571869 7738.9554977417 4483.20436477661 3075.86312294006 0 0 0 0 0 0 0 0 0 0 0 0
"cafr" 0 7.45573081076145 0 526.581406593323 3710.51120758057 9191.42723083496 0 0 0 0 0 0 0 0 0 0 0 0
"eafr" 0.85050833877176 43.6377376317978 211.142957210541 691.041946411133 -380.735814571381 -2716.34864807129 0 0 0 0 -774.76978302002 -1315.63866138458 0 0 0 0 0 0
"safr" 0 0 6919.03495788574 5629.20188903809 22.0167748630047 -75.3718614578247 0 0.0720362513675354 389.183223247528 -4.50491718947887 992.940545082092 0 0 0 0 0 0 0
"ivorycoast" 0 0 0 -2636.76500320435 -6190.61994552612 -12322.6633071899 0 0 0 0 0 0 0 0 0 0 0 0
"ghana" 0 0 0 84.20330286026 3060.39571762085 4327.94618606567 0 0 0 0 0 0 0 0 0 0 0 0
"nigeria" 0 0 0 -118.885762989521 -2721.13370895386 -1910.72869300842 0 0 0 0 0 0 0 0 0 0 0 0
"mozambique" 0 0 -355.028033256531 -1426.57315731049 -909.039378166199 0 0 0 0 0 0 0 0 0 0 0 0 0
