"argentina" 0 0 0 0 0 0 1447.31640815735 4297.84488677979 4472.78833389282 5828.96327972412 0 11152.5526046753 43.4082932770252 258.625149726868 271.816462278366 0 0 0
"bolivia" 0 0 329.923838376999 -787.533044815063 -1988.440990448 -3900.79617500305 0 0 -159.773662686348 -171.338066458702 -51.5175834298134 -92.6890820264816 0 0 0 0 0 0
"brasil" 0 0 0 2923.16555976868 10449.7365951538 10353.8751602173 0 0 0 0 0 1050.4777431488 0 0 0 0 0 0
"oceania" 0 0 0 56.3703998923302 413.699120283127 3733.55197906494 0 0 44.0427400171757 1307.61516094208 2175.92525482178 6032.47785568237 0 0 0 0 0 0
"newzealand" 0 0 0 0 0 0 0 0 0 0 -364.512830972672 -724.780201911926 0 0 0 909.393548965454 0 0
"china" 0 0 0 0 178.602904081345 -60.1678118109703 18.2915646582842 21.2993025779724 4097.15700149536 -2408.06341171265 -9497.90000915527 3572.83353805542 43.9823716878891 3.35238547995687 -1181.26213550568 0 0 0
"japan" 0 0 0 0 0 0 0 0 -292.492479085922 -3969.71416473389 -3540.51637649536 -2655.19332885742 0 0 -47.118317335844 0 0 0
"korea" 0 0 0 0 0 0 0 0 0 -142.808586359024 -242.417082190514 0 0 0 0 0 0 0
"indonesia" 0 0 0 290.256977081299 399.536520242691 2112.63084411621 0 0 0 0 0 0 0 0 0 0 0 0
"madagascar" 0 0 0 -287.12272644043 -251.503348350525 -2406.70680999756 0 0 0 0 0 0 0 0 0 0 0 0
"eastasia" 0 0 0 0 0 19.2661099135876 0 0 -2448.2536315918 -29171.4019775391 -6154.70790863037 0 0 297.731131315231 76.2456059455872 0 0 0
"seasia" 0 0 0 -8749.97520446777 -17771.6503143311 -14037.7054214478 0 0 0 0 -160.218298435211 -3022.84002304077 0 0 0 0 0 0
"malasya" 0 0 0 0 0 -5513.10586929321 0 0 0 0 0 0 0 0 0 0 0 0
"myanmar" 0 0 0 11130.6867599487 19025.4211425781 2302.97231674194 0 0 0 0 3998.8477230072 3615.41509628296 0 0 0 0 0 0
"southasia" 0 0 0 -4749.30429458618 -22312.3950958252 -1396.9464302063 0 1.79169839248061 -6.2871859408915 -5342.31615066528 -274.676769971848 0 0 0 0 0 0 0
"india" 0 -1445.47486305237 -25860.3610992432 -38959.3276977539 -6926.07975006104 -1840.27934074402 0 -2472.82552719116 -6319.65637207031 -1120.42570114136 -758.397817611694 -2370.3498840332 0 0 0 0 0 0
"canada" 0 0 0 0 0 0 0 -8358.89625549316 1005204.58984375 308344.268798828 736.737549304962 0 0 2244.11606788635 34554.2488098145 11.2679088488221 0 0
"us" 0 0 0 0 0 0 -7520.13349533081 -30886.5966796875 -11087.2097015381 74534.7900390625 45180.1452636719 7490.77653884888 178.600341081619 1307.18076229095 67.0869871973991 0 0 0
"mexico" 0 -1185.06324291229 -3044.87085342407 -553.95644903183 2355.99517822266 399.017423391342 -267.454564571381 -923.992156982422 -1800.29916763306 142.474383115768 433.308959007263 647.301316261292 0 0 0 0 0 0
"colombia" 0 0 0 -0.25845825439319 -86.445227265358 -7334.51700210571 0 0 0 0 -0.839655520394444 -922.63925075531 0 0 0 0 0 0
"latinamer" 0 322.372198104858 -4.53091040253639 992.350876331329 176.854625344276 14040.3299331665 -461.265057325363 -455.690801143646 -584.865808486938 -877.716064453125 393.547207117081 4011.23094558716 8.26676748692989 192.82078742981 1051.36144161224 3389.56308364868 34.6276424825191 0
"paraguay" 0 0 0 0 0 -1402.75645256042 0 0 0 0 0 708.027958869934 0 0 0 0 0 0
"peru" -0.761121278628707 22.8255987167358 22.5738901644945 12.876046821475 73.4797343611717 1628.98993492126 -33.3787575364113 -13.7311834841967 12.2259045019746 15.2142709121108 283.227741718292 2255.67483901978 0 0 0 0 0 0
"uruguay" 0 0 0 0 0 0 0 0 0 0 0 4426.16176605225 0 0 0 0 0 0
"venezuela" 0 0.327577174175531 0 223.388999700546 971.391677856445 2389.41860198975 0 0 0 0 0 0 0 0 0 0 0 0
"eu27" 0 0 0 0 0 0 0 0 -15989.725112915 -216120.910644531 -51151.481628418 -10109.0965270996 0 -775.525093078613 -7695.88708877563 -300.621092319489 0 0
"uk" 0 0 0 0 0 0 0 0 0 216.601967811584 3661.21578216553 64.3267631530762 0 0 0 -14.3142696470022 0 0
"efta" 0 0 0 0 0 0 0 0 0 -1293.30277442932 0 0 0 99.5055660605431 -405.464202165604 7.55632063373923 0 0
"restofworld" 0 0 0 0 0 0 936.805665493011 157.096296548843 9784.8072052002 103485.458374023 6785.79139709473 886.514544487 23.4856810420752 382.685899734497 1733.62815380096 25.4031214863062 0 0
"russia" 0 0 0 0 0 0 0 -604.346096515656 -47393.1121826172 -13951.0507583618 -644.050121307373 0 -3402.79936790466 -16565.9141540527 -83819.3206787109 0 0 0
"mena" 1361.74273490906 0 0 0 0 0 992.704093456268 6571.94232940674 -716.230869293213 -13603.8665771484 -1623.71718883514 0 0 0 5.10127423331141 0 0 0
"angola" 0 0 -42362.6937866211 -759616.088867188 -1049308.83789062 0 0 0 -1895.90585231781 -56067.4819946289 0 0 0 0 0 0 0 0
"drc" 0 0 0 0 5591.62139892578 7993.27945709229 0 0 0 0 0 0 0 0 0 0 0 0
"nafr" -3.28987371176481 0 0 0 0 0 573.325872421265 477.450847625732 12.4743664637208 7.22265755757689 0 0 0 0 0 0 0 0
"wafr" 0 0 574.287474155426 696.968019008636 504.240393638611 -2800.7173538208 0 0 0 0 0 0 0 0 0 0 0 0
"cafr" 0 -1.01548479869962 0 125.189930200577 -538.15758228302 -1053.38668823242 0 0 0 0 0 0 0 0 0 0 0 0
"eafr" 0.778453890234232 35.978727042675 549.907445907593 13331.2149047852 6189.4645690918 10423.8767623901 0 0 0 0 2779.94012832642 4034.16633605957 0 0 0 0 0 0
"safr" 0 0 7878.11756134033 5627.32839584351 19.1307850182056 -146.131038665771 0 0.111224762804341 496.176898479462 112.854428589344 957.839250564575 0 0 0 0 0 0 0
"ivorycoast" 0 0 0 -3696.64096832275 -7988.59310150146 -16073.3890533447 0 0 0 0 0 0 0 0 0 0 0 0
"ghana" 0 0 0 105.45215010643 3713.55986595154 5534.76095199585 0 0 0 0 0 0 0 0 0 0 0 0
"nigeria" 0 0 0 -106.691420078278 -3224.62034225464 -2447.57127761841 0 0 0 0 0 0 0 0 0 0 0 0
"mozambique" 0 0 5162.4608039856 17345.0622558594 8592.78011322021 0 0 0 0 0 0 0 0 0 0 0 0 0
