"argentina" 0 0 0 0 0 0 2377.85816192627 6435.29462814331 7215.67630767822 9051.29146575928 0 17140.1977539062 -22.989746183157 32.1080014109612 216.715201735497 0 0 0
"bolivia" 0 0 148.442476987839 450.808525085449 1612.58506774902 1514.78219032288 0 0 -12.3464735224843 -52.151195704937 13.3092617616057 21.3682129979134 0 0 0 0 0 0
"brasil" 0 0 0 15150.9866714478 108204.75769043 24190.5899047852 0 0 0 0 0 5869.1234588623 0 0 0 0 0 0
"oceania" 0 0 0 -9.89532750099897 -202.166080474854 -2059.51881408691 0 0 -12.735765427351 -500.230491161346 -944.731116294861 -2655.1616191864 0 0 0 0 0 0
"newzealand" 0 0 0 0 0 0 0 0 0 0 337.016761302948 866.822302341461 0 0 0 -470.437616109848 0 0
"china" 0 0 0 0 239.311158657074 244.663685560226 14.6329961717129 34.8861068487167 3993.16120147705 5747.70784378052 5476.05657577515 8662.99533843994 20.5889586359262 3.68328881449997 1067.63505935669 0 0 0
"japan" 0 0 0 0 0 0 0 0 -228.356093168259 -3077.56757736206 -2702.67200469971 -2037.19663619995 0 0 -35.664115101099 0 0 0
"korea" 0 0 0 0 0 0 0 0 0 149.801671504974 277.872383594513 0 0 0 0 0 0 0
"indonesia" 0 0 0 13003.870010376 14285.7809066772 -63613.8648986816 0 0 0 0 0 0 0 0 0 0 0 0
"madagascar" 0 0 0 781.503558158875 395.540297031403 6328.14741134644 0 0 0 0 0 0 0 0 0 0 0 0
"eastasia" 0 0 0 0 0 119.573950767517 0 0 -1523.68056774139 -23733.1943511963 -5011.69109344482 0 0 493.027657270432 1124.30334091187 0 0 0
"seasia" 0 0 0 -11123.3100891113 -12279.8986434937 -14157.190322876 0 0 0 0 19.115999341011 -3468.84250640869 0 0 0 0 0 0
"malasya" 0 0 0 0 0 -13291.784286499 0 0 0 0 0 0 0 0 0 0 0 0
"myanmar" 0 0 0 3180.12928962708 6780.29680252075 715.607881546021 0 0 0 0 1491.81270599365 1203.82690429688 0 0 0 0 0 0
"southasia" 0 0 0 -5093.13106536865 -24266.5634155273 -1538.26773166656 0 2.54090549424291 -5.95510378479958 -5734.83228683472 -294.187277555466 0 0 0 0 0 0 0
"india" 0 -1654.42276000977 -32323.5778808594 -48572.5555419922 -8914.25514221191 -2514.21213150024 0 -4239.90964889526 -9206.31122589111 -1388.43441009521 -875.621020793915 -3091.40038490295 0 0 0 0 0 0
"canada" 0 0 0 0 0 0 0 7022.90058135986 -970756.34765625 -311503.90625 -782.441735267639 0 0 -2353.31153869629 -35652.3399353027 -11.9190495461226 0 0
"us" 0 0 0 0 0 0 7041.23401641846 39859.9700927734 16664.8616790771 -38595.3712463379 -12718.056678772 15857.8071594238 -30.2775092422962 -43.9867451786995 -26.5899896621704 0 0 0
"mexico" 0 151.202082633972 3366.94884300232 7035.09712219238 10797.8286743164 5812.35408782959 -27.4838674813509 202.30495929718 5096.43840789795 6397.63116836548 2589.29634094238 1623.49963188171 0 0 0 0 0 0
"colombia" 0 0 0 5.49281761050224 153.294175863266 7241.48178100586 0 0 0 0 2.20774440094829 665.54856300354 0 0 0 0 0 0
"latinamer" 0 -172.891885042191 229.147374629974 789.359450340271 2768.7828540802 3170.72296142578 539.304673671722 748.673439025879 1022.24707603455 1334.12444591522 684.951364994049 -433.993458747864 -2.16002902016044 31.3827842473984 -78.9363533258438 -1291.42093658447 131.319090723991 0
"paraguay" 0 0 0 0 0 -6961.30418777466 0 0 0 0 0 -958.699941635132 0 0 0 0 0 0
"peru" 14.2985954880714 64.0590563416481 48.6990660429001 17.369793727994 152.513816952705 2522.05634117126 31.1656929552555 30.4182376712561 61.9353577494621 88.4643942117691 613.148033618927 3302.75535583496 0 0 0 0 0 0
"uruguay" 0 0 0 0 0 0 0 0 0 0 0 -4475.08811950684 0 0 0 0 0 0
"venezuela" 0 1.27677444834262 0 427.604079246521 2056.08224868774 5169.50607299805 0 0 0 0 0 0 0 0 0 0 0 0
"eu27" 0 0 0 0 0 0 0 0 -17949.0661621094 -232558.059692383 -58967.8039550781 -11402.5554656982 0 -784.183382987976 -8253.01742553711 -350.56608915329 0 0
"uk" 0 0 0 0 0 0 0 0 0 327.007740736008 3722.02801704407 83.0177962779999 0 0 0 -6.4596957527101 0 0
"efta" 0 0 0 0 0 0 0 0 0 -1079.54800128937 0 0 0 290.618002414703 -284.399837255478 10.5984890833497 0 0
"restofworld" 0 0 0 0 0 0 3379.38213348389 232.217878103256 -698.445558547974 -34268.4478759766 -1283.607006073 -275.833249092102 25.5316272377968 241.461843252182 -408.765971660614 6.82771438732743 0 0
"russia" 0 0 0 0 0 0 0 -507.828176021576 -39956.2873840332 -11517.6563262939 -592.654943466187 0 -3686.04850769043 -18615.514755249 -95986.7630004883 0 0 0
"mena" 1469.91896629333 0 0 0 0 0 1114.7872209549 7391.89720153809 -1529.03497219086 -15629.4250488281 -1856.81438446045 0 0 0 5.55436685681343 0 0 0
"angola" 0 0 852.657437324524 18541.3818359375 19585.4434967041 0 0 0 16.4405275136232 2816.04218482971 0 0 0 0 0 0 0 0
"drc" 0 0 0 0 10335.9031677246 14042.2763824463 0 0 0 0 0 0 0 0 0 0 0 0
"nafr" 14.1219859942794 0 0 0 0 0 167.499572038651 157.478898763657 25.0960011035204 8.95966030657291 0 0 0 0 0 0 0 0
"wafr" 0 0 2156.71133995056 15029.182434082 9390.10429382324 2663.93494606018 0 0 0 0 0 0 0 0 0 0 0 0
"cafr" 0 13.7016698718071 0 994.557738304138 9197.79968261719 25099.365234375 0 0 0 0 0 0 0 0 0 0 0 0
"eafr" 2.31848750263453 99.2020443081856 839.888215065002 14216.3763046265 5855.03387451172 8084.66053009033 0 0 0 0 2080.58476448059 3007.6847076416 0 0 0 0 0 0
"safr" 0 0 10201.8337249756 6964.69688415527 11.9447857141495 -253.710478544235 0 0.198275869479403 780.684113502502 431.150317192078 928.646564483643 0 0 0 0 0 0 0
"ivorycoast" 0 0 0 10756.0863494873 20363.5482788086 58335.5598449707 0 0 0 0 0 0 0 0 0 0 0 0
"ghana" 0 0 0 4895.13683319092 68034.1796875 -24864.1376495361 0 0 0 0 0 0 0 0 0 0 0 0
"nigeria" 0 0 0 -118.516437709332 -4684.80348587036 -3608.82043838501 0 0 0 0 0 0 0 0 0 0 0 0
"mozambique" 0 0 -814.191520214081 -4084.95712280273 -2530.75170516968 0 0 0 0 0 0 0 0 0 0 0 0 0
