"argentina" 0 0 0 0 0 0 2575.21343231201 6651.90172195435 7616.13512039185 9167.53196716309 0 17078.5217285156 -69.8776543140411 -154.141798615456 123.58408421278 0 0 0
"bolivia" 0 0 -810.855448246002 5711.3471031189 15922.9373931885 16651.1554718018 0 0 -112.560324370861 -39.1922369599342 -133.943349123001 -184.832513332367 0 0 0 0 0 0
"brasil" 0 0 0 17620.7408905029 132950.042724609 8220.94345092773 0 0 0 0 0 5533.64562988281 0 0 0 0 0 0
"oceania" 0 0 0 -3.4609551075846 -226.82212293148 -2429.94022369385 0 0 -11.6072800010443 -515.289485454559 -1014.48464393616 -2868.79920959473 0 0 0 0 0 0
"newzealand" 0 0 0 0 0 0 0 0 0 0 416.930019855499 1085.14308929443 0 0 0 -551.207065582275 0 0
"china" 0 0 0 0 413.762629032135 359.538733959198 22.1338532865047 50.85638910532 6449.03993606567 7190.67096710205 5074.71752166748 13583.6009979248 44.087253510952 5.25549333542585 1095.2615737915 0 0 0
"japan" 0 0 0 0 0 0 0 0 -304.578214883804 -4142.86041259766 -3562.18361854553 -2683.15482139587 0 0 -52.7916848659515 0 0 0
"korea" 0 0 0 0 0 0 0 0 0 -55.4581433534622 -104.631550610065 0 0 0 0 0 0 0
"indonesia" 0 0 0 13058.8331222534 14370.1086044312 -64495.9716796875 0 0 0 0 0 0 0 0 0 0 0 0
"madagascar" 0 0 0 1065.44160842896 522.508382797241 8577.73208618164 0 0 0 0 0 0 0 0 0 0 0 0
"eastasia" 0 0 0 0 0 141.342550516129 0 0 -1842.45932102203 -28050.06980896 -5890.80905914307 0 0 579.407572746277 1294.47793960571 0 0 0
"seasia" 0 0 0 8713.95683288574 16290.1077270508 10495.9468841553 0 0 0 0 136.987060308456 2987.36786842346 0 0 0 0 0 0
"malasya" 0 0 0 0 0 -15360.6653213501 0 0 0 0 0 0 0 0 0 0 0 0
"myanmar" 0 0 0 -5148.38600158691 -8875.5407333374 -1136.32845878601 0 0 0 0 -1868.06201934814 -1764.29772377014 0 0 0 0 0 0
"southasia" 0 0 0 1140.76519012451 5415.86685180664 482.515782117844 0 1.36121525429189 0.647290260531008 210.637331008911 24.9120146036148 0 0 0 0 0 0 0
"india" 0 -1835.78419685364 -36262.0697021484 -56288.4254455566 -10197.7958679199 -2841.55297279358 0 -4654.18672561646 -10587.5949859619 -1617.29955673218 -1003.96180152893 -3518.8729763031 0 0 0 0 0 0
"canada" 0 0 0 0 0 0 0 8756.84356689453 -1259603.02734375 -404861.907958984 -1030.77125549316 0 0 -3113.97743225098 -47229.1793823242 -16.1561295390129 0 0
"us" 0 0 0 0 0 0 8493.41011047363 48440.4296875 20725.3723144531 -57527.6794433594 -18597.2785949707 19571.3157653809 -57.3646575212479 -201.73317193985 -39.1047149896622 0 0 0
"mexico" 0 2378.08609008789 7553.77578735352 3381.25777244568 -1840.37256240845 959.904909133911 369.091212749481 1498.56185913086 4579.83207702637 1363.16084861755 -104.512602090836 -848.646283149719 0 0 0 0 0 0
"colombia" 0 0 0 211.668595671654 8065.17601013184 471018.249511719 0 0 0 0 105.027243494987 52217.0906066895 0 0 0 0 0 0
"latinamer" 0 -235.389560461044 257.676064968109 784.415423870087 3163.93399238586 2043.79487037659 640.653848648071 866.104781627655 1174.0311384201 1606.99760913849 782.854616641998 -934.005498886108 -3.55645245872438 7.66518246382475 -234.455347061157 -1895.36356925964 138.231426477432 0
"paraguay" 0 0 0 0 0 -14902.9417037964 0 0 0 0 0 -5701.86233520508 0 0 0 0 0 0
"peru" -2433.14695358276 -5915.33231735229 -3011.12031936646 -236.843273043633 -12243.6790466309 -138587.753295898 -12341.5269851685 -7883.57162475586 -7826.59244537354 -11867.2504425049 -44869.7662353516 -99264.2135620117 0 0 0 0 0 0
"uruguay" 0 0 0 0 0 0 0 0 0 0 0 -3909.51585769653 0 0 0 0 0 0
"venezuela" 0 1.61608657799661 0 477.227509021759 2438.35163116455 6037.67776489258 0 0 0 0 0 0 0 0 0 0 0 0
"eu27" 0 0 0 0 0 0 0 0 -21432.6591491699 -285880.310058594 -67542.4728393555 -13211.8005752563 0 -1011.73305511475 -10271.5320587158 -408.414751291275 0 0
"uk" 0 0 0 0 0 0 0 0 0 639.170169830322 5531.58855438232 151.04778110981 0 0 0 -0.296857382636517 0 0
"efta" 0 0 0 0 0 0 0 0 0 -1143.10908317566 0 0 0 459.650695323944 -263.634502887726 14.2702404409647 0 0
"restofworld" 0 0 0 0 0 0 4551.97620391846 319.128453731537 -370.803147554398 -39479.3663024902 -1297.01805114746 -314.075022935867 35.9285399317741 345.623075962067 -440.235018730164 10.817801579833 0 0
"russia" 0 0 0 0 0 0 0 -571.638584136963 -44248.291015625 -12570.8694458008 -680.931091308594 0 -4434.59701538086 -22643.8236236572 -117705.108642578 0 0 0
"mena" 2777.09984779358 0 0 0 0 0 1756.58512115479 11916.597366333 5238.47103118896 -17635.082244873 -2155.47251701355 0 0 0 22.1078582108021 0 0 0
"angola" 0 0 870.497405529022 18881.3419342041 19923.6335754395 0 0 0 17.4223892390728 2874.84240531921 0 0 0 0 0 0 0 0
"drc" 0 0 0 0 10036.5896224976 14375.6618499756 0 0 0 0 0 0 0 0 0 0 0 0
"nafr" 14.3794389441609 0 0 0 0 0 416.906654834747 385.794669389725 32.8716635704041 13.1262801587582 0 0 0 0 0 0 0 0
"wafr" 0 0 2763.64612579346 16344.8886871338 10036.901473999 1738.7398481369 0 0 0 0 0 0 0 0 0 0 0 0
"cafr" 0 12.4974325299263 0 1182.64150619507 8083.56094360352 21842.8153991699 0 0 0 0 0 0 0 0 0 0 0 0
"eafr" 2.48440238647163 113.098606467247 563.954830169678 2742.36273765564 -212.891161441803 -4620.26119232178 0 0 0 0 -1337.30578422546 -2192.43812561035 0 0 0 0 0 0
"safr" 0 0 143.945664167404 1466.99285507202 8.00399482250214 385.808944702148 0 0.0623379673925228 83.4071040153503 623.714506626129 431.454747915268 0 0 0 0 0 0 0
"ivorycoast" 0 0 0 10200.1209259033 19303.9836883545 55388.8778686523 0 0 0 0 0 0 0 0 0 0 0 0
"ghana" 0 0 0 4881.46591186523 67800.8117675781 -24867.7024841309 0 0 0 0 0 0 0 0 0 0 0 0
"nigeria" 0 0 0 -146.159321069717 -4935.63461303711 -3730.87620735168 0 0 0 0 0 0 0 0 0 0 0 0
"mozambique" 0 0 -963.376581668854 -5085.98041534424 -3243.97134780884 0 0 0 0 0 0 0 0 0 0 0 0 0
