"argentina" 0 0 0 0 0 0 41501.9760131836 129435.394287109 129871.994018555 125054.306030273 0 241680.34362793 2096.45700454712 11145.414352417 10027.2827148438 0 0 0
"bolivia" 0 0 4670.09115219116 654619.384765625 1886053.95507812 3721073.2421875 0 0 166106.475830078 150027.34375 94949.6917724609 157020.111083984 0 0 0 0 0 0
"brasil" 0 0 0 5619.20213699341 65702.8045654297 -22215.1699066162 0 0 0 0 0 73.3566284179688 0 0 0 0 0 0
"oceania" 0 0 0 -10.9190363436937 161.131739616394 1899.57976341248 0 0 4.65598702430725 285.903543233871 645.858824253082 1890.47491550446 0 0 0 0 0 0
"newzealand" 0 0 0 0 0 0 0 0 0 0 -2892.17162132263 -8815.19889831543 0 0 0 -54.9072772264481 0 0
"china" 0 0 0 0 -713.261008262634 -947.451174259186 -13.6839970946312 -60.9794743359089 -6404.13045883179 -17854.362487793 -24441.0591125488 -23942.699432373 -33.1783816218376 -2.55632889457047 -3640.30504226685 0 0 0
"japan" 0 0 0 0 0 0 0 0 33.0912210047245 486.924320459366 276.777148246765 215.243697166443 0 0 13.9417592436075 0 0 0
"korea" 0 0 0 0 0 0 0 0 0 -125.516593456268 -208.527758717537 0 0 0 0 0 0 0
"indonesia" 0 0 0 283.940374851227 205.408588051796 -16777.5421142578 0 0 0 0 0 0 0 0 0 0 0 0
"madagascar" 0 0 0 546.236634254456 289.549916982651 4347.29480743408 0 0 0 0 0 0 0 0 0 0 0 0
"eastasia" 0 0 0 0 0 12.8047494217753 0 0 -3283.84733200073 -38041.5077209473 -7961.65323257446 0 0 352.59473323822 -67.822739481926 0 0 0
"seasia" 0 0 0 -14621.8433380127 -25805.4428100586 -22344.3164825439 0 0 0 0 -177.401959896088 -4947.81494140625 0 0 0 0 0 0
"malasya" 0 0 0 0 0 -8446.54083251953 0 0 0 0 0 0 0 0 0 0 0 0
"myanmar" 0 0 0 -5002.15339660645 -11099.6923446655 -1526.73149108887 0 0 0 0 -2557.02710151672 -2169.13557052612 0 0 0 0 0 0
"southasia" 0 0 0 -6888.93413543701 -32055.0918579102 -2027.28748321533 0 1.58797891344875 -9.82054509222507 -7527.95076370239 -395.135819911957 0 0 0 0 0 0 0
"india" 0 776.520252227783 13884.7274780273 21951.5895843506 4044.79932785034 1045.41265964508 0 710.393190383911 3349.06625747681 657.416760921478 411.248058080673 1532.03964233398 0 0 0 0 0 0
"canada" 0 0 0 0 0 0 0 4169.22378540039 -769179.321289062 -248758.239746094 -581.04419708252 0 0 -1740.16380310059 -25988.2411956787 -9.08220559358597 0 0
"us" 0 0 0 0 0 0 -4212.27502822876 -13766.2010192871 -5339.04123306274 33478.5766601562 17647.8023529053 -4458.77695083618 71.3314637541771 537.395834922791 26.5342630445957 0 0 0
"mexico" 0 2585.46686172485 11493.371963501 8464.24770355225 4367.11359024048 4538.39015960693 497.827351093292 2159.3770980835 10032.1369171143 6125.13256072998 1531.95941448212 -73.7908706068993 0 0 0 0 0 0
"colombia" 0 0 0 -0.320415740134194 -7.44563620537519 386.686950922012 0 0 0 0 -0.111211295006797 58.3154261112213 0 0 0 0 0 0
"latinamer" 0 112.42949962616 -227.997183799744 -761.958122253418 -2500.90789794922 -4017.3978805542 -467.480182647705 -654.789566993713 -896.891951560974 -1089.65873718262 -527.674973011017 11.8062794208527 0.596608617343009 -60.6678985059261 -71.4890286326408 777.07302570343 -125.571712851524 0
"paraguay" 0 0 0 0 0 837.164163589478 0 0 0 0 0 1986.811876297 0 0 0 0 0 0
"peru" -105.189867317677 -255.831301212311 -122.019380331039 -5.32120559364557 -498.831450939178 -4995.32318115234 -548.210024833679 -359.191656112671 -339.365422725677 -531.031370162964 -1840.38078784943 -3335.45422554016 0 0 0 0 0 0
"uruguay" 0 0 0 0 0 0 0 0 0 0 0 -1418.23744773865 0 0 0 0 0 0
"venezuela" 0 0.589294475503266 0 166.64420068264 846.304714679718 2237.06436157227 0 0 0 0 0 0 0 0 0 0 0 0
"eu27" 0 0 0 0 0 0 0 0 -6516.23630523682 -85333.9080810547 -22053.7223815918 -4136.05403900146 0 -490.514993667603 -2933.03298950195 -129.790127277374 0 0
"uk" 0 0 0 0 0 0 0 0 0 1236.48476600647 1644.28400993347 220.59354186058 0 0 0 67.4939677119255 0 0
"efta" 0 0 0 0 0 0 0 0 0 -2072.97992706299 0 0 0 -337.380945682526 -784.853458404541 1.96083053015172 0 0
"restofworld" 0 0 0 0 0 0 2209.33389663696 105.543941259384 -4905.75408935547 -72891.2963867188 -3827.54755020142 -608.544826507568 13.5299004614353 36.6854146122932 -1109.80701446533 -2.71764793433249 0 0
"russia" 0 0 0 0 0 0 0 -940.865635871887 -73308.1817626953 -20820.1560974121 -959.86795425415 0 -4802.85596847534 -23086.6889953613 -115610.321044922 0 0 0
"mena" -537.540912628174 0 0 0 0 0 -213.940158486366 -1386.34181022644 -2828.39107513428 413.866758346558 38.3938103914261 0 0 0 -7.79999839141965 0 0 0
"angola" 0 0 201.505318284035 5230.30567169189 5285.12382507324 0 0 0 -1.1107693426311 929.542779922485 0 0 0 0 0 0 0 0
"drc" 0 0 0 0 1149.5623588562 2651.86548233032 0 0 0 0 0 0 0 0 0 0 0 0
"nafr" -10.1266233250499 0 0 0 0 0 836.243331432343 645.926952362061 8.94137285649776 6.89520128071308 0 0 0 0 0 0 0 0
"wafr" 0 0 541.411221027374 323.73720407486 505.374729633331 -3611.20581626892 0 0 0 0 0 0 0 0 0 0 0 0
"cafr" 0 -3.5896108020097 0 -17.4312219023705 -1257.31182098389 -2755.50031661987 0 0 0 0 0 0 0 0 0 0 0 0
"eafr" 1.94968259893358 92.436358332634 453.467547893524 1851.79495811462 -339.182376861572 -4459.80930328369 0 0 0 0 -1285.6113910675 -2115.57960510254 0 0 0 0 0 0
"safr" 0 0 11127.3527145386 7287.71543502808 21.280612796545 -309.226453304291 0 0.159073679242283 695.801138877869 126.211568713188 1115.36145210266 0 0 0 0 0 0 0
"ivorycoast" 0 0 0 -2851.26852989197 -6167.02270507812 -12833.5590362549 0 0 0 0 0 0 0 0 0 0 0 0
"ghana" 0 0 0 44.8606424033642 1591.77649021149 2231.45985603333 0 0 0 0 0 0 0 0 0 0 0 0
"nigeria" 0 0 0 138.015508651733 1447.55971431732 851.734519004822 0 0 0 0 0 0 0 0 0 0 0 0
"mozambique" 0 0 3422.19877243042 11486.0305786133 5738.32702636719 0 0 0 0 0 0 0 0 0 0 0 0 0
