"argentina" 0 0 0 0 0 0 -337.648272514343 -1201.85387134552 -1797.1431016922 -2034.16705131531 0 -4288.79499435425 -31.0509577393532 -156.844332814217 -128.285840153694 0 0 0
"bolivia" 0 0 69.3850070238113 -1478.40631008148 -4311.65599822998 -7017.02117919922 0 0 -201.184123754501 -215.897127985954 -120.154276490211 -218.97491812706 0 0 0 0 0 0
"brasil" 0 0 0 -855.599582195282 22350.4486083984 -4510.16426086426 0 0 0 0 0 10.5990432202816 0 0 0 0 0 0
"oceania" 0 0 0 5.74485817924142 -77.9147148132324 -1345.91424465179 0 0 -1.1381080839783 -121.289104223251 -271.212041378021 -767.75324344635 0 0 0 0 0 0
"newzealand" 0 0 0 0 0 0 0 0 0 0 544.491052627563 1568.45259666443 0 0 0 -287.678390741348 0 0
"china" 0 0 0 0 -78.1638696789742 -41.1312617361546 -4.25252132117748 -5.37395663559437 -1028.0020236969 -177.231296896935 901.837885379791 -1973.44636917114 -13.9160202816129 -0.633240677416325 107.137829065323 0 0 0
"japan" 0 0 0 0 0 0 0 0 17.5833832472563 226.931035518646 226.397931575775 172.157108783722 0 0 1.33526336867362 0 0 0
"korea" 0 0 0 0 0 0 0 0 0 14.8366969078779 26.9425828009844 0 0 0 0 0 0 0
"indonesia" 0 0 0 -46.4795976877213 -115.075565874577 -5647.22490310669 0 0 0 0 0 0 0 0 0 0 0 0
"madagascar" 0 0 0 416.546851396561 235.91648042202 2757.04956054688 0 0 0 0 0 0 0 0 0 0 0 0
"eastasia" 0 0 0 0 0 -2.36295093782246 0 0 261.006683111191 2929.85963821411 598.85174036026 0 0 -27.5598540902138 8.31408333033323 0 0 0
"seasia" 0 0 0 3934.18025970459 4902.90927886963 5402.17733383179 0 0 0 0 -2.31888424605131 1367.13624000549 0 0 0 0 0 0
"malasya" 0 0 0 0 0 -28.5111218690872 0 0 0 0 0 0 0 0 0 0 0 0
"myanmar" 0 0 0 1468.25921535492 2360.13674736023 275.477021932602 0 0 0 0 487.033426761627 449.231386184692 0 0 0 0 0 0
"southasia" 0 0 0 1437.21723556519 6836.59982681274 385.758221149445 0 -0.410286418627948 2.30204500257969 1644.46198940277 89.5907804369926 0 0 0 0 0 0 0
"india" 0 490.887463092804 8310.37521362305 12285.1133346558 2083.52494239807 531.552016735077 0 644.319891929626 1747.97546863556 347.951412200928 241.064980626106 675.536751747131 0 0 0 0 0 0
"canada" 0 0 0 0 0 0 0 -469.244301319122 222521.438598633 69191.1468505859 155.47938644886 0 0 447.39106297493 6678.68614196777 2.10247468203306 0 0
"us" 0 0 0 0 0 0 -2534.53493118286 -9119.62985992432 -4887.73441314697 12744.2607879639 5205.88874816895 -3523.78392219543 19.6743905544281 89.7441580891609 7.93012604117393 0 0 0
"mexico" 0 1989.85576629639 9423.90537261963 7703.27425003052 5003.65781784058 4455.07526397705 333.328872919083 1602.81825065613 8596.6796875 5506.19554519653 1507.51566886902 126.068487763405 0 0 0 0 0 0
"colombia" 0 0 0 -0.64611918060109 -13.9606483280659 -684.295117855072 0 0 0 0 -0.254396116361022 -82.3375135660172 0 0 0 0 0 0
"latinamer" 0 67.032165825367 -35.361222922802 83.2571163773537 -133.141100406647 2747.02000617981 -164.354458451271 -214.877545833588 -271.580576896667 -329.587519168854 30.7303927838802 668.84571313858 1.2396884849295 11.0886003822088 121.534816920757 626.665115356445 -23.6077904701233 0
"paraguay" 0 0 0 0 0 235257.934570312 0 0 0 0 0 291499.877929688 0 0 0 0 0 0
"peru" -4.84035350382328 -3.24437371455133 7.20686139538884 4.19826153665781 -3.8406359963119 135.941877961159 -37.9470698535442 -18.5801573097706 -11.8870306760073 -20.6739008426666 6.99450867250562 572.624504566193 0 0 0 0 0 0
"uruguay" 0 0 0 0 0 0 0 0 0 0 0 -1502.46405601501 0 0 0 0 0 0
"venezuela" 0 -0.0518577508046292 0 -0.998402130790055 -36.4234559237957 -94.8618501424789 0 0 0 0 0 0 0 0 0 0 0 0
"eu27" 0 0 0 0 0 0 0 0 -3150.6085395813 -55341.2208557129 -5773.6988067627 -1282.65047073364 0 199.421674013138 -2166.94331169128 -14.5791992545128 0 0
"uk" 0 0 0 0 0 0 0 0 0 -2083.6501121521 470.994234085083 -342.814713716507 0 0 0 -141.029551625252 0 0
"efta" 0 0 0 0 0 0 0 0 0 -1671.91600799561 0 0 0 -318.53774189949 -648.306012153625 0.761910865548998 0 0
"restofworld" 0 0 0 0 0 0 48.2978448271751 25.4889540374279 2076.64775848389 24280.9715270996 1553.57789993286 208.540558815002 5.33229997381568 78.495666384697 405.820459127426 5.75208151713014 0 0
"russia" 0 0 0 0 0 0 0 209.531456232071 18236.1125946045 5813.24148178101 211.213648319244 0 955.374896526337 4369.42148208618 20996.4962005615 0 0 0
"mena" -591.979742050171 0 0 0 0 0 -313.421308994293 -2103.87372970581 -1686.66231632233 2587.60738372803 329.120218753815 0 0 0 -5.4058525711298 0 0 0
"angola" 0 0 -88.4829610586166 -1849.46441650391 -1884.87958908081 0 0 0 -2.74157500825822 -303.264826536179 0 0 0 0 0 0 0 0
"drc" 0 0 0 0 1075.77872276306 1794.5282459259 0 0 0 0 0 0 0 0 0 0 0 0
"nafr" 3.45399859361351 0 0 0 0 0 -114.854954183102 -91.7356759309769 2.3402979131788 0.0225730545935221 0 0 0 0 0 0 0 0
"wafr" 0 0 632.326185703278 4752.95495986938 3044.62170600891 1431.01894855499 0 0 0 0 0 0 0 0 0 0 0 0
"cafr" 0 1.50057021528482 0 24.0469556301832 904.743194580078 2307.59811401367 0 0 0 0 0 0 0 0 0 0 0 0
"eafr" -0.459809030871838 -22.6200185716152 -106.001645326614 -294.155418872833 162.879750132561 1446.55919075012 0 0 0 0 407.224476337433 687.118113040924 0 0 0 0 0 0
"safr" 0 0 -2895.65825462341 -2201.05814933777 -3.4748821053654 132.634803652763 0 -0.0558095707674511 -236.842274665833 -42.1479642391205 -302.515953779221 0 0 0 0 0 0 0
"ivorycoast" 0 0 0 3180.35554885864 -41841.5298461914 327409.790039062 0 0 0 0 0 0 0 0 0 0 0 0
"ghana" 0 0 0 -2.49947397969663 126.359730958939 814.287304878235 0 0 0 0 0 0 0 0 0 0 0 0
"nigeria" 0 0 0 25.8432552218437 1041.5472984314 811.852395534515 0 0 0 0 0 0 0 0 0 0 0 0
"mozambique" 0 0 918.695747852325 3073.23789596558 1478.31332683563 0 0 0 0 0 0 0 0 0 0 0 0 0
