"argentina" 0 0 0 0 0 0 -505.912899971008 -1459.10930633545 -2041.07141494751 -2047.07264900208 0 -4041.75758361816 -4.85760485753417 -53.3606633543968 -79.1485011577606 0 0 0
"bolivia" 0 0 196.672663092613 -1763.0980014801 -5042.19102859497 -8460.2746963501 0 0 -264.047175645828 -275.896579027176 -139.166608452797 -251.547694206238 0 0 0 0 0 0
"brasil" 0 0 0 -1682.02698230743 -5075.2534866333 14762.9423141479 0 0 0 0 0 1310.52839756012 0 0 0 0 0 0
"oceania" 0 0 0 18.1311927735806 -21.0401155054569 -860.916376113892 0 0 5.87808340787888 74.646532535553 45.8123125135899 99.9562293291092 0 0 0 0 0 0
"newzealand" 0 0 0 0 0 0 0 0 0 0 751.332104206085 2273.72074127197 0 0 0 -66.7573735117912 0 0
"china" 0 0 0 0 13.4107526391745 74.6086090803146 -1.18434336036444 3.39586450718343 -45.2592223882675 2066.47682189941 3762.04681396484 1159.40988063812 -8.3042811602354 -0.0915840137167834 546.317279338837 0 0 0
"japan" 0 0 0 0 0 0 0 0 44.3813018500805 606.942713260651 486.73889040947 370.751887559891 0 0 9.91050153970718 0 0 0
"korea" 0 0 0 0 0 0 0 0 0 23.9681713283062 45.9364354610443 0 0 0 0 0 0 0
"indonesia" 0 0 0 -36.545854061842 -47.4162027239799 443.915724754333 0 0 0 0 0 0 0 0 0 0 0 0
"madagascar" 0 0 0 345.999538898468 158.064916729927 2160.88151931763 0 0 0 0 0 0 0 0 0 0 0 0
"eastasia" 0 0 0 0 0 4.14909608662128 0 0 395.40559053421 4285.04467010498 891.055703163147 0 0 -26.2035243213177 65.3629899024963 0 0 0
"seasia" 0 0 0 6225.94547271729 8806.91051483154 8414.95227813721 0 0 0 0 25.9277001023293 2113.00253868103 0 0 0 0 0 0
"malasya" 0 0 0 0 0 1193.4175491333 0 0 0 0 0 0 0 0 0 0 0 0
"myanmar" 0 0 0 2112.25032806396 3467.96107292175 398.482590913773 0 0 0 0 719.667553901672 653.075218200684 0 0 0 0 0 0
"southasia" 0 0 0 1795.74072360992 8525.73490142822 509.011387825012 0 -0.48173192772083 2.74202064611018 2006.22868537903 108.597151935101 0 0 0 0 0 0 0
"india" 0 651.12566947937 11207.8666687012 16809.7114562988 2963.9573097229 774.313688278198 0 957.777082920074 2471.34733200073 472.745984792709 337.672591209412 994.476020336151 0 0 0 0 0 0
"canada" 0 0 0 0 0 0 0 -653.811573982239 308032.257080078 96946.7010498047 218.137502670288 0 0 671.648263931274 10020.1206207275 3.70355881750584 0 0
"us" 0 0 0 0 0 0 -2603.01423072815 -9504.54235076904 -5265.59495925903 21179.3956756592 10793.0297851562 -12.5314742326736 43.9100041985512 280.291795730591 16.1178894340992 0 0 0
"mexico" 0 1943.61567497253 9305.04989624023 7831.70986175537 5483.15477371216 4613.7900352478 326.561093330383 1565.87076187134 8610.36682128906 5763.11922073364 1634.67454910278 236.557558178902 0 0 0 0 0 0
"colombia" 0 0 0 -0.320416642352939 -25.3919344395399 -2078.84502410889 0 0 0 0 -0.307463196804747 -271.618366241455 0 0 0 0 0 0
"latinamer" 0 106.348261237144 28.7901721894741 503.094494342804 481.920719146729 6256.26993179321 -117.024831473827 -93.3258682489395 -105.184331536293 -180.347368121147 250.615417957306 1545.99869251251 3.06124752387404 81.4500525593758 413.891106843948 1214.20431137085 30.8906827121973 0
"paraguay" 0 0 0 0 0 236470.275878906 0 0 0 0 0 293511.016845703 0 0 0 0 0 0
"peru" 4.47095325216651 22.7547362446785 22.0074541866779 6.73651834949851 50.1135662198067 798.96491765976 5.30235888436437 10.912723839283 20.0418531894684 27.9868058860302 214.689120650291 1221.52543067932 0 0 0 0 0 0
"uruguay" 0 0 0 0 0 0 0 0 0 0 0 -206.96634054184 0 0 0 0 0 0
"venezuela" 0 -0.0554387152078561 0 -18.416453152895 -111.317820847034 -257.601797580719 0 0 0 0 0 0 0 0 0 0 0 0
"eu27" 0 0 0 0 0 0 0 0 -15346.6186523438 -210701.843261719 -47449.878692627 -9247.70069122314 0 -402.669936418533 -7709.83982086182 -258.39626789093 0 0
"uk" 0 0 0 0 0 0 0 0 0 3028.56397628784 4598.81591796875 543.740034103394 0 0 0 163.046836853027 0 0
"efta" 0 0 0 0 0 0 0 0 0 933.503270149231 0 0 0 648.64057302475 489.113211631775 9.25122108310461 0 0
"restofworld" 0 0 0 0 0 0 1127.45451927185 131.573989987373 4950.11186599731 49090.3739929199 3405.81369400024 425.446957349777 20.1929770410061 262.443631887436 870.414674282074 15.7683528959751 0 0
"russia" 0 0 0 0 0 0 0 412.727236747742 35785.0914001465 11209.5518112183 386.415749788284 0 1499.00472164154 6493.85452270508 29848.6480712891 0 0 0
"mena" -599.888622760773 0 0 0 0 0 -366.671741008759 -2381.20532035828 -72.181761264801 4664.13927078247 561.549544334412 0 0 0 -3.52611881680787 0 0 0
"angola" 0 0 22.649247199297 466.616332530975 521.758317947388 0 0 0 0.430119340308011 56.4670115709305 0 0 0 0 0 0 0 0
"drc" 0 0 0 0 2397.75443077087 3212.21113204956 0 0 0 0 0 0 0 0 0 0 0 0
"nafr" 7.89129547774792 0 0 0 0 0 -76.1971101164818 -45.545868575573 9.57806594669819 2.72112782113254 0 0 0 0 0 0 0 0
"wafr" 0 0 874.699473381042 6320.10173797607 3856.2343120575 2053.24053764343 0 0 0 0 0 0 0 0 0 0 0 0
"cafr" 0 4.21996228396893 0 240.252479910851 2182.71398544312 5600.76189041138 0 0 0 0 0 0 0 0 0 0 0 0
"eafr" -0.286596303340048 -14.7252213209867 -29.0169678628445 1138.13304901123 772.949039936066 2282.40704536438 0 0 0 0 622.100710868835 984.992682933807 0 0 0 0 0 0
"safr" 0 0 -2170.86100578308 -1405.52544593811 -1.31179171148688 162.164762616158 0 -0.0307499394693878 -157.209888100624 75.3867030143738 -145.818814635277 0 0 0 0 0 0 0
"ivorycoast" 0 0 0 3374.43161010742 -40534.2712402344 328970.550537109 0 0 0 0 0 0 0 0 0 0 0 0
"ghana" 0 0 0 12.5525128096342 750.588655471802 1494.81821060181 0 0 0 0 0 0 0 0 0 0 0 0
"nigeria" 0 0 0 67.3709809780121 2285.59851646423 1714.78009223938 0 0 0 0 0 0 0 0 0 0 0 0
"mozambique" 0 0 1446.70021533966 4770.9698677063 2287.51111030579 0 0 0 0 0 0 0 0 0 0 0 0 0
