"argentina" 0 0 0 0 0 0 -487.859725952148 -1404.0629863739 -1988.78300189972 -2013.14330101013 0 -3991.40524864197 -3.93891986459494 -48.5854856669903 -74.8343244194984 0 0 0
"bolivia" 0 0 213.740065693855 -1793.06817054749 -5114.76469039917 -8617.4840927124 0 0 -271.651744842529 -283.30335021019 -141.122668981552 -254.819691181183 0 0 0 0 0 0
"brasil" 0 0 0 -1724.83563423157 -5018.51415634155 14574.8329162598 0 0 0 0 0 1292.28758811951 0 0 0 0 0 0
"oceania" 0 0 0 18.4759013354778 -21.3340502232313 -866.293430328369 0 0 5.96100091934204 75.4533261060715 45.9150336682796 99.7555553913116 0 0 0 0 0 0
"newzealand" 0 0 0 0 0 0 0 0 0 0 742.00701713562 2238.01422119141 0 0 0 -88.0757048726082 0 0
"china" 0 0 0 0 37.1727123856544 101.827591657639 -0.296629092190415 5.7520791888237 232.894942164421 2586.85517311096 4362.144947052 1950.18243789673 -6.558817345649 0.0754579959902912 641.856908798218 0 0 0
"japan" 0 0 0 0 0 0 0 0 48.035740852356 655.150532722473 532.257676124573 404.85492348671 0 0 10.3563033044338 0 0 0
"korea" 0 0 0 0 0 0 0 0 0 26.6901720315218 51.1214546859264 0 0 0 0 0 0 0
"indonesia" 0 0 0 -37.7052687108517 -48.1784418225288 526.509582996368 0 0 0 0 0 0 0 0 0 0 0 0
"madagascar" 0 0 0 355.193436145782 162.072047591209 2246.72889709473 0 0 0 0 0 0 0 0 0 0 0 0
"eastasia" 0 0 0 0 0 4.07036580145359 0 0 429.593801498413 4730.80253601074 988.747358322144 0 0 -31.0855396091938 61.4029765129089 0 0 0
"seasia" 0 0 0 6769.87981796265 9611.55414581299 9099.57599639893 0 0 0 0 29.5941289514303 2289.26610946655 0 0 0 0 0 0
"malasya" 0 0 0 0 0 1236.45448684692 0 0 0 0 0 0 0 0 0 0 0 0
"myanmar" 0 0 0 2245.32437324524 3690.17839431763 423.358976840973 0 0 0 0 765.583693981171 694.587826728821 0 0 0 0 0 0
"southasia" 0 0 0 1937.98291683197 9217.47970581055 552.034497261047 0 -0.523029011674225 2.88372067734599 2146.93999290466 116.046488285065 0 0 0 0 0 0 0
"india" 0 703.585684299469 12264.4538879395 18661.0927581787 3310.22000312805 868.190407752991 0 1055.67407608032 2787.33277320862 527.17387676239 371.440768241882 1123.18301200867 0 0 0 0 0 0
"canada" 0 0 0 0 0 0 0 -919.575214385986 318817.626953125 100978.530883789 229.180976748466 0 0 688.834726810455 10341.8960571289 3.53577244095504 0 0
"us" 0 0 0 0 0 0 -2621.06132507324 -9700.5443572998 -5439.15843963623 22453.2451629639 11705.7285308838 600.538849830627 47.6304590702057 308.686673641205 17.4859184771776 0 0 0
"mexico" 0 1904.9905538559 9146.73519134521 7738.85774612427 5460.57748794556 4566.40481948853 320.541590452194 1538.78235816956 8508.09097290039 5700.75130462646 1621.05584144592 242.107391357422 0 0 0 0 0 0
"colombia" 0 0 0 -0.326823181239888 -29.6129807829857 -2478.32202911377 0 0 0 0 -0.348064466379583 -325.191557407379 0 0 0 0 0 0
"latinamer" 0 122.094921767712 18.6736211180687 509.459733963013 412.757277488708 6769.66238021851 -156.460165977478 -145.605683326721 -171.14919424057 -264.207661151886 245.106339454651 1687.92963027954 3.34510649554431 83.9562490582466 442.43848323822 1362.43915557861 25.3489203751087 0
"paraguay" 0 0 0 0 0 236542.816162109 0 0 0 0 0 293587.646484375 0 0 0 0 0 0
"peru" 5.18178008496761 26.2549556791782 23.5289987176657 7.74778053164482 60.5325438082218 995.343863964081 7.16551952064037 11.894041672349 23.630365729332 33.3561263978481 251.214504241943 1426.5308380127 0 0 0 0 0 0
"uruguay" 0 0 0 0 0 0 0 0 0 0 0 -329.093754291534 0 0 0 0 0 0
"venezuela" 0 -0.0560380722163245 0 -19.3752720952034 -115.617036819458 -268.895417451859 0 0 0 0 0 0 0 0 0 0 0 0
"eu27" 0 0 0 0 0 0 0 0 -16540.2717590332 -227178.527832031 -50954.8034667969 -9911.25202178955 0 -445.791095495224 -8332.88097381592 -279.037982225418 0 0
"uk" 0 0 0 0 0 0 0 0 0 76.6889750957489 4112.73097991943 45.388650149107 0 0 0 -26.5758186578751 0 0
"efta" 0 0 0 0 0 0 0 0 0 1003.27062606812 0 0 0 705.206632614136 528.043329715729 10.092037729919 0 0
"restofworld" 0 0 0 0 0 0 1297.37412929535 146.777629852295 5258.86106491089 51321.5484619141 3589.49851989746 445.300430059433 22.12168648839 286.008834838867 915.666580200195 16.9544443488121 0 0
"russia" 0 0 0 0 0 0 0 428.082704544067 37068.1304931641 11573.2326507568 397.393226623535 0 1518.47684383392 6539.10541534424 29891.2773132324 0 0 0
"mena" -627.034723758698 0 0 0 0 0 -384.370684623718 -2496.83356285095 -48.8556660711765 4910.973072052 590.735733509064 0 0 0 -3.72284487821162 0 0 0
"angola" 0 0 22.5517638027668 450.445055961609 510.276198387146 0 0 0 0.506055075675249 51.243744790554 0 0 0 0 0 0 0 0
"drc" 0 0 0 0 2818.42565536499 3713.81330490112 0 0 0 0 0 0 0 0 0 0 0 0
"nafr" 8.58567655086517 0 0 0 0 0 -77.1628841757774 -46.979695558548 10.440175421536 2.98800296150148 0 0 0 0 0 0 0 0
"wafr" 0 0 942.445516586304 6833.8565826416 4180.13525009155 2264.61553573608 0 0 0 0 0 0 0 0 0 0 0 0
"cafr" 0 4.51885722577572 0 259.959787130356 2365.79656600952 6021.43859863281 0 0 0 0 0 0 0 0 0 0 0 0
"eafr" -0.393935362808406 -20.7558963447809 -55.3274862468243 1148.00465106964 863.366603851318 2793.1113243103 0 0 0 0 765.308380126953 1237.52570152283 0 0 0 0 0 0
"safr" 0 0 -3430.72867393494 -2221.42601013184 -2.22736992873251 224.349483847618 0 -0.0493739244120661 -248.633474111557 76.8652036786079 -235.57323217392 0 0 0 0 0 0 0
"ivorycoast" 0 0 0 3365.55457115173 -40615.8065795898 328899.383544922 0 0 0 0 0 0 0 0 0 0 0 0
"ghana" 0 0 0 14.9121414870024 833.202004432678 1765.12634754181 0 0 0 0 0 0 0 0 0 0 0 0
"nigeria" 0 0 0 69.2605525255203 2329.20265197754 1746.25539779663 0 0 0 0 0 0 0 0 0 0 0 0
"mozambique" 0 0 1659.36517715454 5446.24042510986 2599.94220733643 0 0 0 0 0 0 0 0 0 0 0 0 0
