"argentina" 0 0 0 0 0 0 552.992939949036 2443.01414489746 1311.25950813293 1112.11323738098 0 1913.5856628418 142.870604991913 621.147871017456 406.738847494125 0 0 0
"bolivia" 0 0 352.004140615463 -2924.55887794495 -8416.93878173828 -14597.1050262451 0 0 -493.911892175674 -492.24129319191 -259.028941392899 -463.689774274826 0 0 0 0 0 0
"brasil" 0 0 0 721876.525878906 2929644.53125 2727318.359375 0 0 0 0 0 652953.918457031 0 0 0 0 0 0
"oceania" 0 0 0 45.2897921204567 182.011187076569 1079.77390289307 0 0 24.0547992289066 670.331835746765 1087.60511875153 2994.69757080078 0 0 0 0 0 0
"newzealand" 0 0 0 0 0 0 0 0 0 0 3009.7827911377 9343.58596801758 0 0 0 450.914978981018 0 0
"china" 0 0 0 0 88.4388908743858 199.502348899841 -2.2642957046628 2.32266285456717 -174.25648868084 3796.46396636963 7059.95988845825 3067.66080856323 -6.51398533955216 -1.24935328494757 891.11065864563 0 0 0
"japan" 0 0 0 0 0 0 0 0 97.8058353066444 1362.21563816071 978.982448577881 752.895712852478 0 0 27.6095755398273 0 0 0
"korea" 0 0 0 0 0 0 0 0 0 -6.41810055822134 -3.08658229187131 0 0 0 0 0 0 0
"indonesia" 0 0 0 50.7592186331749 104.789152741432 5766.69263839722 0 0 0 0 0 0 0 0 0 0 0 0
"madagascar" 0 0 0 3.46862059086561 0.155851768795401 -794.873297214508 0 0 0 0 0 0 0 0 0 0 0 0
"eastasia" 0 0 0 0 0 -31.7110866308212 0 0 456.59351348877 6349.66564178467 1292.2614812851 0 0 -121.896177530289 -241.303727030754 0 0 0
"seasia" 0 0 0 6801.84173583984 9102.33879089355 9377.41470336914 0 0 0 0 17.9514065384865 2250.2269744873 0 0 0 0 0 0
"malasya" 0 0 0 0 0 1115.3769493103 0 0 0 0 0 0 0 0 0 0 0 0
"myanmar" 0 0 0 3147.34387397766 5594.19822692871 665.408968925476 0 0 0 0 1185.13560295105 1061.29777431488 0 0 0 0 0 0
"southasia" 0 0 0 2306.71215057373 11603.7979125977 557.215929031372 0 -2.13483697734773 2.80824187211692 3035.70461273193 158.024325966835 0 0 0 0 0 0 0
"india" 0 597.20104932785 12261.3468170166 16618.7629699707 2910.25972366333 840.182781219482 0 1451.34508609772 3700.81973075867 527.120888233185 217.942461371422 1039.85393047333 0 0 0 0 0 0
"canada" 0 0 0 0 0 0 0 -2367.84815788269 736412.658691406 223302.886962891 505.203127861023 0 0 1623.05152416229 24307.2280883789 9.82583034783602 0 0
"us" 0 0 0 0 0 0 -4695.20950317383 -18593.6279296875 -9325.83808898926 42055.1490783691 18266.9372558594 -4133.48960876465 69.6843266487122 427.493065595627 26.9364807754755 0 0 0
"mexico" 0 1468.87469291687 7738.12627792358 7052.20794677734 5800.10604858398 4425.55236816406 246.590495109558 1248.80409240723 7447.63326644897 5410.86483001709 1640.22564888 410.762250423431 0 0 0 0 0 0
"colombia" 0 0 0 -3.18124494515359 -150.02316236496 -9876.34944915771 0 0 0 0 -1.82437070179731 -1122.28214740753 0 0 0 0 0 0
"latinamer" 0 141.242623329163 79.601913690567 869.691133499146 1060.45234203339 9636.84844970703 -92.5629138946533 -21.851010620594 -4.79806214570999 -99.1867706179619 435.743540525436 2272.52125740051 4.43090358749032 128.180295228958 615.061819553375 1651.16822719574 62.8143325448036 0
"paraguay" 0 0 0 0 0 236229.217529297 0 0 0 0 0 289999.664306641 0 0 0 0 0 0
"peru" -25.9907450526953 -48.0904430150986 -12.0477695018053 4.44916030392051 -85.7852548360825 -572.486996650696 -149.444699287415 -86.4178240299225 -76.5664279460907 -118.366435170174 -323.406904935837 160.803109407425 0 0 0 0 0 0
"uruguay" 0 0 0 0 0 0 0 0 0 0 0 8955.66940307617 0 0 0 0 0 0
"venezuela" 0 -0.807315052952617 0 -201.931282877922 -1147.3925113678 -2749.91965293884 0 0 0 0 0 0 0 0 0 0 0 0
"eu27" 0 0 0 0 0 0 0 0 -8901.55124664307 -132492.84362793 -23962.4767303467 -4775.6519317627 0 41.6812151670456 -4982.20777511597 -112.37633228302 0 0
"uk" 0 0 0 0 0 0 0 0 0 2879.89902496338 3448.7087726593 511.468350887299 0 0 0 161.974415183067 0 0
"efta" 0 0 0 0 0 0 0 0 0 1236.39023303986 0 0 0 471.176087856293 536.407172679901 4.43372270092368 0 0
"restofworld" 0 0 0 0 0 0 -125.918090343475 41.7253151535988 5170.18556594849 61708.9385986328 3877.48956680298 526.795208454132 10.6838224455714 171.476796269417 1012.05539703369 12.5623000785708 0 0
"russia" 0 0 0 0 0 0 0 530.173897743225 45069.7021484375 14120.6970214844 559.256732463837 0 2701.80010795593 12656.1336517334 62292.537689209 0 0 0
"mena" 55.6265711784363 0 0 0 0 0 -285.023927688599 -1418.0999994278 9394.67620849609 11770.2140808105 1324.96464252472 0 0 0 13.7470606714487 0 0 0
"angola" 0 0 -487.249314785004 -10734.4627380371 -11249.1397857666 0 0 0 -8.83043464273214 -1666.19718074799 0 0 0 0 0 0 0 0
"drc" 0 0 0 0 12.8618627786636 535.736322402954 0 0 0 0 0 0 0 0 0 0 0 0
"nafr" 9.65116545557976 0 0 0 0 0 -209.516376256943 -148.800671100616 7.92121514678001 1.57022895291448 0 0 0 0 0 0 0 0
"wafr" 0 0 192.261189222336 3038.34390640259 1791.6100025177 2622.95031547546 0 0 0 0 0 0 0 0 0 0 0 0
"cafr" 0 0.939123565331101 0 -150.628447532654 -592.602133750916 -2279.37006950378 0 0 0 0 0 0 0 0 0 0 0 0
"eafr" -0.45636750292033 -19.0977975726128 4.28584171459079 2717.38505363464 1602.69212722778 3687.51859664917 0 0 0 0 1006.65497779846 1485.76235771179 0 0 0 0 0 0
"safr" 0 0 -5196.40064239502 -3545.01557350159 -5.0861188210547 225.946918129921 0 -0.0923729385249317 -393.718928098679 -71.1414664983749 -440.408408641815 0 0 0 0 0 0 0
"ivorycoast" 0 0 0 3391.78037643433 -40404.2701721191 329122.283935547 0 0 0 0 0 0 0 0 0 0 0 0
"ghana" 0 0 0 5111.87314987183 360673.553466797 -6558.33053588867 0 0 0 0 0 0 0 0 0 0 0 0
"nigeria" 0 0 0 66.8327882885933 2943.04418563843 2271.50964736938 0 0 0 0 0 0 0 0 0 0 0 0
"mozambique" 0 0 1252.61843204498 5250.44727325439 2962.41450309753 0 0 0 0 0 0 0 0 0 0 0 0 0
