"argentina" 0 0 0 0 0 0 1452.50809192657 5114.11571502686 4484.55810546875 4054.0976524353 0 7418.75886917114 169.341340661049 784.884929656982 582.876324653625 0 0 0
"bolivia" 0 0 281.050741672516 -1723.0920791626 -4877.1390914917 -8736.89365386963 0 0 -311.657428741455 -315.421342849731 -155.806735157967 -279.742062091827 0 0 0 0 0 0
"brasil" 0 0 0 717968.933105469 2923826.66015625 2723098.6328125 0 0 0 0 0 642210.205078125 0 0 0 0 0 0
"oceania" 0 0 0 62.8321841359138 75.5382403731346 -357.124865055084 0 0 25.6578959524632 541.703402996063 712.941408157349 1885.98132133484 0 0 0 0 0 0
"newzealand" 0 0 0 0 0 0 0 0 0 0 3246.86098098755 10047.6036071777 0 0 0 407.887905836105 0 0
"china" 0 0 0 0 181.117177009583 295.062959194183 2.7740818914026 11.5188360214233 1057.61408805847 5513.37862014771 8700.49476623535 6009.57870483398 6.3169370405376 -0.3823860315606 1174.17168617249 0 0 0
"japan" 0 0 0 0 0 0 0 0 106.200195848942 1468.61052513123 1106.06420040131 842.715978622437 0 0 27.1934662014246 0 0 0
"korea" 0 0 0 0 0 0 0 0 0 2.28206114843488 12.0069943368435 0 0 0 0 0 0 0
"indonesia" 0 0 0 -21.04820497334 40.0495193898678 7191.78533554077 0 0 0 0 0 0 0 0 0 0 0 0
"madagascar" 0 0 0 32.9132527112961 -11.8734883144498 -568.686485290527 0 0 0 0 0 0 0 0 0 0 0 0
"eastasia" 0 0 0 0 0 -18.7628641724586 0 0 503.678679466248 6841.15076065063 1434.71431732178 0 0 -105.814076960087 -170.881822705269 0 0 0
"seasia" 0 0 0 6565.38391113281 8866.35398864746 8117.95330047607 0 0 0 0 31.8865701556206 2011.56187057495 0 0 0 0 0 0
"malasya" 0 0 0 0 0 1006.09230995178 0 0 0 0 0 0 0 0 0 0 0 0
"myanmar" 0 0 0 2255.18560409546 4050.78983306885 481.196194887161 0 0 0 0 859.979748725891 766.468465328217 0 0 0 0 0 0
"southasia" 0 0 0 1890.9900188446 9459.00821685791 551.950752735138 0 -1.6092968871817 1.88778364099562 2301.3801574707 118.70239675045 0 0 0 0 0 0 0
"india" 0 482.144236564636 9883.36753845215 14202.1722793579 2826.23624801636 828.118920326233 0 1242.63226985931 2932.90662765503 414.295643568039 230.056494474411 1092.28014945984 0 0 0 0 0 0
"canada" 0 0 0 0 0 0 0 -4561.16914749146 653116.271972656 199958.099365234 445.991933345795 0 0 1457.28170871735 21386.8236541748 8.93213506788015 0 0
"us" 0 0 0 0 0 0 -3097.12839126587 -16717.5674438477 -6883.25452804565 39880.9967041016 17887.5598907471 -1231.4156293869 64.242921769619 433.583468198776 27.6068691164255 0 0 0
"mexico" 0 1604.38203811646 7951.32827758789 7006.94751739502 5446.2456703186 4254.67109680176 282.138377428055 1334.99121665955 7521.97360992432 5399.70779418945 1604.94756698608 362.053513526917 0 0 0 0 0 0
"colombia" 0 0 0 -2.0680776797235 -130.780726671219 -9177.63900756836 0 0 0 0 -1.45230838097632 -1053.99477481842 0 0 0 0 0 0
"latinamer" 0 149.731010198593 170.692428946495 1234.97486114502 1593.29783916473 10931.1838150024 75.0981122255325 276.529043912888 380.740106105804 270.056962966919 592.577874660492 2831.63452148438 5.98804978653789 212.437868118286 914.122760295868 2003.35168838501 148.301407694817 0
"paraguay" 0 0 0 0 0 1227.8653383255 0 0 0 0 0 2115.05532264709 0 0 0 0 0 0
"peru" -19.4411855190992 -33.2712158560753 -1.57760339789093 4.78379800915718 -65.0505125522614 -514.509558677673 -118.995264172554 -65.4660388827324 -57.8259602189064 -91.2174433469772 -222.295761108398 296.605199575424 0 0 0 0 0 0
"uruguay" 0 0 0 0 0 0 0 0 0 0 0 9364.55059051514 0 0 0 0 0 0
"venezuela" 0 -0.680272001773119 0 -197.105556726456 -1076.32982730865 -2532.19962120056 0 0 0 0 0 0 0 0 0 0 0 0
"eu27" 0 0 0 0 0 0 0 0 -10522.3903656006 -156675.29296875 -28161.5676879883 -5631.52313232422 0 -198.806837201118 -5816.60890579224 -143.427014350891 0 0
"uk" 0 0 0 0 0 0 0 0 0 3082.89289474487 4244.08721923828 551.390469074249 0 0 0 168.788358569145 0 0
"efta" 0 0 0 0 0 0 0 0 0 1268.95081996918 0 0 0 553.188681602478 571.308434009552 5.81251038238406 0 0
"restofworld" 0 0 0 0 0 0 389.322012662888 79.4891715049744 5258.79383087158 58755.1040649414 3799.10111427307 503.484964370728 14.7125134244561 212.791085243225 989.660978317261 13.7772336602211 0 0
"russia" 0 0 0 0 0 0 0 474.419921636581 39895.1988220215 12297.3003387451 476.054251194 0 2132.21669197083 9777.1110534668 47392.894744873 0 0 0
"mena" 306.313693523407 0 0 0 0 0 -158.686295151711 -639.720261096954 9814.54658508301 10721.9610214233 1188.6225938797 0 0 0 14.8559343069792 0 0 0
"angola" 0 0 -312.1357858181 -6827.42977142334 -7119.92931365967 0 0 0 -6.29702443256974 -1071.08080387115 0 0 0 0 0 0 0 0
"drc" 0 0 0 0 1380.22649288177 2321.71654701233 0 0 0 0 0 0 0 0 0 0 0 0
"nafr" 10.2020613849163 0 0 0 0 0 -93.44132989645 -56.7010156810284 10.32979413867 3.10607114806771 0 0 0 0 0 0 0 0
"wafr" 0 0 23.4399978071451 1426.28026008606 575.556516647339 1941.43640995026 0 0 0 0 0 0 0 0 0 0 0 0
"cafr" 0 3.03981034085155 0 112.565487623215 423.789799213409 389.964669942856 0 0 0 0 0 0 0 0 0 0 0 0
"eafr" -0.351397466147318 -16.9816389679909 27.0522199571133 3345.43180465698 1891.52908325195 4183.37440490723 0 0 0 0 1145.3765630722 1756.10828399658 0 0 0 0 0 0
"safr" 0 0 -4410.01319885254 -2430.59849739075 -2.47461954131722 216.13010764122 0 -0.0541858389624394 -283.562809228897 37.0676219463348 -226.711332798004 0 0 0 0 0 0 0
"ivorycoast" 0 0 0 -1569.18358802795 -3605.65662384033 -7358.20007324219 0 0 0 0 0 0 0 0 0 0 0 0
"ghana" 0 0 0 -30.9771690517664 589.688241481781 2140.34152030945 0 0 0 0 0 0 0 0 0 0 0 0
"nigeria" 0 0 0 80.902636051178 3108.41798782349 2334.317445755 0 0 0 0 0 0 0 0 0 0 0 0
"mozambique" 0 0 1273.93007278442 5139.40382003784 2858.85620117188 0 0 0 0 0 0 0 0 0 0 0 0 0
