"argentina" 0 0 0 0 0 0 -473.835557699203 -1357.78427124023 -1942.49260425568 -1965.5385017395 0 -3903.324842453 -2.82076885923743 -43.1295782327652 -70.4222023487091 0 0 0
"bolivia" 0 0 222.766265273094 -1821.38085365295 -5188.38119506836 -8753.29303741455 0 0 -276.489466428757 -288.995027542114 -143.136858940125 -258.681356906891 0 0 0 0 0 0
"brasil" 0 0 0 -1655.33447265625 -4839.86520767212 15090.9614562988 0 0 0 0 0 1355.51393032074 0 0 0 0 0 0
"oceania" 0 0 0 18.9175195991993 -20.4370506107807 -860.938966274261 0 0 6.1753299087286 80.1552012562752 52.2163175046444 116.348035633564 0 0 0 0 0 0
"newzealand" 0 0 0 0 0 0 0 0 0 0 755.370616912842 2279.08372879028 0 0 0 -87.2714221477509 0 0
"china" 0 0 0 0 39.7389531135559 105.923496186733 -0.201164788450114 6.08118716627359 263.227790594101 2680.84716796875 4494.75431442261 2052.56843566895 -6.4834957011044 0.0975625443970785 662.54711151123 0 0 0
"japan" 0 0 0 0 0 0 0 0 49.9427765607834 681.326389312744 553.104281425476 420.596718788147 0 0 10.7949376106262 0 0 0
"korea" 0 0 0 0 0 0 0 0 0 27.7448520064354 53.1610138714314 0 0 0 0 0 0 0
"indonesia" 0 0 0 -37.7401560544968 -47.0218509435654 644.407391548157 0 0 0 0 0 0 0 0 0 0 0 0
"madagascar" 0 0 0 363.823235034943 166.760593652725 2324.46026802063 0 0 0 0 0 0 0 0 0 0 0 0
"eastasia" 0 0 0 0 0 4.24409983679652 0 0 441.371619701385 4875.36382675171 1020.34747600555 0 0 -32.215341925621 61.9630813598633 0 0 0
"seasia" 0 0 0 6907.86075592041 9853.55567932129 9299.51286315918 0 0 0 0 31.1149023473263 2338.75846862793 0 0 0 0 0 0
"malasya" 0 0 0 0 0 1242.02847480774 0 0 0 0 0 0 0 0 0 0 0 0
"myanmar" 0 0 0 2270.36905288696 3737.35809326172 428.50536108017 0 0 0 0 775.460600852966 703.38386297226 0 0 0 0 0 0
"southasia" 0 0 0 1977.14865207672 9405.21144866943 565.970242023468 0 -0.532574777025729 2.92254448868334 2184.7779750824 118.038222193718 0 0 0 0 0 0 0
"india" 0 711.996734142303 12437.5200271606 18952.4745941162 3365.89622497559 883.662223815918 0 1071.94638252258 2840.64102172852 536.05842590332 376.642465591431 1144.51515674591 0 0 0 0 0 0
"canada" 0 0 0 0 0 0 0 -990.256369113922 320776.489257812 101708.915710449 231.071710586548 0 0 693.920195102692 10418.6754226685 3.54307959787548 0 0
"us" 0 0 0 0 0 0 -2629.42934036255 -9830.79719543457 -5504.78839874268 22849.6894836426 12003.8728713989 796.156704425812 48.7603135406971 317.223012447357 17.950588837266 0 0 0
"mexico" 0 1901.08871459961 9139.93453979492 7748.81076812744 5487.52880096436 4580.15823364258 319.875955581665 1537.60850429535 8510.75553894043 5707.4818611145 1624.77231025696 245.683193206787 0 0 0 0 0 0
"colombia" 0 0 0 -0.31747212051414 -30.483515933156 -2562.94059753418 0 0 0 0 -0.353801849996671 -335.903435945511 0 0 0 0 0 0
"latinamer" 0 127.151876688004 19.4264259189367 521.395444869995 396.999418735504 6870.20969390869 -159.828305244446 -145.892336964607 -172.147616744041 -271.980077028275 245.678469538689 1747.91312217712 3.50544508546591 88.8944864273071 465.331792831421 1421.70703411102 27.870012447238 0
"paraguay" 0 0 0 0 0 236557.067871094 0 0 0 0 0 293562.316894531 0 0 0 0 0 0
"peru" 5.55969774723053 27.5817885994911 24.2375750094652 8.0169765278697 63.8125166296959 1048.01785945892 8.57464410364628 12.794254347682 25.120485574007 35.5583727359772 263.62007856369 1483.44039916992 0 0 0 0 0 0
"uruguay" 0 0 0 0 0 0 0 0 0 0 0 -307.642459869385 0 0 0 0 0 0
"venezuela" 0 -0.0610303577559534 0 -22.4814731627703 -129.094392061234 -300.123453140259 0 0 0 0 0 0 0 0 0 0 0 0
"eu27" 0 0 0 0 0 0 0 0 -16644.9108123779 -230132.263183594 -50759.3727111816 -9900.62236785889 0 -422.507077455521 -8464.75696563721 -277.038812637329 0 0
"uk" 0 0 0 0 0 0 0 0 0 113.542690873146 4243.88265609741 52.6093617081642 0 0 0 -25.1073893159628 0 0
"efta" 0 0 0 0 0 0 0 0 0 -1017.92943477631 0 0 0 195.578888058662 -290.45894742012 8.40354897081852 0 0
"restofworld" 0 0 0 0 0 0 1366.43755435944 152.863830327988 5391.42465591431 52259.7198486328 3669.597864151 453.648924827576 22.9752250015736 296.188771724701 934.74543094635 17.5241827964783 0 0
"russia" 0 0 0 0 0 0 0 444.909602403641 38412.8913879395 11989.0947341919 411.818504333496 0 1568.59803199768 6748.38352203369 30837.1620178223 0 0 0
"mena" -637.102484703064 0 0 0 0 0 -393.632292747498 -2549.7350692749 48.5735833644867 5098.13451766968 611.971020698547 0 0 0 -3.66221996955574 0 0 0
"angola" 0 0 27.0252209156752 544.477343559265 611.277103424072 0 0 0 0.605002336669713 64.6431446075439 0 0 0 0 0 0 0 0
"drc" 0 0 0 0 3178.2238483429 4307.93476104736 0 0 0 0 0 0 0 0 0 0 0 0
"nafr" 8.84413346648216 0 0 0 0 0 -75.6206810474396 -45.2188961207867 10.8196921646595 3.12439794652164 0 0 0 0 0 0 0 0
"wafr" 0 0 964.501976966858 6979.44307327271 4265.78092575073 2316.20383262634 0 0 0 0 0 0 0 0 0 0 0 0
"cafr" 0 4.63378988206387 0 269.963711500168 2430.95922470093 6195.40882110596 0 0 0 0 0 0 0 0 0 0 0 0
"eafr" -0.434199348092079 -23.108534514904 -64.2080157995224 1219.30480003357 932.09570646286 3048.19631576538 0 0 0 0 837.71014213562 1362.80167102814 0 0 0 0 0 0
"safr" 0 0 -3530.70950508118 -2270.30920982361 -2.19837436452508 232.273817062378 0 -0.0504223353345878 -255.189687013626 81.2690556049347 -237.356573343277 0 0 0 0 0 0 0
"ivorycoast" 0 0 0 3366.614818573 -40614.7613525391 328907.745361328 0 0 0 0 0 0 0 0 0 0 0 0
"ghana" 0 0 0 19.1927999258041 1010.35583019257 2017.83323287964 0 0 0 0 0 0 0 0 0 0 0 0
"nigeria" 0 0 0 70.2099502086639 2354.52055931091 1764.49310779572 0 0 0 0 0 0 0 0 0 0 0 0
"mozambique" 0 0 1699.58686828613 5566.92314147949 2653.73778343201 0 0 0 0 0 0 0 0 0 0 0 0 0
