"argentina" 0 0 0 0 0 0 -504.014492034912 -1453.39214801788 -2036.22579574585 -2043.19357872009 0 -4037.09077835083 -4.76806936785579 -52.8964325785637 -78.7260681390762 0 0 0
"bolivia" 0 0 196.587666869164 -1762.51804828644 -5040.55213928223 -8454.66136932373 0 0 -263.69234919548 -275.553613901138 -138.999775052071 -251.280665397644 0 0 0 0 0 0
"brasil" 0 0 0 -1659.15071964264 -4865.71311950684 14796.7758178711 0 0 0 0 0 1323.46105575562 0 0 0 0 0 0
"oceania" 0 0 0 18.1820336729288 -21.116591989994 -863.143742084503 0 0 5.89425442740321 74.8099684715271 45.8320155739784 99.909134209156 0 0 0 0 0 0
"newzealand" 0 0 0 0 0 0 0 0 0 0 753.502607345581 2280.21478652954 0 0 0 -67.1862587332726 0 0
"china" 0 0 0 0 13.4355071932077 74.6547505259514 -1.18381250649691 3.40068573132157 -44.8793768882751 2067.65913963318 3763.68236541748 1161.43918037415 -8.2953916862607 -0.0910155795281753 546.60302400589 0 0 0
"japan" 0 0 0 0 0 0 0 0 44.6121618151665 610.076546669006 489.398866891861 372.723251581192 0 0 9.95185691863298 0 0 0
"korea" 0 0 0 0 0 0 0 0 0 24.0594148635864 46.1132638156414 0 0 0 0 0 0 0
"indonesia" 0 0 0 -36.9309112429619 -47.2041144967079 509.691476821899 0 0 0 0 0 0 0 0 0 0 0 0
"madagascar" 0 0 0 -111.220061779022 -98.4169095754623 -902.797162532806 0 0 0 0 0 0 0 0 0 0 0 0
"eastasia" 0 0 0 0 0 4.24133706837893 0 0 396.857231855392 4304.66175079346 895.553827285767 0 0 -26.2680556625128 65.6586661934853 0 0 0
"seasia" 0 0 0 6216.87698364258 8796.37145996094 8403.84101867676 0 0 0 0 25.9385779500008 2110.12125015259 0 0 0 0 0 0
"malasya" 0 0 0 0 0 1198.88603687286 0 0 0 0 0 0 0 0 0 0 0 0
"myanmar" 0 0 0 2012.92276382446 3336.47108078003 383.42821598053 0 0 0 0 693.214118480682 628.859341144562 0 0 0 0 0 0
"southasia" 0 0 0 1793.46191883087 8512.68100738525 510.071575641632 0 -0.481024355394766 2.7396990917623 2003.93748283386 108.464419841766 0 0 0 0 0 0 0
"india" 0 652.425110340118 11239.5782470703 16852.7164459229 2975.21543502808 778.047561645508 0 962.734937667847 2482.70654678345 474.041491746902 338.281571865082 999.775528907776 0 0 0 0 0 0
"canada" 0 0 0 0 0 0 0 -743.759274482727 308214.019775391 97065.7653808594 218.322649598122 0 0 672.167837619781 10017.7717208862 3.69684910401702 0 0
"us" 0 0 0 0 0 0 -2603.46984863281 -9609.76600646973 -5253.6187171936 21226.5644073486 10832.5128555298 -27.4599194526672 43.9052172005177 281.076848506927 16.2146501243114 0 0 0
"mexico" 0 1944.38457489014 9304.69608306885 7830.51300048828 5481.72283172607 4611.77349090576 326.693713665009 1565.70911407471 8609.4388961792 5764.19830322266 1635.18500328064 236.988887190819 0 0 0 0 0 0
"colombia" 0 0 0 -0.315971177769825 -25.8757118135691 -2120.52798271179 0 0 0 0 -0.310198636725545 -276.351243257523 0 0 0 0 0 0
"latinamer" 0 106.511436402798 29.623381793499 505.939245223999 484.207451343536 6257.0424079895 -114.714622497559 -90.1408195495605 -101.13113373518 -176.835745573044 251.320391893387 1551.2170791626 3.07968189008534 82.4069157242775 417.322814464569 1218.54841709137 31.8276099860668 0
"paraguay" 0 0 0 0 0 236469.421386719 0 0 0 0 0 293509.124755859 0 0 0 0 0 0
"peru" 4.56055672839284 22.964172065258 22.1554934978485 6.7439042031765 50.4396483302116 800.921440124512 5.72879612445831 11.212557554245 20.3115865588188 28.38534116745 216.180488467216 1224.14672374725 0 0 0 0 0 0
"uruguay" 0 0 0 0 0 0 0 0 0 0 0 -208.201095461845 0 0 0 0 0 0
"venezuela" 0 -0.0551646371604875 0 -18.5274966061115 -111.605249345303 -258.074522018433 0 0 0 0 0 0 0 0 0 0 0 0
"eu27" 0 0 0 0 0 0 0 0 -15426.7654418945 -211864.959716797 -47668.4074401855 -9292.40798950195 0 -393.646389245987 -7757.75003433228 -259.344339370728 0 0
"uk" 0 0 0 0 0 0 0 0 0 3030.9624671936 4615.04077911377 544.241309165955 0 0 0 163.098350167274 0 0
"efta" 0 0 0 0 0 0 0 0 0 937.691271305084 0 0 0 651.667952537537 491.351574659348 9.29354783147573 0 0
"restofworld" 0 0 0 0 0 0 1139.67764377594 132.562041282654 4960.54458618164 49118.5111999512 3411.21768951416 425.761073827744 20.3251056373119 263.856410980225 871.537566184998 15.8411618322134 0 0
"russia" 0 0 0 0 0 0 0 412.535518407822 35775.3677368164 11205.5015563965 385.977387428284 0 1494.82929706573 6471.09460830688 29722.6295471191 0 0 0
"mena" -598.079860210419 0 0 0 0 0 -365.528613328934 -2373.53014945984 -66.050685942173 4655.45988082886 560.418844223022 0 0 0 -3.51068889722228 0 0 0
"angola" 0 0 23.5885418951511 488.143861293793 544.491529464722 0 0 0 0.438201066572219 59.73881483078 0 0 0 0 0 0 0 0
"drc" 0 0 0 0 2420.02248764038 3245.59259414673 0 0 0 0 0 0 0 0 0 0 0 0
"nafr" 7.88039620965719 0 0 0 0 0 -75.7163465023041 -45.1818443834782 9.57572273910046 2.72306380793452 0 0 0 0 0 0 0 0
"wafr" 0 0 876.097857952118 6328.82499694824 3863.56997489929 2050.83894729614 0 0 0 0 0 0 0 0 0 0 0 0
"cafr" 0 4.21456107869744 0 240.18269777298 2187.84332275391 5619.47393417358 0 0 0 0 0 0 0 0 0 0 0 0
"eafr" -0.289718242129311 -14.8801105096936 -29.968561604619 1129.02688980103 770.351886749268 2284.583568573 0 0 0 0 622.774004936218 986.761450767517 0 0 0 0 0 0
"safr" 0 0 -2170.51100730896 -1397.5772857666 -1.2672379380092 162.100479006767 0 -0.0306393521896098 -156.855687499046 75.0672444701195 -143.769636750221 0 0 0 0 0 0 0
"ivorycoast" 0 0 0 3373.07953834534 -40545.8183288574 328959.747314453 0 0 0 0 0 0 0 0 0 0 0 0
"ghana" 0 0 0 12.4977389350533 748.008251190186 1491.00232124329 0 0 0 0 0 0 0 0 0 0 0 0
"nigeria" 0 0 0 67.183755338192 2274.45888519287 1706.33983612061 0 0 0 0 0 0 0 0 0 0 0 0
"mozambique" 0 0 1445.50359249115 4765.19823074341 2284.26027297974 0 0 0 0 0 0 0 0 0 0 0 0 0
