"argentina" 0 0 0 0 0 0 -279.723405838013 -1052.44219303131 -1611.40537261963 -1831.50410652161 0 -3857.75685310364 -32.6078496873379 -160.136163234711 -125.281557440758 0 0 0
"bolivia" 0 0 -7.50968651846051 -1274.72615242004 -3780.51662445068 -6010.66732406616 0 0 -161.407172679901 -174.566686153412 -105.401754379272 -191.825583577156 0 0 0 0 0 0
"brasil" 0 0 0 -689.258337020874 29020.3399658203 -9019.13356781006 0 0 0 0 0 -290.709376335144 0 0 0 0 0 0
"oceania" 0 0 0 -10.5279050767422 11.3556711003184 53.9570674300194 0 0 -3.74410813674331 -39.4054725766182 10.8570391312242 73.0020180344582 0 0 0 0 0 0
"newzealand" 0 0 0 0 0 0 0 0 0 0 -792.181849479675 -2405.75408935547 0 0 0 0.56252209469676 0 0
"china" 0 0 0 0 -127.048924565315 -114.388160407543 -6.22790865600109 -10.9208486974239 -1588.33229541779 -1752.05552577972 -1272.45438098907 -3781.3835144043 -17.4980275332928 -1.0193275520578 -230.865612626076 0 0 0
"japan" 0 0 0 0 0 0 0 0 -2.25792452692986 -32.2503969073296 -32.137356698513 -19.0803948789835 0 0 -0.118807161925361 0 0 0
"korea" 0 0 0 0 0 0 0 0 0 2.29312991723418 4.05544647946954 0 0 0 0 0 0 0
"indonesia" 0 0 0 29.2315166443586 -31.2954597175121 -6503.97968292236 0 0 0 0 0 0 0 0 0 0 0 0
"madagascar" 0 0 0 -51.6043715178967 -14.5597029477358 -428.78070473671 0 0 0 0 0 0 0 0 0 0 0 0
"eastasia" 0 0 0 0 0 -7.40912696346641 0 0 76.8384262919426 856.444239616394 157.181605696678 0 0 -18.2133298367262 -30.4695442318916 0 0 0
"seasia" 0 0 0 1973.83868694305 2376.91044807434 3263.30327987671 0 0 0 0 -11.1493226140738 791.919589042664 0 0 0 0 0 0
"malasya" 0 0 0 0 0 -975.208938121796 0 0 0 0 0 0 0 0 0 0 0 0
"myanmar" 0 0 0 1305.211186409 2151.29351615906 251.850962638855 0 0 0 0 446.71693444252 410.60933470726 0 0 0 0 0 0
"southasia" 0 0 0 740.511834621429 3673.28476905823 112.980373203754 0 -0.542676949407905 1.34168926160783 1034.86502170563 56.3698932528496 0 0 0 0 0 0 0
"india" 0 240.862488746643 4742.28048324585 6120.28694152832 797.071933746338 208.393067121506 0 406.196027994156 1345.15297412872 217.444181442261 56.6330961883068 217.588678002357 0 0 0 0 0 0
"canada" 0 0 0 0 0 0 0 1525.25091171265 148625.259399414 46232.006072998 109.926700592041 0 0 307.884961366653 4914.65044021606 1.45169359166175 0 0
"us" 0 0 0 0 0 0 -1983.02567005157 -4550.82941055298 -3758.30173492432 5633.55255126953 2363.62218856812 -2821.9895362854 11.8628749623895 35.4347117245197 2.89431004785001 0 0 0
"mexico" 0 -298.708558082581 -848.619282245636 -313.315808773041 314.168781042099 -13.1503529846668 -63.133992254734 -208.011850714684 -464.084178209305 -190.682530403137 3.39719979092479 87.5248089432716 0 0 0 0 0 0
"colombia" 0 0 0 -1.12362648360431 -13.2140032947063 -119.983911514282 0 0 0 0 -0.323558720992878 4.61820606142282 0 0 0 0 0 0
"latinamer" 0 24.9211937189102 -94.2723602056503 -294.148862361908 -604.684472084045 -260.724872350693 -211.984410881996 -339.184790849686 -437.568038702011 -457.255303859711 -139.712929725647 -170.688837766647 -0.636382144875824 -60.2306462824345 -174.954906105995 25.9180478751659 -77.7342841029167 0
"paraguay" 0 0 0 0 0 235138.580322266 0 0 0 0 0 291381.042480469 0 0 0 0 0 0
"peru" -7.21825752407312 -12.1090142056346 -0.187052617548034 2.28904956020415 -21.606607362628 -99.3308275938034 -44.6737818419933 -24.7414615005255 -20.6110682338476 -32.9785645008087 -69.9643045663834 212.476387619972 0 0 0 0 0 0
"uruguay" 0 0 0 0 0 0 0 0 0 0 0 -1590.74890613556 0 0 0 0 0 0
"venezuela" 0 -0.120285876619164 0 -9.20779351145029 -80.5621892213821 -242.297768592834 0 0 0 0 0 0 0 0 0 0 0 0
"eu27" 0 0 0 0 0 0 0 0 -3058.86316299438 -53234.3292236328 -5807.79027938843 -1320.16897201538 0 309.389770030975 -2108.74629020691 -13.154243119061 0 0
"uk" 0 0 0 0 0 0 0 0 0 802.243590354919 789.47776556015 140.619233250618 0 0 0 47.3305210471153 0 0
"efta" 0 0 0 0 0 0 0 0 0 184.062421321869 0 0 0 147.108539938927 101.620733737946 2.32992321252823 0 0
"restofworld" 0 0 0 0 0 0 -48.6057847738266 14.5837971940637 1621.42443656921 19880.3443908691 1257.39073753357 170.99267244339 3.75396758317947 56.575533002615 328.556030988693 4.54903487116098 0 0
"russia" 0 0 0 0 0 0 0 122.534871101379 10966.0186767578 3547.25670814514 133.569434285164 0 676.295638084412 3184.68952178955 15582.7369689941 0 0 0
"mena" -495.249599218369 0 0 0 0 0 -238.362044095993 -1572.25406169891 -1570.87850570679 1603.30617427826 210.831463336945 0 0 0 -4.30021109059453 0 0 0
"angola" 0 0 -181.820154190063 -3871.97303771973 -4020.64895629883 0 0 0 -4.56936983391643 -609.02339220047 0 0 0 0 0 0 0 0
"drc" 0 0 0 0 -26.3894088566303 214.35010433197 0 0 0 0 0 0 0 0 0 0 0 0
"nafr" 2.44686007499695 0 0 0 0 0 -95.5744683742523 -69.3337619304657 2.20935512334108 0.112539659312461 0 0 0 0 0 0 0 0
"wafr" 0 0 458.987981081009 3601.77683830261 2395.06888389587 1274.91652965546 0 0 0 0 0 0 0 0 0 0 0 0
"cafr" 0 -0.310111616272479 0 -128.11703979969 -96.1643680930138 -297.907084226608 0 0 0 0 0 0 0 0 0 0 0 0
"eafr" -0.23525083088316 -9.28007066249847 -49.6769100427628 -471.550583839417 -115.503236651421 221.955001354218 0 0 0 0 58.7729215621948 69.7935745120049 0 0 0 0 0 0
"safr" 0 0 -1325.01089572906 -1464.55121040344 -3.18574300035834 45.8871424198151 0 -0.0414370588259771 -141.254425048828 -79.2437642812729 -256.889283657074 0 0 0 0 0 0 0
"ivorycoast" 0 0 0 3110.75711250305 -42334.5336914062 326856.323242188 0 0 0 0 0 0 0 0 0 0 0 0
"ghana" 0 0 0 5081.34365081787 360299.530029297 -10575.8094787598 0 0 0 0 0 0 0 0 0 0 0 0
"nigeria" 0 0 0 2.78507405892015 533.153712749481 463.483452796936 0 0 0 0 0 0 0 0 0 0 0 0
"mozambique" 0 0 511.862218379974 1792.43445396423 878.460168838501 0 0 0 0 0 0 0 0 0 0 0 0 0
