"argentina" 0 0 0 0 0 0 501.674175262451 2289.46566581726 1156.2477350235 944.474041461945 0 1595.62194347382 140.93342423439 610.36741733551 396.17720246315 0 0 0
"bolivia" 0 0 401.129007339478 -3081.41660690308 -8828.80878448486 -15396.3499069214 0 0 -525.617837905884 -526.411354541779 -271.55864238739 -486.169129610062 0 0 0 0 0 0
"brasil" 0 0 0 722393.676757812 2931214.35546875 2728291.9921875 0 0 0 0 0 653060.729980469 0 0 0 0 0 0
"oceania" 0 0 0 52.6176951825619 68.7908381223679 -528.155624866486 0 0 21.6360557824373 472.065061330795 649.72060918808 1742.67840385437 0 0 0 0 0 0
"newzealand" 0 0 0 0 0 0 0 0 0 0 2810.62197685242 8710.17837524414 0 0 0 372.291386127472 0 0
"china" 0 0 0 0 91.3314744830132 209.809616208076 -1.96419144049287 3.12845245935023 -124.651312828064 4099.13063049316 7548.25878143311 3272.78327941895 -7.03734206035733 -1.20074627920985 965.47394990921 0 0 0
"japan" 0 0 0 0 0 0 0 0 99.6469184756279 1373.76272678375 1038.12336921692 795.411944389343 0 0 25.2594761550426 0 0 0
"korea" 0 0 0 0 0 0 0 0 0 -1.02388428058475 5.26505522429943 0 0 0 0 0 0 0
"indonesia" 0 0 0 -17.4670796841383 5.19657600671053 4109.36260223389 0 0 0 0 0 0 0 0 0 0 0 0
"madagascar" 0 0 0 15.3622394427657 6.12418027594686 -682.792186737061 0 0 0 0 0 0 0 0 0 0 0 0
"eastasia" 0 0 0 0 0 -33.3869121968746 0 0 531.038403511047 7432.63530731201 1532.81855583191 0 0 -137.826859951019 -268.806636333466 0 0 0
"seasia" 0 0 0 7872.68543243408 10020.4963684082 10546.8635559082 0 0 0 0 10.4672499001026 2575.23226737976 0 0 0 0 0 0
"malasya" 0 0 0 0 0 1141.10743999481 0 0 0 0 0 0 0 0 0 0 0 0
"myanmar" 0 0 0 3349.66468811035 5877.2554397583 701.585114002228 0 0 0 0 1241.34635925293 1117.61271953583 0 0 0 0 0 0
"southasia" 0 0 0 2495.49961090088 12528.829574585 620.576024055481 0 -2.1995238494128 2.98421899788082 3219.54321861267 167.866125702858 0 0 0 0 0 0 0
"india" 0 674.143314361572 13845.2968597412 19329.5936584473 3422.84774780273 981.554985046387 0 1612.80357837677 4191.10918045044 607.301831245422 265.69128036499 1232.42545127869 0 0 0 0 0 0
"canada" 0 0 0 0 0 0 0 -3016.94774627686 764627.9296875 232296.173095703 526.141762733459 0 0 1665.21465778351 24958.5857391357 9.70169715583324 0 0
"us" 0 0 0 0 0 0 -4888.71288299561 -20088.1214141846 -10184.0343475342 43587.3260498047 19020.1721191406 -4243.85404586792 71.0753351449966 431.057006120682 28.2319411635399 0 0 0
"mexico" 0 1336.98451519012 7200.26540756226 6682.47032165527 5617.11883544922 4213.8934135437 227.05402970314 1159.15954113007 7079.67519760132 5153.12671661377 1572.37958908081 412.796080112457 0 0 0 0 0 0
"colombia" 0 0 0 -3.22389416396618 -158.222496509552 -10588.8271331787 0 0 0 0 -1.90517050214112 -1213.70577812195 0 0 0 0 0 0
"latinamer" 0 166.104346513748 59.9552020430565 841.980278491974 845.685124397278 9929.6407699585 -154.648974537849 -102.132394909859 -109.613358974457 -239.458605647087 395.730376243591 2450.16050338745 4.87834401428699 132.511734962463 660.037517547607 1879.46045398712 54.2424134910107 0
"paraguay" 0 0 0 0 0 236274.673461914 0 0 0 0 0 290054.595947266 0 0 0 0 0 0
"peru" -25.3043100237846 -43.8339784741402 -9.82262287288904 5.8895475231111 -72.9640573263168 -323.998481035233 -148.75353872776 -86.0000997781754 -72.6017579436302 -112.565092742443 -277.544319629669 440.62402844429 0 0 0 0 0 0
"uruguay" 0 0 0 0 0 0 0 0 0 0 0 8619.31037902832 0 0 0 0 0 0
"venezuela" 0 -0.814799859654158 0 -206.611856818199 -1168.1022644043 -2800.48251152039 0 0 0 0 0 0 0 0 0 0 0 0
"eu27" 0 0 0 0 0 0 0 0 -9856.08196258545 -146721.115112305 -26429.7389984131 -5235.68201065063 0 42.6676720380783 -5535.11953353882 -124.611936509609 0 0
"uk" 0 0 0 0 0 0 0 0 0 -29.9598500132561 2974.65872764587 18.0957932025194 0 0 0 -24.3181046098471 0 0
"efta" 0 0 0 0 0 0 0 0 0 -434.303373098373 0 0 0 60.4885444045067 -129.016757011414 3.15914698876441 0 0
"restofworld" 0 0 0 0 0 0 26.7053134739399 56.7769855260849 5559.20839309692 64952.3773193359 4123.60048294067 555.221080780029 12.6793226227164 196.347489953041 1072.98028469086 13.8978399336338 0 0
"russia" 0 0 0 0 0 0 0 560.474991798401 47508.8653564453 14825.4652023315 584.178388118744 0 2782.27376937866 12979.4387817383 63687.0307922363 0 0 0
"mena" -39.3499322235584 0 0 0 0 0 -339.513927698135 -1782.07004070282 9223.53172302246 12308.8722229004 1391.64280891418 0 0 0 12.8451958298683 0 0 0
"angola" 0 0 -487.952411174774 -10781.6791534424 -11293.2224273682 0 0 0 -8.61926842480898 -1677.02007293701 0 0 0 0 0 0 0 0
"drc" 0 0 0 0 722.168922424316 1571.84398174286 0 0 0 0 0 0 0 0 0 0 0 0
"nafr" 10.4900877922773 0 0 0 0 0 -221.552789211273 -161.71832382679 8.55928473174572 1.68507173657417 0 0 0 0 0 0 0 0
"wafr" 0 0 282.897859811783 3711.68065071106 2204.55026626587 2919.47507858276 0 0 0 0 0 0 0 0 0 0 0 0
"cafr" 0 1.36467185802758 0 -120.521984994411 -353.939771652222 -1728.69074344635 0 0 0 0 0 0 0 0 0 0 0 0
"eafr" -0.664104416500777 -30.5157676339149 -48.2049062848091 2664.20888900757 1735.3812456131 4535.43901443481 0 0 0 0 1248.66020679474 1917.74439811707 0 0 0 0 0 0
"safr" 0 0 -6748.3172416687 -4564.93616104126 -6.21739681810141 299.787044525146 0 -0.115920469397679 -507.313907146454 -73.8517045974731 -552.505433559418 0 0 0 0 0 0 0
"ivorycoast" 0 0 0 3386.82007789612 -40457.7560424805 329082.061767578 0 0 0 0 0 0 0 0 0 0 0 0
"ghana" 0 0 0 5110.4531288147 360656.372070312 -6799.97491836548 0 0 0 0 0 0 0 0 0 0 0 0
"nigeria" 0 0 0 70.0876712799072 3040.64702987671 2343.53470802307 0 0 0 0 0 0 0 0 0 0 0 0
"mozambique" 0 0 1545.28999328613 6169.40116882324 3384.66215133667 0 0 0 0 0 0 0 0 0 0 0 0 0
