"argentina" 0 0 0 0 0 0 579.026818275452 1737.03384399414 1704.53000068665 1472.82874584198 0 2572.49999046326 23.834565654397 129.810780286789 124.52831864357 0 0 0
"bolivia" 0 0 94.1092967987061 -257.845282554626 -632.30836391449 -1155.03287315369 0 0 -37.6967266201973 -52.337221801281 -11.8452059105039 -23.4785974025726 0 0 0 0 0 0
"brasil" 0 0 0 1798.0215549469 21182.7011108398 4143.34869384766 0 0 0 0 0 1061.71107292175 0 0 0 0 0 0
"oceania" 0 0 0 3.68034234270453 57.79629945755 613.819658756256 0 0 3.94095433875918 146.859496831894 275.012820959091 771.760702133179 0 0 0 0 0 0
"newzealand" 0 0 0 0 0 0 0 0 0 0 751.401543617249 2242.37036705017 0 0 0 -151.023358106613 0 0
"china" 0 0 0 0 67.9875910282135 104.607343673706 2.34981440007687 8.30708723515272 777.955055236816 2358.75630378723 3305.89723587036 2652.07433700562 0.895311357453465 0.500234367791563 510.779500007629 0 0 0
"japan" 0 0 0 0 0 0 0 0 25.7810447365046 360.898315906525 262.295603752136 201.281160116196 0 0 7.44177214801311 0 0 0
"korea" 0 0 0 0 0 0 0 0 0 25.8517451584339 51.46224796772 0 0 0 0 0 0 0
"indonesia" 0 0 0 23.1291353702545 36.834392696619 668.754279613495 0 0 0 0 0 0 0 0 0 0 0 0
"madagascar" 0 0 0 -34.3863219022751 -70.731557905674 -261.921912431717 0 0 0 0 0 0 0 0 0 0 0 0
"eastasia" 0 0 0 0 0 9.02033131569624 0 0 287.69463300705 3051.04041099548 649.146974086761 0 0 -7.88591243326664 82.7198550105095 0 0 0
"seasia" 0 0 0 4363.88874053955 6826.42936706543 5739.22109603882 0 0 0 0 35.8774960041046 1467.28515625 0 0 0 0 0 0
"malasya" 0 0 0 0 0 -736.188769340515 0 0 0 0 0 0 0 0 0 0 0 0
"myanmar" 0 0 0 1516.83831214905 2535.26401519775 282.535284757614 0 0 0 0 525.308191776276 473.368525505066 0 0 0 0 0 0
"southasia" 0 0 0 740.425229072571 3677.16932296753 206.736773252487 0 -0.389729451853782 0.687368679791689 784.514188766479 41.5903478860855 0 0 0 0 0 0 0
"india" 0 252.852410078049 6089.39933776855 9718.45054626465 1755.17654418945 512.539803981781 0 684.022784233093 2228.28030586243 326.323181390762 120.910741388798 676.469802856445 0 0 0 0 0 0
"canada" 0 0 0 0 0 0 0 -1010.94257831573 166995.422363281 57017.3034667969 127.33106315136 0 0 356.815338134766 5307.26909637451 1.34936231188476 0 0
"us" 0 0 0 0 0 0 -730.362951755524 -4128.60202789307 -2806.3690662384 16589.4508361816 9370.03040313721 4277.47011184692 38.1084606051445 270.260453224182 14.2246577888727 0 0 0
"mexico" 0 2183.78734588623 9999.43256378174 8237.60318756104 5501.99413299561 4773.32592010498 378.048866987228 1745.19860744476 9103.42407226562 6016.60013198853 1673.30944538116 195.720344781876 0 0 0 0 0 0
"colombia" 0 0 0 -0.240309338551015 -24.034483358264 -1968.69695186615 0 0 0 0 -0.264261878328398 -255.73992729187 0 0 0 0 0 0
"latinamer" 0 94.8297530412674 -44.7162501513958 47.3229810595512 -484.2469394207 2265.42735099792 -194.077759981155 -232.879191637039 -301.973223686218 -411.37033700943 -38.1184928119183 893.145322799683 2.10743420757353 38.504708558321 249.857813119888 968.005299568176 -10.0309271365404 0
"paraguay" 0 0 0 0 0 -118.873849511147 0 0 0 0 0 130.277365446091 0 0 0 0 0 0
"peru" 10.3803360834718 37.1616706252098 28.7483315914869 7.57358595728874 77.96461135149 1085.57498455048 33.594436943531 28.0803516507149 38.6868081986904 55.7149164378643 326.424092054367 1485.17894744873 0 0 0 0 0 0
"uruguay" 0 0 0 0 0 0 0 0 0 0 0 -656.949520111084 0 0 0 0 0 0
"venezuela" 0 -0.0346373672073241 0 -11.8502601981163 -67.9397284984589 -153.33890914917 0 0 0 0 0 0 0 0 0 0 0 0
"eu27" 0 0 0 0 0 0 0 0 -20353.3535003662 -281993.713378906 -61556.9038391113 -12119.3141937256 0 -501.821398735046 -10431.9314956665 -344.451934099197 0 0
"uk" 0 0 0 0 0 0 0 0 0 249.492138624191 5074.83243942261 82.0683985948563 0 0 0 -22.1801567822695 0 0
"efta" 0 0 0 0 0 0 0 0 0 -1358.91103744507 0 0 0 242.706373333931 -396.420449018478 10.9363216906786 0 0
"restofworld" 0 0 0 0 0 0 2058.92848968506 202.88947224617 5401.939868927 46888.4773254395 3500.03147125244 410.963237285614 28.2938182353973 349.817007780075 881.430625915527 19.2935056984425 0 0
"russia" 0 0 0 0 0 0 0 290.140688419342 24604.2404174805 7334.26380157471 233.007952570915 0 611.728072166443 2151.05485916138 7838.17100524902 0 0 0
"mena" -321.952491998672 0 0 0 0 0 -205.29443025589 -1279.06346321106 750.526905059814 3216.64381027222 373.443901538849 0 0 0 -1.29798834677786 0 0 0
"angola" 0 0 38.2320620119572 889.853835105896 988.666534423828 0 0 0 0.168497557751834 115.773603320122 0 0 0 0 0 0 0 0
"drc" 0 0 0 0 3920.93133926392 5195.05882263184 0 0 0 0 0 0 0 0 0 0 0 0
"nafr" 9.40028298646212 0 0 0 0 0 64.7265166044235 75.4158645868301 14.8908719420433 5.34876622259617 0 0 0 0 0 0 0 0
"wafr" 0 0 679.489612579346 4659.30271148682 2702.61096954346 1960.34872531891 0 0 0 0 0 0 0 0 0 0 0 0
"cafr" 0 4.26834030076861 0 318.115532398224 2032.36675262451 5064.20707702637 0 0 0 0 0 0 0 0 0 0 0 0
"eafr" -0.187816069228575 -11.7746377363801 -4.7295349650085 1575.4257440567 954.870045185089 2615.61822891235 0 0 0 0 705.198049545288 1142.45176315308 0 0 0 0 0 0
"safr" 0 0 -2375.86879730225 -1488.40022087097 -0.976375304162502 191.46990776062 0 -0.0257070423685946 -158.73509645462 119.695924222469 -131.717443466187 0 0 0 0 0 0 0
"ivorycoast" 0 0 0 -1447.86810874939 -3336.30323410034 -6809.11684036255 0 0 0 0 0 0 0 0 0 0 0 0
"ghana" 0 0 0 5108.89196395874 360478.881835938 -7107.04040527344 0 0 0 0 0 0 0 0 0 0 0 0
"nigeria" 0 0 0 48.5191009938717 1861.57369613647 1397.0410823822 0 0 0 0 0 0 0 0 0 0 0 0
"mozambique" 0 0 1504.54163551331 4751.40047073364 2197.45826721191 0 0 0 0 0 0 0 0 0 0 0 0 0
