"argentina" 0 0 0 0 0 0 1532.22477436066 5338.0012512207 4713.41037750244 4239.22109603882 0 7756.97708129883 170.470863580704 793.628692626953 594.587802886963 0 0 0
"bolivia" 0 0 267.986506223679 -1696.98560237885 -4811.84720993042 -8620.21350860596 0 0 -307.557493448257 -310.700595378876 -154.323548078537 -276.509433984756 0 0 0 0 0 0
"brasil" 0 0 0 718097.290039062 2924268.06640625 2723366.94335938 0 0 0 0 0 642154.418945312 0 0 0 0 0 0
"oceania" 0 0 0 45.7593612372875 168.688833713531 1140.83623886108 0 0 23.5713515430689 636.844277381897 1009.65261459351 2764.11652565002 0 0 0 0 0 0
"newzealand" 0 0 0 0 0 0 0 0 0 0 1681.94723129272 5378.33213806152 0 0 0 671.517431735992 0 0
"china" 0 0 0 0 152.357399463654 258.855670690536 1.47587398532778 8.49397573620081 699.480772018433 4798.25830459595 7834.4554901123 5024.17087554932 2.9391145799309 -0.634050462394953 1034.76107120514 0 0 0
"japan" 0 0 0 0 0 0 0 0 100.471012294292 1396.66426181793 1020.33412456512 781.19969367981 0 0 27.5126118212938 0 0 0
"korea" 0 0 0 0 0 0 0 0 0 -3.95170832052827 1.54202152043581 0 0 0 0 0 0 0
"indonesia" 0 0 0 41.8014228343964 116.865567862988 7228.97291183472 0 0 0 0 0 0 0 0 0 0 0 0
"madagascar" 0 0 0 -428.572118282318 -268.686175346375 -3682.46984481812 0 0 0 0 0 0 0 0 0 0 0 0
"eastasia" 0 0 0 0 0 -25.7455706596375 0 0 462.357521057129 6564.27001953125 1371.70720100403 0 0 -117.447406053543 -226.928919553757 0 0 0
"seasia" 0 0 0 6193.57347488403 8552.9670715332 7960.65998077393 0 0 0 0 30.7775847613811 1947.95966148376 0 0 0 0 0 0
"malasya" 0 0 0 0 0 231.199979782104 0 0 0 0 0 0 0 0 0 0 0 0
"myanmar" 0 0 0 2493.60513687134 4536.28396987915 536.84663772583 0 0 0 0 963.670492172241 859.080791473389 0 0 0 0 0 0
"southasia" 0 0 0 1733.75558853149 8902.19402313232 450.959265232086 0 -1.91814079880714 1.49850500747561 2239.42375183105 114.476956427097 0 0 0 0 0 0 0
"india" 0 388.136744499207 9465.46268463135 13348.1760025024 2541.01586341858 780.484020709991 0 1311.52296066284 3474.34401512146 441.357672214508 140.537440776825 1009.8375082016 0 0 0 0 0 0
"canada" 0 0 0 0 0 0 0 -4010.23769378662 647952.758789062 199768.402099609 450.384467840195 0 0 1438.46595287323 21328.8974761963 8.39219614863396 0 0
"us" 0 0 0 0 0 0 -3172.07670211792 -16164.7338867188 -7286.6005897522 39849.3003845215 17853.443145752 -1012.41278648376 65.3414577245712 432.879626750946 27.2539239376783 0 0 0
"mexico" 0 1630.08975982666 8107.32269287109 7209.43689346313 5684.35382843018 4423.55489730835 284.700959920883 1361.04583740234 7681.36215209961 5529.37602996826 1649.78265762329 380.862176418304 0 0 0 0 0 0
"colombia" 0 0 0 -2.70441872999072 -148.618757724762 -10124.2341995239 0 0 0 0 -1.71247962862253 -1155.00116348267 0 0 0 0 0 0
"latinamer" 0 151.672124862671 87.3142778873444 846.735596656799 811.210751533508 8603.54328155518 -62.2048452496529 44.6087270975113 73.0222091078758 -60.6018453836441 369.066685438156 2356.95219039917 5.05065312609076 157.028287649155 724.833428859711 1831.93755149841 87.6990407705307 0
"paraguay" 0 0 0 0 0 1267.90404319763 0 0 0 0 0 2146.86751365662 0 0 0 0 0 0
"peru" -20.4795300960541 -34.1502465307713 -3.70216649025679 5.52162807434797 -60.9266050159931 -346.78390622139 -124.783232808113 -70.352166891098 -59.4502426683903 -93.4181734919548 -216.524735093117 435.678601264954 0 0 0 0 0 0
"uruguay" 0 0 0 0 0 0 0 0 0 0 0 8943.65119934082 0 0 0 0 0 0
"venezuela" 0 -0.774819287471473 0 -208.937466144562 -1153.35190296173 -2745.98526954651 0 0 0 0 0 0 0 0 0 0 0 0
"eu27" 0 0 0 0 0 0 0 0 -13095.6859588623 -192479.858398438 -35655.2658081055 -7095.15857696533 0 -143.908187747002 -7199.68318939209 -183.196276426315 0 0
"uk" 0 0 0 0 0 0 0 0 0 139.630347490311 3953.49502563477 54.7036975622177 0 0 0 -20.7580756396055 0 0
"efta" 0 0 0 0 0 0 0 0 0 -656.187891960144 0 0 0 122.752353549004 -186.95655465126 5.37137407809496 0 0
"restofworld" 0 0 0 0 0 0 681.064188480377 104.452840983868 5677.59418487549 61284.2102050781 4042.67549514771 526.731312274933 17.9526619613171 250.929206609726 1046.41461372375 15.7984793186188 0 0
"russia" 0 0 0 0 0 0 0 452.262580394745 37855.0643920898 11558.4144592285 452.579945325851 0 2035.07399559021 9342.04196929932 45289.0892028809 0 0 0
"mena" 273.946911096573 0 0 0 0 0 -170.793995261192 -671.100676059723 9975.03566741943 10889.5511627197 1207.20338821411 0 0 0 15.0472754612565 0 0 0
"angola" 0 0 -423.324525356293 -9291.54109954834 -9708.20808410645 0 0 0 -8.13673809170723 -1451.42638683319 0 0 0 0 0 0 0 0
"drc" 0 0 0 0 1732.9740524292 2861.90247535706 0 0 0 0 0 0 0 0 0 0 0 0
"nafr" 11.0444333404303 0 0 0 0 0 -90.4567539691925 -51.1740110814571 11.9161587208509 3.63775016739964 0 0 0 0 0 0 0 0
"wafr" 0 0 13.0914822220802 1532.56666660309 683.845520019531 2383.51368904114 0 0 0 0 0 0 0 0 0 0 0 0
"cafr" 0 2.08055600523949 0 12.5572327524424 -185.277491807938 -1344.23792362213 0 0 0 0 0 0 0 0 0 0 0 0
"eafr" -0.465357617940754 -22.3191976547241 1.95543421432376 3232.26165771484 1907.2859287262 4514.7066116333 0 0 0 0 1235.2020740509 1904.73866462708 0 0 0 0 0 0
"safr" 0 0 -5734.32636260986 -3580.22212982178 -4.33470169082284 268.815338611603 0 -0.0839074564282782 -399.781227111816 -4.53165220096707 -391.187906265259 0 0 0 0 0 0 0
"ivorycoast" 0 0 0 -1703.73320579529 -3909.17539596558 -8009.93824005127 0 0 0 0 0 0 0 0 0 0 0 0
"ghana" 0 0 0 5117.20895767212 360533.477783203 -6183.32242965698 0 0 0 0 0 0 0 0 0 0 0 0
"nigeria" 0 0 0 67.6091983914375 2922.46723175049 2226.13978385925 0 0 0 0 0 0 0 0 0 0 0 0
"mozambique" 0 0 1352.10943222046 5430.73415756226 3000.03933906555 0 0 0 0 0 0 0 0 0 0 0 0 0
