"argentina" 0 0 0 0 0 0 535.594999790192 2411.2651348114 1270.48420906067 1078.31633090973 0 1825.11878013611 145.032212138176 629.3865442276 410.242408514023 0 0 0
"bolivia" 0 0 388.499230146408 -3017.60625839233 -8656.81552886963 -15032.2999954224 0 0 -509.845674037933 -509.445190429688 -264.650404453278 -474.485516548157 0 0 0 0 0 0
"brasil" 0 0 0 722690.063476562 2932036.86523438 2728810.30273438 0 0 0 0 0 653246.58203125 0 0 0 0 0 0
"oceania" 0 0 0 61.399694532156 91.2873968482018 -336.501866579056 0 0 25.8697085082531 572.100222110748 791.491568088531 2120.16534805298 0 0 0 0 0 0
"newzealand" 0 0 0 0 0 0 0 0 0 0 3128.97253036499 9709.36584472656 0 0 0 458.533585071564 0 0
"china" 0 0 0 0 131.440564990044 256.168961524963 -0.455006986157969 7.01469602063298 345.856249332428 4962.08810806274 8539.98279571533 4581.40993118286 -2.6169647462666 -0.887812406290323 1126.13594532013 0 0 0
"japan" 0 0 0 0 0 0 0 0 113.092169165611 1562.04533576965 1175.70519447327 898.167312145233 0 0 28.9741195738316 0 0 0
"korea" 0 0 0 0 0 0 0 0 0 0.160449184477329 7.80838821083307 0 0 0 0 0 0 0
"indonesia" 0 0 0 -13.1087685003877 34.5446169376373 6517.11845397949 0 0 0 0 0 0 0 0 0 0 0 0
"madagascar" 0 0 0 -16.7442224919796 -21.9457242637873 -971.401512622833 0 0 0 0 0 0 0 0 0 0 0 0
"eastasia" 0 0 0 0 0 -26.4248587191105 0 0 558.582901954651 7516.95108413696 1551.7600774765 0 0 -123.729355633259 -209.353312849998 0 0 0
"seasia" 0 0 0 7945.61862945557 10566.3738250732 10551.0272979736 0 0 0 0 23.9580515772104 2571.66934013367 0 0 0 0 0 0
"malasya" 0 0 0 0 0 1993.54755878448 0 0 0 0 0 0 0 0 0 0 0 0
"myanmar" 0 0 0 3016.95561408997 5339.57767486572 635.667562484741 0 0 0 0 1130.14161586761 1012.91215419769 0 0 0 0 0 0
"southasia" 0 0 0 2666.68009757996 13151.1421203613 721.165120601654 0 -1.9023681525141 3.40234325267375 3307.01684951782 173.29640686512 0 0 0 0 0 0 0
"india" 0 761.588633060455 14124.080657959 19912.6377105713 3652.62341499329 1014.0141248703 0 1522.38178253174 3602.62584686279 573.468804359436 349.678099155426 1294.11149024963 0 0 0 0 0 0
"canada" 0 0 0 0 0 0 0 -3491.33634567261 758080.383300781 229499.725341797 516.273617744446 0 0 1673.38466644287 24887.3329162598 10.2484980598092 0 0
"us" 0 0 0 0 0 0 -4707.96871185303 -19991.9929504395 -9220.74890136719 43737.4877929688 19449.6898651123 -3915.83299636841 72.4013596773148 458.432972431183 29.0979072451591 0 0 0
"mexico" 0 1419.52669620514 7494.42195892334 6834.64670181274 5627.39181518555 4266.23630523682 239.860266447067 1205.402135849 7248.13270568848 5284.93595123291 1605.46636581421 408.697366714478 0 0 0 0 0 0
"colombia" 0 0 0 -2.58570653386414 -140.24230837822 -9608.50429534912 0 0 0 0 -1.64114905055612 -1105.98957538605 0 0 0 0 0 0
"latinamer" 0 160.33647954464 154.952615499496 1274.16884899139 1736.70434951782 12433.0768585205 7.26945884525776 167.937234044075 248.453289270401 150.901257991791 647.855281829834 2948.15945625305 5.85470674559474 193.720579147339 864.542245864868 2036.35597229004 123.313046991825 0
"paraguay" 0 0 0 0 0 236232.864379883 0 0 0 0 0 290034.118652344 0 0 0 0 0 0
"peru" -24.1194479167461 -43.0885925889015 -7.87217449396849 4.92001790553331 -78.0280455946922 -519.515991210938 -141.68182015419 -80.363467335701 -70.8032548427582 -110.056452453136 -286.453127861023 262.968271970749 0 0 0 0 0 0
"uruguay" 0 0 0 0 0 0 0 0 0 0 0 9317.6155090332 0 0 0 0 0 0
"venezuela" 0 -0.741759373340756 0 -201.261967420578 -1122.63035774231 -2663.42210769653 0 0 0 0 0 0 0 0 0 0 0 0
"eu27" 0 0 0 0 0 0 0 0 -7972.04399108887 -120851.39465332 -20817.5201416016 -4153.73516082764 0 -31.4158909022808 -4535.61401367188 -96.4555218815804 0 0
"uk" 0 0 0 0 0 0 0 0 0 2972.42546081543 3673.0740070343 528.884708881378 0 0 0 165.988609194756 0 0
"efta" 0 0 0 0 0 0 0 0 0 1360.98659038544 0 0 0 486.409813165665 581.541299819946 4.11374820396304 0 0
"restofworld" 0 0 0 0 0 0 -152.669012546539 40.1705615222454 5221.65679931641 62502.2506713867 3914.26134109497 533.194601535797 10.5226440355182 170.251116156578 1023.36072921753 12.4521236866713 0 0
"russia" 0 0 0 0 0 0 0 573.613047599792 48813.1103515625 15327.6529312134 598.353385925293 0 2833.73093605042 13197.8931427002 64708.5418701172 0 0 0
"mena" 53.7174232304096 0 0 0 0 0 -299.188703298569 -1544.53372955322 9367.26188659668 12057.2319030762 1359.219789505 0 0 0 13.421444222331 0 0 0
"angola" 0 0 -387.141615152359 -8527.1692276001 -8922.71423339844 0 0 0 -7.13252834975719 -1329.03337478638 0 0 0 0 0 0 0 0
"drc" 0 0 0 0 439.603298902512 1123.12054634094 0 0 0 0 0 0 0 0 0 0 0 0
"nafr" 9.71895176917315 0 0 0 0 0 -209.440380334854 -152.168214321136 7.52944499254227 1.44524371717125 0 0 0 0 0 0 0 0
"wafr" 0 0 283.22359919548 3540.11631011963 2057.41906166077 2446.79570198059 0 0 0 0 0 0 0 0 0 0 0 0
"cafr" 0 2.25935690104961 0 -30.0223417580128 180.679634213448 -189.616173505783 0 0 0 0 0 0 0 0 0 0 0 0
"eafr" -0.485598458908498 -21.7458941042423 -4.09504026174545 2900.25758743286 1733.59560966492 4077.86750793457 0 0 0 0 1119.97449398041 1691.33245944977 0 0 0 0 0 0
"safr" 0 0 -5188.13562393188 -3258.09359550476 -4.13632206618786 239.183127880096 0 -0.0825702591100708 -373.836934566498 -27.6909563690424 -369.928956031799 0 0 0 0 0 0 0
"ivorycoast" 0 0 0 3464.64538574219 -39887.7029418945 329730.987548828 0 0 0 0 0 0 0 0 0 0 0 0
"ghana" 0 0 0 -46.8824580311775 121.379755437374 1845.39127349854 0 0 0 0 0 0 0 0 0 0 0 0
"nigeria" 0 0 0 83.429753780365 3241.98627471924 2465.13509750366 0 0 0 0 0 0 0 0 0 0 0 0
"mozambique" 0 0 1362.84637451172 5567.61169433594 3105.39889335632 0 0 0 0 0 0 0 0 0 0 0 0 0
