"argentina" 0 0 0 0 0 0 555.134952068329 2475.58951377869 1330.63197135925 1123.00324440002 0 1896.23582363129 146.672308444977 637.287378311157 416.533946990967 0 0 0
"bolivia" 0 0 417.882770299911 -3089.6942615509 -8841.05777740479 -15394.2575454712 0 0 -524.881720542908 -525.022327899933 -269.680082798004 -483.461886644363 0 0 0 0 0 0
"brasil" 0 0 0 723135.803222656 2933400.63476562 2729654.78515625 0 0 0 0 0 653321.044921875 0 0 0 0 0 0
"oceania" 0 0 0 61.9390234351158 92.0042246580124 -330.351978540421 0 0 26.0783601552248 576.313018798828 796.870291233063 2134.2179775238 0 0 0 0 0 0
"newzealand" 0 0 0 0 0 0 0 0 0 0 3119.96102333069 9674.58248138428 0 0 0 437.767446041107 0 0
"china" 0 0 0 0 154.455259442329 284.520506858826 0.40137194446288 9.4063077121973 613.506495952606 5530.08365631104 9238.55876922607 5375.22315979004 -1.13937398418784 -0.721394375432283 1236.16111278534 0 0 0
"japan" 0 0 0 0 0 0 0 0 119.1041842103 1642.08507537842 1247.22874164581 951.945602893829 0 0 29.9270339310169 0 0 0
"korea" 0 0 0 0 0 0 0 0 0 3.84164811111987 14.8462578654289 0 0 0 0 0 0 0
"indonesia" 0 0 0 -15.185940079391 34.1196805238724 6748.76546859741 0 0 0 0 0 0 0 0 0 0 0 0
"madagascar" 0 0 0 -2.90012452751398 -15.2277499437332 -842.698335647583 0 0 0 0 0 0 0 0 0 0 0 0
"eastasia" 0 0 0 0 0 -26.7666168510914 0 0 607.170045375824 8157.26757049561 1691.40994548798 0 0 -131.160199642181 -216.673612594604 0 0 0
"seasia" 0 0 0 8653.66649627686 11623.984336853 11458.8804244995 0 0 0 0 28.7496112287045 2804.28123474121 0 0 0 0 0 0
"malasya" 0 0 0 0 0 2054.29601669312 0 0 0 0 0 0 0 0 0 0 0 0
"myanmar" 0 0 0 3181.27679824829 5618.76487731934 667.036592960358 0 0 0 0 1187.88743019104 1065.16849994659 0 0 0 0 0 0
"southasia" 0 0 0 2852.69784927368 14057.4560165405 779.771566390991 0 -1.96168594993651 3.58528411015868 3493.24035644531 183.089211583138 0 0 0 0 0 0 0
"india" 0 824.016511440277 15394.8135375977 22111.6886138916 4065.56510925293 1126.92713737488 0 1644.34480667114 3988.41118812561 638.582527637482 389.172106981277 1448.3870267868 0 0 0 0 0 0
"canada" 0 0 0 0 0 0 0 -3868.4287071228 774559.204101562 235259.735107422 531.014382839203 0 0 1702.4142742157 25383.3446502686 10.1386308670044 0 0
"us" 0 0 0 0 0 0 -4752.44426727295 -20459.4802856445 -9523.61583709717 45529.8385620117 20701.3130187988 -3154.62279319763 77.1745294332504 493.944406509399 30.9697892516851 0 0 0
"mexico" 0 1370.39625644684 7309.66806411743 6741.13845825195 5632.28416442871 4227.96201705933 232.287839055061 1173.38049411774 7136.78598403931 5224.63226318359 1595.21913528442 419.506967067719 0 0 0 0 0 0
"colombia" 0 0 0 -2.59732292033732 -146.437838673592 -10174.1590499878 0 0 0 0 -1.69938988983631 -1179.90100383759 0 0 0 0 0 0
"latinamer" 0 182.416617870331 142.933502793312 1282.49490261078 1621.33133411407 12983.7827682495 -41.4949953556061 107.431083917618 170.647323131561 45.7708835601807 635.059773921967 3146.87132835388 6.29928195849061 200.200811028481 913.886547088623 2249.15719032288 118.629194796085 0
"paraguay" 0 0 0 0 0 236278.533935547 0 0 0 0 0 290048.248291016 0 0 0 0 0 0
"peru" -23.2826508581638 -38.7605875730515 -5.86658949032426 6.22314680367708 -65.1568621397018 -275.807231664658 -139.77462053299 -79.3314799666405 -66.4693489670753 -103.616409003735 -240.95793068409 523.983240127563 0 0 0 0 0 0
"uruguay" 0 0 0 0 0 0 0 0 0 0 0 9204.30469512939 0 0 0 0 0 0
"venezuela" 0 -0.75122487032786 0 -206.130594015121 -1144.60933208466 -2717.20242500305 0 0 0 0 0 0 0 0 0 0 0 0
"eu27" 0 0 0 0 0 0 0 0 -9245.53871154785 -139712.188720703 -24116.9128417969 -4794.35300827026 0 -46.7287674546242 -5251.83200836182 -114.010974764824 0 0
"uk" 0 0 0 0 0 0 0 0 0 11.8323313072324 3139.18161392212 26.8424954265356 0 0 0 -23.262619972229 0 0
"efta" 0 0 0 0 0 0 0 0 0 -362.08164691925 0 0 0 76.4511823654175 -100.318074226379 3.08979395776987 0 0
"restofworld" 0 0 0 0 0 0 59.5375522971153 59.3935176730156 5648.02932739258 65706.4361572266 4173.37083816528 561.554193496704 13.0475107580423 201.245978474617 1086.64524555206 14.074495062232 0 0
"russia" 0 0 0 0 0 0 0 604.824602603912 51337.0018005371 16070.1560974121 623.432636260986 0 2907.87887573242 13482.8596115112 65885.7498168945 0 0 0
"mena" 5.8427257463336 0 0 0 0 0 -332.467466592789 -1755.26213645935 9462.9602432251 12549.2830276489 1417.18077659607 0 0 0 13.1855122745037 0 0 0
"angola" 0 0 -387.712866067886 -8563.11893463135 -8954.02431488037 0 0 0 -6.99389772489667 -1338.08672428131 0 0 0 0 0 0 0 0
"drc" 0 0 0 0 1177.52075195312 2170.57418823242 0 0 0 0 0 0 0 0 0 0 0 0
"nafr" 10.6313694268465 0 0 0 0 0 -213.190943002701 -156.177550554276 8.57944786548615 1.7557762330398 0 0 0 0 0 0 0 0
"wafr" 0 0 366.442769765854 4163.95902633667 2443.36771965027 2713.26971054077 0 0 0 0 0 0 0 0 0 0 0 0
"cafr" 0 2.64738406985998 0 -3.39715555310249 402.155786752701 323.798298835754 0 0 0 0 0 0 0 0 0 0 0 0
"eafr" -0.646740256343037 -30.7775810360909 -42.7144058048725 2959.25688743591 1889.96565341949 4864.99929428101 0 0 0 0 1343.19460391998 2083.74977111816 0 0 0 0 0 0
"safr" 0 0 -6610.0115776062 -4171.0467338562 -5.06446696817875 310.855239629745 0 -0.10340351582272 -476.643741130829 -23.5566794872284 -466.330021619797 0 0 0 0 0 0 0
"ivorycoast" 0 0 0 3457.40008354187 -39959.0606689453 329672.576904297 0 0 0 0 0 0 0 0 0 0 0 0
"ghana" 0 0 0 -40.2626283466816 390.2607858181 2389.6050453186 0 0 0 0 0 0 0 0 0 0 0 0
"nigeria" 0 0 0 86.3674581050873 3317.91162490845 2520.2784538269 0 0 0 0 0 0 0 0 0 0 0 0
"mozambique" 0 0 1612.28764057159 6357.12671279907 3469.94662284851 0 0 0 0 0 0 0 0 0 0 0 0 0
