"argentina" 0 0 0 0 0 0 -342.059969902039 -918.103218078613 -1299.47507381439 -1318.0650472641 0 -2436.52963638306 7.44243804365396 9.18822176754475 -25.6718695163727 0 0 0
"bolivia" 0 0 565.698027610779 -1812.8650188446 -4757.05718994141 -9367.53368377686 0 0 -378.182411193848 -409.58172082901 -152.862995862961 -274.947822093964 0 0 0 0 0 0
"brasil" 0 0 0 -5626.65748596191 -50018.0740356445 19143.6729431152 0 0 0 0 0 915.449500083923 0 0 0 0 0 0
"oceania" 0 0 0 -1.17932737339288 -76.5005201101303 -966.084718704224 0 0 -4.73780836910009 -185.788214206696 -335.792452096939 -930.527687072754 0 0 0 0 0 0
"newzealand" 0 0 0 0 0 0 0 0 0 0 614.346921443939 1824.90718364716 0 0 0 -140.731364488602 0 0
"china" 0 0 0 0 76.9976824522018 255.596220493317 3.37035767734051 15.7049018889666 659.826517105103 6942.30461120605 11739.7308349609 4564.23950195312 -11.2663479521871 0.750386680010706 1763.8224363327 0 0 0
"japan" 0 0 0 0 0 0 0 0 -134.545773267746 -1844.58482265472 -1506.55472278595 -1135.49101352692 0 0 -28.2003208994865 0 0 0
"korea" 0 0 0 0 0 0 0 0 0 -81.8219929933548 -150.296092033386 0 0 0 0 0 0 0
"indonesia" 0 0 0 42.735867202282 21.8699462711811 -3057.65104293823 0 0 0 0 0 0 0 0 0 0 0 0
"madagascar" 0 0 0 269.944697618484 158.560961484909 2208.41312408447 0 0 0 0 0 0 0 0 0 0 0 0
"eastasia" 0 0 0 0 0 6.39070617035031 0 0 -915.825068950653 -11456.3856124878 -2454.25391197205 0 0 124.098181724548 77.3517638444901 0 0 0
"seasia" 0 0 0 -5902.59456634521 -7449.43332672119 -7457.88764953613 0 0 0 0 -10.2430749684572 -1897.52674102783 0 0 0 0 0 0
"malasya" 0 0 0 0 0 1316.67351722717 0 0 0 0 0 0 0 0 0 0 0 0
"myanmar" 0 0 0 -1599.38263893127 -3059.89003181458 -380.4070353508 0 0 0 0 -657.23192691803 -595.519423484802 0 0 0 0 0 0
"southasia" 0 0 0 -2136.37971878052 -10270.5430984497 -636.398434638977 0 0.938745331950486 -2.33793281950057 -2339.76173400879 -120.621830224991 0 0 0 0 0 0 0
"india" 0 -443.542301654816 -9047.59693145752 -14643.0006027222 -2723.5062122345 -757.532000541687 0 -946.364283561707 -2786.39435768127 -445.87430357933 -250.622630119324 -1016.2250995636 0 0 0 0 0 0
"canada" 0 0 0 0 0 0 0 4089.70403671265 -271700.164794922 -85938.0340576172 -215.474128723145 0 0 -649.105668067932 -9815.69862365723 -3.0611224938184 0 0
"us" 0 0 0 0 0 0 1707.45623111725 14103.5795211792 4635.82515716553 -12890.7871246338 -7065.10400772095 537.079155445099 -17.3298418521881 -89.7767245769501 -13.2144959643483 0 0 0
"mexico" 0 509.383857250214 1554.48138713837 495.926886796951 -750.87183713913 65.2974247932434 74.7641175985336 322.000592947006 883.943498134613 44.535469263792 -129.480481147766 -257.912039756775 0 0 0 0 0 0
"colombia" 0 0 0 3.24686174280941 -5.31133869662881 -4227.85329818726 0 0 0 0 0.478750007459894 -675.258338451385 0 0 0 0 0 0
"latinamer" 0 -74.8391449451447 117.588765919209 498.225510120392 1594.88105773926 3144.24777030945 241.209954023361 335.696041584015 466.289103031158 624.75848197937 412.131607532501 -13.2694374769926 -0.895178993232548 14.0996379777789 -29.1437990963459 -544.731259346008 58.2428462803364 0
"paraguay" 0 0 0 0 0 -4046.36859893799 0 0 0 0 0 620.145618915558 0 0 0 0 0 0
"peru" 8.57080146670341 63.2058754563332 52.075270563364 22.9724422097206 169.756531715393 3211.91763877869 -8.83143022656441 8.66739638149738 52.2733107209206 73.9155933260918 660.058856010437 4213.06991577148 0 0 0 0 0 0
"uruguay" 0 0 0 0 0 0 0 0 0 0 0 135.547667741776 0 0 0 0 0 0
"venezuela" 0 -0.203332092496566 0 -118.171826004982 -513.087332248688 -1246.82259559631 0 0 0 0 0 0 0 0 0 0 0 0
"eu27" 0 0 0 0 0 0 0 0 -6977.70118713379 -92260.0784301758 -22385.0135803223 -4313.42840194702 0 -64.0479251742363 -3321.07996940613 -120.304726064205 0 0
"uk" 0 0 0 0 0 0 0 0 0 134.409427642822 1575.93810558319 33.5758067667484 0 0 0 -2.68377247266471 0 0
"efta" 0 0 0 0 0 0 0 0 0 -600.165367126465 0 0 0 51.742248237133 -184.605643153191 3.6504790186882 0 0
"restofworld" 0 0 0 0 0 0 1324.90825653076 92.9096639156342 -168.974429368973 -11227.6210784912 -335.184961557388 -87.6331478357315 11.8826013058424 109.132811427116 -118.512786924839 4.35182405635715 0 0
"russia" 0 0 0 0 0 0 0 -245.896071195602 -18501.1539459229 -5097.56088256836 -257.2962641716 0 -1398.06520938873 -6895.82920074463 -35272.0489501953 0 0 0
"mena" 903.90807390213 0 0 0 0 0 559.240520000458 3864.94827270508 2280.9362411499 -5304.98743057251 -663.409292697906 0 0 0 8.58562439680099 0 0 0
"angola" 0 0 187.813982367516 3901.49593353271 4179.79192733765 0 0 0 4.652950912714 559.536159038544 0 0 0 0 0 0 0 0
"drc" 0 0 0 0 5036.45420074463 9710.44254302979 0 0 0 0 0 0 0 0 0 0 0 0
"nafr" -0.0345001681125723 0 0 0 0 0 263.273239135742 247.393980622292 9.16387233883142 4.58296481519938 0 0 0 0 0 0 0 0
"wafr" 0 0 327.83704996109 1655.03430366516 1284.43336486816 -905.507445335388 0 0 0 0 0 0 0 0 0 0 0 0
"cafr" 0 -0.397151976358145 0 13.8471741229296 102.476365864277 605.866432189941 0 0 0 0 0 0 0 0 0 0 0 0
"eafr" 0.576973776333034 29.7418180853128 145.317584276199 473.974466323853 -190.295726060867 -1774.85406398773 0 0 0 0 -511.213719844818 -892.414629459381 0 0 0 0 0 0
"safr" 0 0 3479.18844223022 1869.61221694946 1.89983006566763 -124.065615236759 0 0.0503386363561731 235.182404518127 64.8080557584763 184.010803699493 0 0 0 0 0 0 0
"ivorycoast" 0 0 0 -4500.13399124146 -9923.27880859375 -19564.4512176514 0 0 0 0 0 0 0 0 0 0 0 0
"ghana" 0 0 0 129.128649830818 4470.14760971069 6626.64651870728 0 0 0 0 0 0 0 0 0 0 0 0
"nigeria" 0 0 0 -32.8343771398067 -1658.65731239319 -1285.34960746765 0 0 0 0 0 0 0 0 0 0 0 0
"mozambique" 0 0 -540.871977806091 -1753.53622436523 -833.554267883301 0 0 0 0 0 0 0 0 0 0 0 0 0
