"argentina" 0 0 0 0 0 0 400.387346744537 1283.31577777863 1037.18495368958 1383.05234909058 0 2822.73864746094 30.3656831383705 145.081996917725 116.52260273695 0 0 0
"bolivia" 0 0 468.56027841568 -1696.11632823944 -4488.62218856812 -8741.48559570312 0 0 -344.258934259415 -378.882944583893 -145.050331950188 -260.784804821014 0 0 0 0 0 0
"brasil" 0 0 0 -12453.0696868896 -109586.10534668 56976.8447875977 0 0 0 0 0 3973.8085269928 0 0 0 0 0 0
"oceania" 0 0 0 9.84603073447943 299.370646476746 3238.33656311035 0 0 21.6711647808552 783.803045749664 1399.43277835846 3914.03460502625 0 0 0 0 0 0
"newzealand" 0 0 0 0 0 0 0 0 0 0 1511.17503643036 4589.24293518066 0 0 0 -60.7812777161598 0 0
"china" 0 0 0 0 262.761145830154 374.603927135468 11.4301666617393 33.3369895815849 3198.27461242676 8546.9388961792 11523.1447219849 9870.49865722656 9.93138924241066 2.65769474208355 1853.99627685547 0 0 0
"japan" 0 0 0 0 0 0 0 0 -175.581052899361 -2366.6307926178 -2087.73875236511 -1568.55297088623 0 0 -27.5981780141592 0 0 0
"korea" 0 0 0 0 0 0 0 0 0 -94.4291651248932 -167.504176497459 0 0 0 0 0 0 0
"indonesia" 0 0 0 -426.934272050858 -700.386226177216 -18700.231552124 0 0 0 0 0 0 0 0 0 0 0 0
"madagascar" 0 0 0 -547.161221504211 -415.582180023193 -4701.012134552 0 0 0 0 0 0 0 0 0 0 0 0
"eastasia" 0 0 0 0 0 17.1202905476093 0 0 -1338.64605426788 -16936.5119934082 -3603.58667373657 0 0 198.048293590546 169.280603528023 0 0 0
"seasia" 0 0 0 -7218.66846084595 -16176.7444610596 -11162.8589630127 0 0 0 0 -168.641865253448 -2566.3697719574 0 0 0 0 0 0
"malasya" 0 0 0 0 0 -368.943631649017 0 0 0 0 0 0 0 0 0 0 0 0
"myanmar" 0 0 0 6747.62344360352 12148.7197875977 1445.6627368927 0 0 0 0 2590.64507484436 2285.65907478333 0 0 0 0 0 0
"southasia" 0 0 0 -3234.22050476074 -15525.3925323486 -992.968618869781 0 1.35137524921447 -3.42881912365556 -3463.60850334167 -179.177403450012 0 0 0 0 0 0 0
"india" 0 -741.04118347168 -15040.6847000122 -24157.6385498047 -4536.29446029663 -1270.28322219849 0 -1621.7086315155 -4582.98778533936 -728.017866611481 -415.952563285828 -1696.33531570435 0 0 0 0 0 0
"canada" 0 0 0 0 0 0 0 6209.3710899353 -410000 -129731.384277344 -319.692552089691 0 0 -935.642957687378 -13929.2030334473 -4.06947499141097 0 0
"us" 0 0 0 0 0 0 3219.84791755676 23348.2322692871 8095.67832946777 -19152.2216796875 -7607.85579681396 6363.77239227295 -12.6246176660061 -13.1815718486905 -15.8736445009708 0 0 0
"mexico" 0 900.704264640808 2942.46220588684 1365.7158613205 -512.743234634399 516.420006752014 136.48247718811 587.020993232727 1842.99981594086 574.048340320587 -22.0670308917761 -316.038906574249 0 0 0 0 0 0
"colombia" 0 0 0 3.57077596709132 9.63814184069633 -3264.92142677307 0 0 0 0 0.668085529468954 -565.890669822693 0 0 0 0 0 0
"latinamer" 0 -100.24282336235 203.338265419006 919.283032417297 2699.44334030151 6252.97451019287 381.991446018219 548.60532283783 763.872981071472 1005.84805011749 720.275282859802 308.619916439056 -0.72271772660315 45.9991134703159 57.7905252575874 -622.067987918854 107.452556490898 0
"paraguay" 0 0 0 0 0 -6864.46094512939 0 0 0 0 0 540.439546108246 0 0 0 0 0 0
"peru" 9.8815131932497 73.9661380648613 54.6683259308338 27.7984086424112 210.922420024872 4141.11566543579 -10.2294012904167 4.37907222658396 63.1003305315971 89.1587287187576 802.176058292389 5164.09873962402 0 0 0 0 0 0
"uruguay" 0 0 0 0 0 0 0 0 0 0 0 1510.67650318146 0 0 0 0 0 0
"venezuela" 0 -0.120999306091107 0 -86.4168927073479 -375.466376543045 -888.641893863678 0 0 0 0 0 0 0 0 0 0 0 0
"eu27" 0 0 0 0 0 0 0 0 -9712.57591247559 -124861.709594727 -32284.0766906738 -6170.93420028687 0 -178.730547428131 -4459.24520492554 -179.45984005928 0 0
"uk" 0 0 0 0 0 0 0 0 0 118.405602872372 1958.83679389954 33.8016822934151 0 0 0 -6.36374345049262 0 0
"efta" 0 0 0 0 0 0 0 0 0 -703.974008560181 0 0 0 76.152965426445 -212.963998317719 4.62564686313272 0 0
"restofworld" 0 0 0 0 0 0 1551.98419094086 107.550747692585 -446.85560464859 -16107.0461273193 -587.069034576416 -127.769142389297 13.0035700276494 116.543911397457 -189.312815666199 4.08934336155653 0 0
"russia" 0 0 0 0 0 0 0 -331.152141094208 -25538.5322570801 -7240.72551727295 -346.090942621231 0 -1857.95760154724 -9113.62266540527 -46396.4233398438 0 0 0
"mena" 622.428178787231 0 0 0 0 0 528.66131067276 3480.06939888 -1636.72924041748 -8265.79856872559 -975.907742977142 0 0 0 1.58211949747056 0 0 0
"angola" 0 0 264.800697565079 5735.29052734375 6116.15180969238 0 0 0 4.72497241571546 842.484652996063 0 0 0 0 0 0 0 0
"drc" 0 0 0 0 7978.88946533203 12006.7358016968 0 0 0 0 0 0 0 0 0 0 0 0
"nafr" -1.02037296164781 0 0 0 0 0 325.380206108093 303.510785102844 10.2208750322461 5.30238589271903 0 0 0 0 0 0 0 0
"wafr" 0 0 388.592630624771 1524.54578876495 1257.77518749237 -1585.9922170639 0 0 0 0 0 0 0 0 0 0 0 0
"cafr" 0 -1.37849792372435 0 -26.5787616372108 -165.20956158638 34.0933054685593 0 0 0 0 0 0 0 0 0 0 0 0
"eafr" 1.09991151839495 46.5229898691177 603.735506534576 13712.4652862549 6276.68952941895 10618.4997558594 0 0 0 0 2823.00138473511 4173.06327819824 0 0 0 0 0 0
"safr" 0 0 5000.69379806519 2879.50301170349 3.73997166752815 -155.470699071884 0 0.0732675689505413 342.773646116257 114.364415407181 319.521427154541 0 0 0 0 0 0 0
"ivorycoast" 0 0 0 -5453.4387588501 -12114.5000457764 -23405.0521850586 0 0 0 0 0 0 0 0 0 0 0 0
"ghana" 0 0 0 158.76816213131 5488.92211914062 7960.51788330078 0 0 0 0 0 0 0 0 0 0 0 0
"nigeria" 0 0 0 -64.3428564071655 -2614.09473419189 -1986.01198196411 0 0 0 0 0 0 0 0 0 0 0 0
"mozambique" 0 0 4195.5189704895 13493.860244751 6371.95253372192 0 0 0 0 0 0 0 0 0 0 0 0 0
