"argentina" 0 0 0 0 0 0 -6279.9711227417 -17447.3419189453 -20780.5404663086 -21365.5910491943 0 -38252.3536682129 -14.4034568220377 -409.52655673027 -767.711222171783 0 0 0
"bolivia" 0 0 710.303843021393 -2391.1874294281 -6337.86392211914 -12201.4713287354 0 0 -483.402371406555 -511.658728122711 -193.311408162117 -344.513177871704 0 0 0 0 0 0
"brasil" 0 0 0 -10667.6158905029 -103117.408752441 68685.9130859375 0 0 0 0 0 5427.82497406006 0 0 0 0 0 0
"oceania" 0 0 0 22.8166207671165 -24.248318746686 -706.93439245224 0 0 7.86613300442696 92.9401889443398 38.042027503252 49.3574813008308 0 0 0 0 0 0
"newzealand" 0 0 0 0 0 0 0 0 0 0 1522.40705490112 4691.88785552979 0 0 0 138.535887002945 0 0
"china" 0 0 0 0 343.302011489868 251.575112342834 14.9601781740785 32.2820171713829 4653.8782119751 3683.07089805603 924.272894859314 10013.6861801147 39.7078990936279 3.05971270427108 302.928030490875 0 0 0
"japan" 0 0 0 0 0 0 0 0 -53.9760962128639 -729.384779930115 -615.479588508606 -464.663356542587 0 0 -9.77221317589283 0 0 0
"korea" 0 0 0 0 0 0 0 0 0 18.5538902878761 42.7090004086494 0 0 0 0 0 0 0
"indonesia" 0 0 0 35.864844918251 55.0651848316193 2833.33110809326 0 0 0 0 0 0 0 0 0 0 0 0
"madagascar" 0 0 0 210.311740636826 119.200401008129 1823.67563247681 0 0 0 0 0 0 0 0 0 0 0 0
"eastasia" 0 0 0 0 0 22.3179720342159 0 0 -480.753064155579 -6776.92937850952 -1429.96096611023 0 0 115.184009075165 211.750715970993 0 0 0
"seasia" 0 0 0 -3646.86799049377 -3737.57266998291 -4827.64291763306 0 0 0 0 17.9741587489843 -1152.30941772461 0 0 0 0 0 0
"malasya" 0 0 0 0 0 2587.52346038818 0 0 0 0 0 0 0 0 0 0 0 0
"myanmar" 0 0 0 -1634.92524623871 -3765.80333709717 -608.10649394989 0 0 0 0 -898.613214492798 -776.22663974762 0 0 0 0 0 0
"southasia" 0 0 0 -1099.5796918869 -5316.80154800415 -322.880148887634 0 0.633007264696062 -1.33262295275927 -1306.09893798828 -67.6319897174835 0 0 0 0 0 0 0
"india" 0 -317.584872245789 -6382.36331939697 -9886.89804077148 -1840.53385257721 -511.556386947632 0 -630.442321300507 -1947.39484786987 -309.931218624115 -166.477248072624 -703.190267086029 0 0 0 0 0 0
"canada" 0 0 0 0 0 0 0 3133.30888748169 -279570.068359375 -89571.9146728516 -208.497285842896 0 0 -647.039413452148 -9587.55588531494 -3.49094532430172 0 0
"us" 0 0 0 0 0 0 2181.04934692383 14724.3347167969 5354.58946228027 -16224.2183685303 -4015.20395278931 5412.93287277222 -6.36628549546003 15.8418491482735 -8.71443003416061 0 0 0
"mexico" 0 464.426130056381 1726.4963388443 770.55811882019 -421.142101287842 177.205234766006 72.8772282600403 319.049268960953 1339.7912979126 375.445663928986 -16.1234606057405 -204.262465238571 0 0 0 0 0 0
"colombia" 0 0 0 3.69320437312126 13.853426091373 -2982.07521438599 0 0 0 0 0.66193932434544 -570.899844169617 0 0 0 0 0 0
"latinamer" 0 -49.9295853078365 248.449087142944 1296.85926437378 3007.21669197083 8969.50435638428 402.523040771484 648.319840431213 882.124841213226 1079.97560501099 894.026815891266 1197.16489315033 1.20387098286301 112.692400813103 351.463407278061 46.9904839992523 152.250170707703 0
"paraguay" 0 0 0 0 0 -8593.95790100098 0 0 0 0 0 1478.57367992401 0 0 0 0 0 0
"peru" 15.228783711791 74.8231932520866 52.7013801038265 25.675455108285 202.511936426163 3868.09897422791 21.5187612921 17.4072701483965 74.6752470731735 101.258881390095 825.694739818573 4874.98235702515 0 0 0 0 0 0
"uruguay" 0 0 0 0 0 0 0 0 0 0 0 3645.60627937317 0 0 0 0 0 0
"venezuela" 0 -0.170494095073082 0 -104.325622320175 -486.04941368103 -1122.9248046875 0 0 0 0 0 0 0 0 0 0 0 0
"eu27" 0 0 0 0 0 0 0 0 -3726.637840271 -59242.3324584961 -9650.91896057129 -2033.57553482056 0 42.5027124583721 -2217.3638343811 -41.0625264048576 0 0
"uk" 0 0 0 0 0 0 0 0 0 259.527683258057 1690.61350822449 55.2536062896252 0 0 0 3.73232364654541 0 0
"efta" 0 0 0 0 0 0 0 0 0 -713.208913803101 0 0 0 -4.26272116601467 -233.978435397148 2.90598440915346 0 0
"restofworld" 0 0 0 0 0 0 1184.18383598328 80.7308480143547 -454.143822193146 -15057.9299926758 -482.252299785614 -120.597645640373 12.44249753654 99.5920598506927 -184.318214654922 5.62313292175531 0 0
"russia" 0 0 0 0 0 0 0 -180.886924266815 -12597.0573425293 -3422.94335365295 -231.690868735313 0 -1338.22906017303 -6645.62797546387 -34716.4115905762 0 0 0
"mena" 966.824650764465 0 0 0 0 0 537.095189094543 3847.47552871704 3904.46090698242 -3619.55690383911 -490.400731563568 0 0 0 11.0040018334985 0 0 0
"angola" 0 0 282.78249502182 6527.27460861206 6739.77708816528 0 0 0 3.13609791919589 1058.4465265274 0 0 0 0 0 0 0 0
"drc" 0 0 0 0 5566.48015975952 10325.9468078613 0 0 0 0 0 0 0 0 0 0 0 0
"nafr" -1.37015373911709 0 0 0 0 0 253.946602344513 169.569686055183 4.18638158589602 2.17271246947348 0 0 0 0 0 0 0 0
"wafr" 0 0 539.79903459549 2596.0488319397 1720.81029415131 -747.249603271484 0 0 0 0 0 0 0 0 0 0 0 0
"cafr" 0 0.706307822838426 0 114.880323410034 816.669106483459 2556.0188293457 0 0 0 0 0 0 0 0 0 0 0 0
"eafr" 0.588508322834969 27.5253877043724 134.234935045242 500.710070133209 -113.401047885418 -1218.39106082916 0 0 0 0 -359.336704015732 -593.752861022949 0 0 0 0 0 0
"safr" 0 0 3587.08143234253 2389.64056968689 3.93681228160858 -63.8443008065224 0 0.0810146229923703 275.286436080933 249.553933739662 333.42456817627 0 0 0 0 0 0 0
"ivorycoast" 0 0 0 -5365.87333679199 -11920.9289550781 -23003.8623809814 0 0 0 0 0 0 0 0 0 0 0 0
"ghana" 0 0 0 159.984439611435 5547.7466583252 8011.6720199585 0 0 0 0 0 0 0 0 0 0 0 0
"nigeria" 0 0 0 -27.772706001997 -987.931966781616 -741.590857505798 0 0 0 0 0 0 0 0 0 0 0 0
"mozambique" 0 0 -284.191489219666 -1440.17243385315 -904.640018939972 0 0 0 0 0 0 0 0 0 0 0 0 0
