"argentina" 0 0 0 0 0 0 352.355569601059 1205.0107717514 907.51326084137 1277.2558927536 0 2657.12213516235 38.0466468632221 174.725607037544 129.994362592697 0 0 0
"bolivia" 0 0 492.410361766815 -1826.40182971954 -4856.23598098755 -9503.07941436768 0 0 -377.277463674545 -412.064731121063 -161.710366606712 -290.144681930542 0 0 0 0 0 0
"brasil" 0 0 0 -14385.1251602173 -118869.476318359 48139.3203735352 0 0 0 0 0 2749.4740486145 0 0 0 0 0 0
"oceania" 0 0 0 4.35248902067542 -92.2138020396233 -1341.27593040466 0 0 -3.07690468616784 -174.283087253571 -355.510264635086 -1003.09872627258 0 0 0 0 0 0
"newzealand" 0 0 0 0 0 0 0 0 0 0 968.476891517639 2914.12758827209 0 0 0 -119.200579822063 0 0
"china" 0 0 0 0 199.15397465229 315.680086612701 9.8254457116127 28.507761657238 2555.86171150208 7666.84293746948 10722.2080230713 8071.00772857666 3.68390372022986 2.300591673702 1721.61293029785 0 0 0
"japan" 0 0 0 0 0 0 0 0 -158.85953605175 -2178.71332168579 -1781.1496257782 -1342.50712394714 0 0 -33.0375209450722 0 0 0
"korea" 0 0 0 0 0 0 0 0 0 -85.2410495281219 -157.682359218597 0 0 0 0 0 0 0
"indonesia" 0 0 0 52.2892363369465 25.0160563737154 -4267.14134216309 0 0 0 0 0 0 0 0 0 0 0 0
"madagascar" 0 0 0 264.58352804184 162.907332181931 2157.09543228149 0 0 0 0 0 0 0 0 0 0 0 0
"eastasia" 0 0 0 0 0 15.8096104860306 0 0 -1110.90767383575 -14283.6818695068 -3052.4697303772 0 0 172.574460506439 170.717403292656 0 0 0
"seasia" 0 0 0 -7172.07908630371 -8897.0365524292 -8805.9196472168 0 0 0 0 -11.9496779516339 -2262.55631446838 0 0 0 0 0 0
"malasya" 0 0 0 0 0 27.6400744915009 0 0 0 0 0 0 0 0 0 0 0 0
"myanmar" 0 0 0 -2084.87462997437 -3915.05312919617 -480.830490589142 0 0 0 0 -834.435105323792 -760.527074337006 0 0 0 0 0 0
"southasia" 0 0 0 -2762.64071464539 -13283.4300994873 -877.109050750732 0 1.17917696479708 -2.86559411324561 -2932.71207809448 -152.20633149147 0 0 0 0 0 0 0
"india" 0 -639.293730258942 -12841.1102294922 -20496.2959289551 -3906.74543380737 -1097.55396842957 0 -1415.97151756287 -3839.49613571167 -606.815218925476 -360.92671751976 -1466.87746047974 0 0 0 0 0 0
"canada" 0 0 0 0 0 0 0 4886.49749755859 -365044.311523438 -115449.691772461 -285.577207803726 0 0 -871.754050254822 -13060.9579086304 -4.33725956827402 0 0
"us" 0 0 0 0 0 0 2224.44152832031 17019.6876525879 5809.02147293091 -19089.7827148438 -8893.97716522217 2285.83860397339 -23.834191262722 -131.36425614357 -16.7083088308573 0 0 0
"mexico" 0 577.569246292114 1670.98641395569 430.017292499542 -1052.50906944275 -45.4945936799049 88.0146920681 364.96776342392 926.550030708313 -64.2584040760994 -193.772345781326 -319.987297058105 0 0 0 0 0 0
"colombia" 0 0 0 3.42750083655119 3.66107514128089 -3635.97011566162 0 0 0 0 0.591326388530433 -607.032775878906 0 0 0 0 0 0
"latinamer" 0 -89.2084091901779 203.760594129562 939.800024032593 2662.70351409912 6530.78746795654 371.776163578033 542.197644710541 753.885686397552 977.080285549164 713.120818138123 425.745785236359 -0.410785694839433 53.9722293615341 97.4787324666977 -505.616068840027 109.915398061275 0
"paraguay" 0 0 0 0 0 -9623.93569946289 0 0 0 0 0 1746.30320072174 0 0 0 0 0 0
"peru" 7.90451839566231 60.2065809071064 49.9912425875664 22.24051207304 162.249565124512 3084.8274230957 -10.9141636639833 6.81497808545828 49.2721423506737 69.3972930312157 631.847739219666 4067.75808334351 0 0 0 0 0 0
"uruguay" 0 0 0 0 0 0 0 0 0 0 0 812.354147434235 0 0 0 0 0 0
"venezuela" 0 -0.0768190147937275 0 -60.019101947546 -256.609201431274 -629.193425178528 0 0 0 0 0 0 0 0 0 0 0 0
"eu27" 0 0 0 0 0 0 0 0 -8634.62066650391 -111240.72265625 -28643.1884765625 -5464.46847915649 0 -122.173294425011 -3983.74509811401 -156.904831528664 0 0
"uk" 0 0 0 0 0 0 0 0 0 61.1206293106079 1652.89950370789 21.8698214739561 0 0 0 -7.87004083395004 0 0
"efta" 0 0 0 0 0 0 0 0 0 -655.641317367554 0 0 0 58.5862100124359 -201.505780220032 4.05930355191231 0 0
"restofworld" 0 0 0 0 0 0 1493.87454986572 104.098692536354 -279.731929302216 -13768.1560516357 -448.734313249588 -108.128756284714 13.0113214254379 119.027033448219 -152.513459324837 4.4821398332715 0 0
"russia" 0 0 0 0 0 0 0 -228.828281164169 -16934.3738555908 -4470.1714515686 -250.996112823486 0 -1481.6597700119 -7444.48471069336 -38480.9494018555 0 0 0
"mena" 583.709537982941 0 0 0 0 0 479.875683784485 3191.77579879761 -1126.31583213806 -7275.34532546997 -862.962126731873 0 0 0 2.18026991933584 0 0 0
"angola" 0 0 255.359351634979 5485.65006256104 5847.60284423828 0 0 0 4.9517098814249 804.752707481384 0 0 0 0 0 0 0 0
"drc" 0 0 0 0 7706.46190643311 11654.3626785278 0 0 0 0 0 0 0 0 0 0 0 0
"nafr" -0.918581907171756 0 0 0 0 0 281.676203012466 264.27811384201 9.04691684991121 4.64556971564889 0 0 0 0 0 0 0 0
"wafr" 0 0 417.186707258224 1785.81047058105 1400.57408809662 -1346.86088562012 0 0 0 0 0 0 0 0 0 0 0 0
"cafr" 0 -0.822839851025492 0 6.11519953235984 132.623821496964 834.660291671753 0 0 0 0 0 0 0 0 0 0 0 0
"eafr" 1.1544794542715 48.945602029562 626.639127731323 14123.9471435547 6453.86791229248 10881.5460205078 0 0 0 0 2892.93956756592 4272.28927612305 0 0 0 0 0 0
"safr" 0 0 4503.14140319824 2557.4746131897 3.32017871551216 -131.990939378738 0 0.0655789408483543 304.772406816483 113.277293741703 282.5787961483 0 0 0 0 0 0 0
"ivorycoast" 0 0 0 -5452.03542709351 -12111.1831665039 -23395.2102661133 0 0 0 0 0 0 0 0 0 0 0 0
"ghana" 0 0 0 158.815890550613 5494.54021453857 7972.61381149292 0 0 0 0 0 0 0 0 0 0 0 0
"nigeria" 0 0 0 -56.8995513021946 -2309.66472625732 -1754.82177734375 0 0 0 0 0 0 0 0 0 0 0 0
"mozambique" 0 0 -840.611696243286 -3120.26500701904 -1660.53485870361 0 0 0 0 0 0 0 0 0 0 0 0 0
