"argentina" 0 0 0 0 0 0 -6469.74039077759 -18123.607635498 -21446.7849731445 -22092.6780700684 0 -39644.6342468262 -36.254595965147 -511.857986450195 -844.722807407379 0 0 0
"bolivia" 0 0 643.909215927124 -2196.34175300598 -5813.0350112915 -10998.5208511353 0 0 -423.591703176498 -453.771442174911 -167.371213436127 -299.674153327942 0 0 0 0 0 0
"brasil" 0 0 0 1840.24524688721 -4816.73860549927 37497.444152832 0 0 0 0 0 4469.33174133301 0 0 0 0 0 0
"oceania" 0 0 0 6.15627598017454 -70.8191990852356 -987.635612487793 0 0 -1.54653855133802 -130.539894104004 -271.825730800629 -767.330646514893 0 0 0 0 0 0
"newzealand" 0 0 0 0 0 0 0 0 0 0 1136.86442375183 3446.11024856567 0 0 0 -62.262088060379 0 0
"china" 0 0 0 0 203.151226043701 354.173690080643 8.34678206592798 26.3697095215321 2257.76767730713 8296.57459259033 12230.2885055542 8123.98910522461 4.65968810021877 1.64830370340496 1876.25432014465 0 0 0
"japan" 0 0 0 0 0 0 0 0 -141.326874494553 -1937.40618228912 -1581.50863647461 -1192.28601455688 0 0 -29.5983199030161 0 0 0
"korea" 0 0 0 0 0 0 0 0 0 -68.286195397377 -119.755499064922 0 0 0 0 0 0 0
"indonesia" 0 0 0 17.3618607223034 36.2575501203537 2806.53524398804 0 0 0 0 0 0 0 0 0 0 0 0
"madagascar" 0 0 0 283.141821622849 162.239834666252 2323.06432723999 0 0 0 0 0 0 0 0 0 0 0 0
"eastasia" 0 0 0 0 0 11.093788780272 0 0 -996.144652366638 -12617.9065704346 -2697.1230506897 0 0 145.734310150146 120.575614273548 0 0 0
"seasia" 0 0 0 -6567.13056564331 -7926.9552230835 -8625.35858154297 0 0 0 0 2.41389498114586 -2138.2794380188 0 0 0 0 0 0
"malasya" 0 0 0 0 0 2550.52089691162 0 0 0 0 0 0 0 0 0 0 0 0
"myanmar" 0 0 0 -2083.04357528687 -4522.34363555908 -665.261745452881 0 0 0 0 -1041.51666164398 -911.670625209808 0 0 0 0 0 0
"southasia" 0 0 0 -2201.3852596283 -10636.9009017944 -643.079876899719 0 1.08181638643146 -2.39134905859828 -2458.94742012024 -126.823201775551 0 0 0 0 0 0 0
"india" 0 -421.910494565964 -8842.45872497559 -14298.3446121216 -2642.17042922974 -736.577153205872 0 -894.546866416931 -2851.22299194336 -450.377285480499 -232.191473245621 -1003.77702713013 0 0 0 0 0 0
"canada" 0 0 0 0 0 0 0 4480.53216934204 -312031.127929688 -99756.2255859375 -247.213214635849 0 0 -741.223335266113 -11245.6188201904 -3.49291390739381 0 0
"us" 0 0 0 0 0 0 2002.81119346619 17041.2902832031 5837.59355545044 -16491.6114807129 -7263.12494277954 1432.95180797577 -15.8333256840706 -57.3232844471931 -14.0952300280333 0 0 0
"mexico" 0 600.130081176758 2010.56861877441 758.392930030823 -726.706862449646 156.543180346489 87.249331176281 386.602878570557 1320.85061073303 238.617911934853 -93.1701213121414 -284.181594848633 0 0 0 0 0 0
"colombia" 0 0 0 3.9594997651875 24.592500180006 -2335.07585525513 0 0 0 0 0.804611598141491 -494.823575019836 0 0 0 0 0 0
"latinamer" 0 -77.8699740767479 209.399163722992 1008.71670246124 2595.29757499695 6443.56870651245 383.512139320374 584.359288215637 796.299993991852 1001.5709400177 735.013723373413 590.408444404602 0.0163304921443341 69.6179121732712 166.161328554153 -356.038242578506 121.197924017906 0
"paraguay" 0 0 0 0 0 -5760.02788543701 0 0 0 0 0 1223.26672077179 0 0 0 0 0 0
"peru" 19.3167086690664 88.5986983776093 58.8252134621143 27.6869293302298 236.604988574982 4387.03775405884 39.4319742918015 28.9514865726233 90.4186069965363 125.917315483093 942.674279212952 5344.08473968506 0 0 0 0 0 0
"uruguay" 0 0 0 0 0 0 0 0 0 0 0 1527.19402313232 0 0 0 0 0 0
"venezuela" 0 -0.13053348811809 0 -83.9917287230492 -373.438894748688 -868.96812915802 0 0 0 0 0 0 0 0 0 0 0 0
"eu27" 0 0 0 0 0 0 0 0 -6988.45434188843 -97305.4733276367 -21373.3882904053 -4181.76555633545 0 -19.5475723594427 -3563.91525268555 -108.609482645988 0 0
"uk" 0 0 0 0 0 0 0 0 0 225.978508591652 2018.61238479614 52.0506277680397 0 0 0 -0.498735171277076 0 0
"efta" 0 0 0 0 0 0 0 0 0 -802.106440067291 0 0 0 35.1008400321007 -254.581868648529 4.131019115448 0 0
"restofworld" 0 0 0 0 0 0 1588.46724033356 108.494512736797 -456.021308898926 -16946.7296600342 -530.294060707092 -133.989125490189 15.8251263201237 133.644074201584 -196.273356676102 6.51020696386695 0 0
"russia" 0 0 0 0 0 0 0 -305.92867732048 -22012.8860473633 -5894.83070373535 -330.843925476074 0 -1761.97290420532 -8650.07591247559 -44491.5161132812 0 0 0
"mena" 1158.82921218872 0 0 0 0 0 690.356194972992 4820.53089141846 3402.31394767761 -5946.94709777832 -759.498596191406 0 0 0 11.5198213607073 0 0 0
"angola" 0 0 214.155256748199 5010.11610031128 5179.54015731812 0 0 0 1.78819673601538 812.662959098816 0 0 0 0 0 0 0 0
"drc" 0 0 0 0 4647.47428894043 8260.92147827148 0 0 0 0 0 0 0 0 0 0 0 0
"nafr" -1.20720651466399 0 0 0 0 0 332.794725894928 262.384951114655 7.99422524869442 4.0760226547718 0 0 0 0 0 0 0 0
"wafr" 0 0 363.865315914154 1781.18205070496 1338.88006210327 -1090.15583992004 0 0 0 0 0 0 0 0 0 0 0 0
"cafr" 0 0.387098058126867 0 75.6717622280121 449.645429849625 1571.07663154602 0 0 0 0 0 0 0 0 0 0 0 0
"eafr" 0.620821956545115 31.8332649767399 155.383706092834 489.721417427063 -208.749249577522 -1866.57583713531 0 0 0 0 -540.441870689392 -931.643843650818 0 0 0 0 0 0
"safr" 0 0 4404.53958511353 2518.2900428772 2.79095070436597 -139.982253313065 0 0.0809592675068416 315.022677183151 178.056180477142 280.986815690994 0 0 0 0 0 0 0
"ivorycoast" 0 0 0 -4205.96218109131 -9258.2836151123 -18338.8919830322 0 0 0 0 0 0 0 0 0 0 0 0
"ghana" 0 0 0 131.310388445854 4416.25452041626 6450.26350021362 0 0 0 0 0 0 0 0 0 0 0 0
"nigeria" 0 0 0 -30.5267497897148 -1535.56680679321 -1193.03572177887 0 0 0 0 0 0 0 0 0 0 0 0
"mozambique" 0 0 -546.519577503204 -1836.72189712524 -900.532364845276 0 0 0 0 0 0 0 0 0 0 0 0 0
