"argentina" 0 0 0 0 0 0 268.591016530991 969.019770622253 631.854057312012 1032.75239467621 0 2185.17994880676 37.3549573123455 167.047441005707 118.220970034599 0 0 0
"bolivia" 0 0 520.010828971863 -1897.26078510284 -5045.85742950439 -9875.06103515625 0 0 -393.358528614044 -426.924556493759 -167.812570929527 -301.001667976379 0 0 0 0 0 0
"brasil" 0 0 0 -14361.6256713867 -119041.82434082 48654.3884277344 0 0 0 0 0 2800.93932151794 0 0 0 0 0 0
"oceania" 0 0 0 4.56481613218784 -86.599662899971 -1243.02494525909 0 0 -2.78539280407131 -162.585735321045 -334.078967571259 -944.02813911438 0 0 0 0 0 0
"newzealand" 0 0 0 0 0 0 0 0 0 0 926.43940448761 2788.2399559021 0 0 0 -108.712181448936 0 0
"china" 0 0 0 0 161.147773265839 295.258283615112 8.5268709808588 26.0832123458385 2085.69073677063 7591.84741973877 11161.114692688 7102.30827331543 -1.49236246943474 2.11651204153895 1781.94332122803 0 0 0
"japan" 0 0 0 0 0 0 0 0 -146.42246067524 -2006.00647926331 -1644.54483985901 -1239.74251747131 0 0 -30.2363857626915 0 0 0
"korea" 0 0 0 0 0 0 0 0 0 -83.7745442986488 -154.764637351036 0 0 0 0 0 0 0
"indonesia" 0 0 0 48.871248960495 26.2988973408937 -3627.58350372314 0 0 0 0 0 0 0 0 0 0 0 0
"madagascar" 0 0 0 -580.522060394287 -440.373420715332 -4815.96565246582 0 0 0 0 0 0 0 0 0 0 0 0
"eastasia" 0 0 0 0 0 15.2076855301857 0 0 -1068.24147701263 -13722.806930542 -2934.83972549438 0 0 166.09051823616 164.400100708008 0 0 0
"seasia" 0 0 0 -6659.86251831055 -8322.21794128418 -8280.07888793945 0 0 0 0 -11.3064488396049 -2116.06335639954 0 0 0 0 0 0
"malasya" 0 0 0 0 0 -192.461907863617 0 0 0 0 0 0 0 0 0 0 0 0
"myanmar" 0 0 0 -1925.5518913269 -3639.58024978638 -449.434757232666 0 0 0 0 -777.446508407593 -708.054482936859 0 0 0 0 0 0
"southasia" 0 0 0 -2249.82094764709 -10816.8687820435 -676.156282424927 0 0.997065799310803 -2.40830285474658 -2451.52544975281 -126.071020960808 0 0 0 0 0 0 0
"india" 0 -545.571088790894 -11036.1089706421 -17749.5288848877 -3343.74189376831 -934.215903282166 0 -1184.31329727173 -3350.10552406311 -532.762944698334 -308.526277542114 -1251.97398662567 0 0 0 0 0 0
"canada" 0 0 0 0 0 0 0 4371.36697769165 -336084.930419922 -106171.005249023 -262.627869844437 0 0 -803.315222263336 -12059.7915649414 -4.03004372492433 0 0
"us" 0 0 0 0 0 0 2026.97706222534 15545.0954437256 5448.73857498169 -18105.224609375 -8321.67339324951 1934.94009971619 -22.7570496499538 -123.845241963863 -15.5252330005169 0 0 0
"mexico" 0 530.338048934937 1524.70934391022 372.244238853455 -1004.73070144653 -67.2924965620041 80.2369490265846 331.198453903198 840.504229068756 -74.4907632470131 -184.089213609695 -298.027783632278 0 0 0 0 0 0
"colombia" 0 0 0 3.3649627584964 0.581119558773935 -3837.94522285461 0 0 0 0 0.553270685486495 -630.117416381836 0 0 0 0 0 0
"latinamer" 0 -80.5438235402107 198.699325323105 919.519007205963 2541.01753234863 6320.12367248535 359.855562448502 531.304776668549 736.262440681458 942.072749137878 685.113668441772 475.222706794739 -0.188539794180542 59.316098690033 125.049263238907 -417.998075485229 110.691666603088 0
"paraguay" 0 0 0 0 0 -9594.87915039062 0 0 0 0 0 1766.12901687622 0 0 0 0 0 0
"peru" 7.47432932257652 60.0299164652824 50.8807189762592 22.6445347070694 161.76363825798 3088.82904052734 -14.5873092114925 5.09601412340999 48.1200069189072 67.3555433750153 632.498562335968 4120.09572982788 0 0 0 0 0 0
"uruguay" 0 0 0 0 0 0 0 0 0 0 0 1247.10631370544 0 0 0 0 0 0
"venezuela" 0 -0.170742350746877 0 -103.734627366066 -452.772855758667 -1094.21896934509 0 0 0 0 0 0 0 0 0 0 0 0
"eu27" 0 0 0 0 0 0 0 0 -7029.96635437012 -93580.2993774414 -22330.774307251 -4312.80612945557 0 -76.1649757623672 -3368.14260482788 -120.433427393436 0 0
"uk" 0 0 0 0 0 0 0 0 0 153.949335217476 1664.84558582306 37.5512763857841 0 0 0 -2.07888870500028 0 0
"efta" 0 0 0 0 0 0 0 0 0 -539.091825485229 0 0 0 72.0807164907455 -158.500701189041 3.79948038607836 0 0
"restofworld" 0 0 0 0 0 0 1443.83430480957 101.674370467663 -162.833899259567 -12084.397315979 -361.770123243332 -94.4644659757614 12.7736162394285 118.132956326008 -127.079606056213 4.54302504658699 0 0
"russia" 0 0 0 0 0 0 0 -233.711332082748 -17502.3803710938 -4761.74354553223 -253.862857818604 0 -1464.82956409454 -7321.73776626587 -37729.7019958496 0 0 0
"mena" 1023.69856834412 0 0 0 0 0 617.322444915771 4272.52578735352 2965.90399742126 -5430.49049377441 -684.526205062866 0 0 0 10.2207772433758 0 0 0
"angola" 0 0 249.364137649536 5342.12493896484 5696.19846343994 0 0 0 4.95100999251008 782.600343227386 0 0 0 0 0 0 0 0
"drc" 0 0 0 0 5164.47162628174 9908.22601318359 0 0 0 0 0 0 0 0 0 0 0 0
"nafr" 0.157038419274613 0 0 0 0 0 288.984060287476 274.109601974487 10.3263109922409 5.1570157520473 0 0 0 0 0 0 0 0
"wafr" 0 0 391.672074794769 1745.59056758881 1351.7279624939 -1215.5247926712 0 0 0 0 0 0 0 0 0 0 0 0
"cafr" 0 -0.860703294165432 0 0.256656669080257 131.878182291985 795.26162147522 0 0 0 0 0 0 0 0 0 0 0 0
"eafr" 0.805387797299773 39.200633764267 190.184369683266 662.028133869171 -212.138876318932 -2062.18767166138 0 0 0 0 -594.038248062134 -1016.51203632355 0 0 0 0 0 0
"safr" 0 0 4022.45998382568 2252.85744667053 2.69298814237118 -133.252620697021 0 0.0604405649937689 275.283217430115 89.5507857203484 239.809915423393 0 0 0 0 0 0 0
"ivorycoast" 0 0 0 -5452.1951675415 -12111.6027832031 -23395.7405090332 0 0 0 0 0 0 0 0 0 0 0 0
"ghana" 0 0 0 156.919002532959 5468.24932098389 7971.62055969238 0 0 0 0 0 0 0 0 0 0 0 0
"nigeria" 0 0 0 -47.2428649663925 -2042.36578941345 -1556.32257461548 0 0 0 0 0 0 0 0 0 0 0 0
"mozambique" 0 0 -833.259642124176 -3053.6892414093 -1613.74640464783 0 0 0 0 0 0 0 0 0 0 0 0 0
