"argentina" 0 0 0 0 0 0 261.690318584442 949.005007743835 609.564006328583 1013.96083831787 0 2146.27194404602 37.1928513050079 165.984183549881 116.998642683029 0 0 0
"bolivia" 0 0 521.283030509949 -1904.29413318634 -5065.80686569214 -9912.34016418457 0 0 -394.81395483017 -428.318202495575 -168.499395251274 -302.199393510818 0 0 0 0 0 0
"brasil" 0 0 0 -14315.8092498779 -118729.98046875 48808.4449768066 0 0 0 0 0 2824.14221763611 0 0 0 0 0 0
"oceania" 0 0 0 4.4007170945406 -83.9058086276054 -1197.7733373642 0 0 -2.77716503478587 -159.910440444946 -325.752913951874 -918.818712234497 0 0 0 0 0 0
"newzealand" 0 0 0 0 0 0 0 0 0 0 913.951456546783 2750.5795955658 0 0 0 -106.660693883896 0 0
"china" 0 0 0 0 150.620698928833 292.556911706924 7.64056388288736 25.4063066095114 1931.94007873535 7638.2212638855 11426.441192627 6833.336353302 -2.65686446800828 2.03521922230721 1819.11528110504 0 0 0
"japan" 0 0 0 0 0 0 0 0 -143.491864204407 -1965.43204784393 -1611.99545860291 -1215.35503864288 0 0 -29.6038500964642 0 0 0
"korea" 0 0 0 0 0 0 0 0 0 -82.7792063355446 -152.835175395012 0 0 0 0 0 0 0
"indonesia" 0 0 0 50.3074079751968 28.1223505735397 -3623.40712547302 0 0 0 0 0 0 0 0 0 0 0 0
"madagascar" 0 0 0 287.304192781448 166.907146573067 2354.92253303528 0 0 0 0 0 0 0 0 0 0 0 0
"eastasia" 0 0 0 0 0 14.9079440161586 0 0 -1052.18040943146 -13491.3005828857 -2884.68647003174 0 0 162.909135222435 159.356445074081 0 0 0
"seasia" 0 0 0 -6499.24182891846 -8077.91900634766 -8091.27426147461 0 0 0 0 -10.0313872098923 -2063.94386291504 0 0 0 0 0 0
"malasya" 0 0 0 0 0 -210.26337146759 0 0 0 0 0 0 0 0 0 0 0 0
"myanmar" 0 0 0 -1886.68870925903 -3554.21304702759 -439.407795667648 0 0 0 0 -760.195374488831 -690.595269203186 0 0 0 0 0 0
"southasia" 0 0 0 -2233.96301269531 -10739.3026351929 -668.659687042236 0 0.988194718956947 -2.40827375091612 -2438.58289718628 -125.455945730209 0 0 0 0 0 0 0
"india" 0 -524.907112121582 -10625.7152557373 -17067.9168701172 -3203.37152481079 -894.519209861755 0 -1141.69573783875 -3230.70383071899 -513.513207435608 -295.6183552742 -1196.15566730499 0 0 0 0 0 0
"canada" 0 0 0 0 0 0 0 4092.21220016479 -331075.622558594 -104496.688842773 -258.581280708313 0 0 -791.394472122192 -11905.3287506104 -3.99660738185048 0 0
"us" 0 0 0 0 0 0 1981.62472248077 15092.1993255615 5382.97128677368 -17925.4684448242 -8227.19097137451 1787.56189346313 -22.8579733520746 -124.097131192684 -15.2652151882648 0 0 0
"mexico" 0 526.206254959106 1517.4765586853 375.946074724197 -989.280641078949 -62.0674341917038 78.7045806646347 326.489150524139 835.814416408539 -70.7765370607376 -180.933177471161 -294.839650392532 0 0 0 0 0 0
"colombia" 0 0 0 3.35038336925209 -0.0182248186320066 -3874.44663047791 0 0 0 0 0.545506714843214 -634.15265083313 0 0 0 0 0 0
"latinamer" 0 -79.5729607343674 198.300451040268 919.517874717712 2534.12294387817 6329.74672317505 358.201235532761 529.508590698242 733.684360980988 938.151359558105 684.014856815338 483.385920524597 -0.165893652592786 59.7478151321411 127.617716789246 -408.539295196533 110.606499016285 0
"paraguay" 0 0 0 0 0 -9589.4718170166 0 0 0 0 0 1768.23651790619 0 0 0 0 0 0
"peru" 7.38415960222483 59.8791837692261 50.8068427443504 22.6670540869236 161.589771509171 3089.92290496826 -15.0942308828235 4.77581331506371 47.8764586150646 66.987045109272 631.648421287537 4122.50852584839 0 0 0 0 0 0
"uruguay" 0 0 0 0 0 0 0 0 0 0 0 1248.31008911133 0 0 0 0 0 0
"venezuela" 0 -0.174022148712538 0 -104.45162653923 -456.66179060936 -1104.58195209503 0 0 0 0 0 0 0 0 0 0 0 0
"eu27" 0 0 0 0 0 0 0 0 -6980.17024993896 -92971.2753295898 -22154.052734375 -4279.94441986084 0 -73.0447694659233 -3347.17583656311 -119.36254799366 0 0
"uk" 0 0 0 0 0 0 0 0 0 154.57022190094 1656.39638900757 37.5949814915657 0 0 0 -1.98175478726625 0 0
"efta" 0 0 0 0 0 0 0 0 0 -535.433113574982 0 0 0 71.6783851385117 -157.378077507019 3.77503409981728 0 0
"restofworld" 0 0 0 0 0 0 1433.09593200684 100.944943726063 -152.907356619835 -11893.3248519897 -352.90065407753 -92.9022133350372 12.6905320212245 117.5217628479 -124.480754137039 4.5491592027247 0 0
"russia" 0 0 0 0 0 0 0 -234.062790870667 -17557.7201843262 -4797.31273651123 -253.836303949356 0 -1459.7669839859 -7290.06719589233 -37545.4406738281 0 0 0
"mena" 1017.52829551697 0 0 0 0 0 612.701654434204 4241.71161651611 2965.35205841064 -5371.52051925659 -677.564084529877 0 0 0 10.1805478334427 0 0 0
"angola" 0 0 245.841771364212 5263.22841644287 5612.18023300171 0 0 0 4.90847742184997 770.839333534241 0 0 0 0 0 0 0 0
"drc" 0 0 0 0 5167.65403747559 9915.7018661499 0 0 0 0 0 0 0 0 0 0 0 0
"nafr" 0.236534673604183 0 0 0 0 0 289.609640836716 275.27916431427 10.4625886306167 5.20969647914171 0 0 0 0 0 0 0 0
"wafr" 0 0 365.322291851044 1608.01780223846 1259.25064086914 -1205.06203174591 0 0 0 0 0 0 0 0 0 0 0 0
"cafr" 0 -0.887645001057535 0 -2.71382415667176 110.096491873264 733.166694641113 0 0 0 0 0 0 0 0 0 0 0 0
"eafr" 0.799208472017199 38.9054715633392 189.234480261803 676.620900630951 -200.851455330849 -2025.65765380859 0 0 0 0 -583.823919296265 -1000.58650970459 0 0 0 0 0 0
"safr" 0 0 3932.93881416321 2227.42795944214 2.69437860697508 -130.449309945107 0 0.0599323211645242 271.096259355545 89.765764772892 239.37301337719 0 0 0 0 0 0 0
"ivorycoast" 0 0 0 -5053.2021522522 -11243.5150146484 -21916.0709381104 0 0 0 0 0 0 0 0 0 0 0 0
"ghana" 0 0 0 129.774183034897 4474.24077987671 6612.88833618164 0 0 0 0 0 0 0 0 0 0 0 0
"nigeria" 0 0 0 -46.8996800482273 -2033.47611427307 -1550.09531974792 0 0 0 0 0 0 0 0 0 0 0 0
"mozambique" 0 0 -843.244194984436 -3075.43540000916 -1620.31257152557 0 0 0 0 0 0 0 0 0 0 0 0 0
