"argentina" 0 0 0 0 0 0 -6201.416015625 -17280.6777954102 -20566.291809082 -21166.9368743896 0 -37919.7158813477 -20.3409213572741 -430.884420871735 -774.404466152191 0 0 0
"bolivia" 0 0 592.796862125397 -2091.96853637695 -5559.40055847168 -10664.8626327515 0 0 -418.406128883362 -446.925401687622 -170.454233884811 -304.037570953369 0 0 0 0 0 0
"brasil" 0 0 0 -10256.1206817627 -99590.2557373047 68386.7492675781 0 0 0 0 0 5474.196434021 0 0 0 0 0 0
"oceania" 0 0 0 13.2360775023699 -86.1488580703735 -1334.70916748047 0 0 0.687301275320351 -112.506315112114 -287.123143672943 -830.772221088409 0 0 0 0 0 0
"newzealand" 0 0 0 0 0 0 0 0 0 0 1573.56262207031 4793.39504241943 0 0 0 -18.0880706757307 0 0
"china" 0 0 0 0 286.476254463196 405.502617359161 13.1755135953426 38.1517335772514 3707.51094818115 9426.69773101807 12466.4258956909 10869.5774078369 12.3275341466069 3.11740627512336 2026.80802345276 0 0 0
"japan" 0 0 0 0 0 0 0 0 -153.802663087845 -2104.42447662354 -1730.03113269806 -1304.55636978149 0 0 -31.3312746584415 0 0 0
"korea" 0 0 0 0 0 0 0 0 0 -64.1602352261543 -111.218586564064 0 0 0 0 0 0 0
"indonesia" 0 0 0 94.0322279930115 74.4392424821854 -2795.17769813538 0 0 0 0 0 0 0 0 0 0 0 0
"madagascar" 0 0 0 320.01143693924 182.009890675545 2637.88199424744 0 0 0 0 0 0 0 0 0 0 0 0
"eastasia" 0 0 0 0 0 20.2369913458824 0 0 -1150.07925033569 -14920.3624725342 -3185.09411811829 0 0 189.168378710747 211.507841944695 0 0 0
"seasia" 0 0 0 -7427.42538452148 -8797.27172851562 -9612.25891113281 0 0 0 0 4.84708230942488 -2387.57514953613 0 0 0 0 0 0
"malasya" 0 0 0 0 0 1268.60463619232 0 0 0 0 0 0 0 0 0 0 0 0
"myanmar" 0 0 0 -2610.80884933472 -5571.95806503296 -813.592493534088 0 0 0 0 -1276.08561515808 -1122.56467342377 0 0 0 0 0 0
"southasia" 0 0 0 -2384.06777381897 -11510.7593536377 -694.600820541382 0 1.19185284711421 -2.56960745900869 -2676.70392990112 -137.41235435009 0 0 0 0 0 0 0
"india" 0 -524.200856685638 -10850.7051467896 -17432.2566986084 -3258.63003730774 -911.449432373047 0 -1131.92677497864 -3432.0240020752 -540.269911289215 -289.866328239441 -1239.32862281799 0 0 0 0 0 0
"canada" 0 0 0 0 0 0 0 4507.10964202881 -404843.109130859 -129139.495849609 -315.951973199844 0 0 -966.537356376648 -14606.1725616455 -4.96576214209199 0 0
"us" 0 0 0 0 0 0 2582.11612701416 19537.5213623047 7252.0751953125 -23748.3062744141 -8922.56164550781 3178.74789237976 -23.2954360544682 -96.018061041832 -17.1780996024609 0 0 0
"mexico" 0 680.966854095459 2269.06728744507 781.860709190369 -1004.43053245544 57.9314082860947 101.030945777893 435.85130572319 1551.71012878418 234.978348016739 -128.543734550476 -344.305902719498 0 0 0 0 0 0
"colombia" 0 0 0 4.1909497231245 36.0139831900597 -1566.67137145996 0 0 0 0 0.939188059419394 -411.258429288864 0 0 0 0 0 0
"latinamer" 0 -89.2601683735847 278.174519538879 1367.2297000885 3433.46524238586 9083.75835418701 489.489108324051 755.10847568512 1031.26645088196 1288.58351707458 979.571223258972 949.637055397034 0.417107716202736 102.448642253876 271.724343299866 -316.461086273193 163.561150431633 0
"paraguay" 0 0 0 0 0 -8665.60745239258 0 0 0 0 0 1339.19656276703 0 0 0 0 0 0
"peru" 17.6983699202538 74.0903317928314 53.7450984120369 22.3975479602814 185.444116592407 3313.17138671875 39.2073132097721 29.7934338450432 77.0957171916962 104.919165372849 779.662787914276 4289.9055480957 0 0 0 0 0 0
"uruguay" 0 0 0 0 0 0 0 0 0 0 0 2987.5431060791 0 0 0 0 0 0
"venezuela" 0 -0.0970662804320455 0 -70.6240609288216 -330.400198698044 -739.565491676331 0 0 0 0 0 0 0 0 0 0 0 0
"eu27" 0 0 0 0 0 0 0 0 -7239.60590362549 -102717.559814453 -21824.9702453613 -4300.93479156494 0 -68.4400796890259 -3762.72487640381 -110.6286495924 0 0
"uk" 0 0 0 0 0 0 0 0 0 270.928978919983 2254.51922416687 61.3804012537003 0 0 0 0.408968946430832 0 0
"efta" 0 0 0 0 0 0 0 0 0 -847.549438476562 0 0 0 39.974756538868 -267.607271671295 4.40091220661998 0 0
"restofworld" 0 0 0 0 0 0 1793.00737380981 121.949434280396 -597.599387168884 -20362.398147583 -667.89698600769 -162.001848220825 17.7005026489496 147.367089986801 -242.559552192688 7.14785978198051 0 0
"russia" 0 0 0 0 0 0 0 -351.455241441727 -25572.826385498 -6956.49528503418 -389.271318912506 0 -2099.23815727234 -10313.8246536255 -53056.396484375 0 0 0
"mena" 1427.59025096893 0 0 0 0 0 822.94774055481 5771.66175842285 4830.40809631348 -6375.26750564575 -827.320337295532 0 0 0 15.0245744735003 0 0 0
"angola" 0 0 299.464464187622 7059.40008163452 7318.04943084717 0 0 0 1.88870215788484 1139.09006118774 0 0 0 0 0 0 0 0
"drc" 0 0 0 0 5788.9199256897 10388.4429931641 0 0 0 0 0 0 0 0 0 0 0 0
"nafr" -1.11933972220868 0 0 0 0 0 390.302747488022 308.794140815735 9.59395989775658 4.89056902006269 0 0 0 0 0 0 0 0
"wafr" 0 0 434.264689683914 1880.50258159637 1413.28394412994 -1449.03492927551 0 0 0 0 0 0 0 0 0 0 0 0
"cafr" 0 -0.203327173949219 0 55.1297068595886 508.941113948822 1892.89093017578 0 0 0 0 0 0 0 0 0 0 0 0
"eafr" 0.905881635844707 43.8260175287724 214.276984333992 792.556405067444 -207.027286291122 -2195.04833221436 0 0 0 0 -636.780381202698 -1078.3189535141 0 0 0 0 0 0
"safr" 0 0 5163.79642486572 3102.83136367798 3.96823417395353 -151.721715927124 0 0.0988592801149935 377.201914787292 229.493528604507 370.416283607483 0 0 0 0 0 0 0
"ivorycoast" 0 0 0 -5021.62885665894 -11179.3422698975 -21754.6691894531 0 0 0 0 0 0 0 0 0 0 0 0
"ghana" 0 0 0 134.086683392525 4511.01207733154 6546.30374908447 0 0 0 0 0 0 0 0 0 0 0 0
"nigeria" 0 0 0 -51.0726198554039 -2136.7244720459 -1623.37493896484 0 0 0 0 0 0 0 0 0 0 0 0
"mozambique" 0 0 -881.681025028229 -3313.7686252594 -1782.79507160187 0 0 0 0 0 0 0 0 0 0 0 0 0
