"argentina" 0 0 0 0 0 0 9.39859822392464 113.927379250526 -216.455966234207 214.38005566597 0 617.780566215515 16.4057016372681 65.0788694620132 36.0056683421135 0 0 0
"bolivia" 0 0 529.736220836639 -1819.3267583847 -4806.93960189819 -9509.51766967773 0 0 -384.667873382568 -417.35166311264 -160.944014787674 -288.59555721283 0 0 0 0 0 0
"brasil" 0 0 0 -14405.1465988159 -118876.63269043 47964.8361206055 0 0 0 0 0 2741.35684967041 0 0 0 0 0 0
"oceania" 0 0 0 4.21771360561252 -83.9951112866402 -1196.00021839142 0 0 -2.8562773950398 -161.38830780983 -327.253967523575 -922.481954097748 0 0 0 0 0 0
"newzealand" 0 0 0 0 0 0 0 0 0 0 908.049821853638 2732.23066329956 0 0 0 -107.663571834564 0 0
"china" 0 0 0 0 151.987433433533 294.07075047493 7.68737588077784 25.5017075687647 1945.16563415527 7662.36877441406 11454.0910720825 6873.84748458862 -2.53937370143831 2.03847931697965 1822.92509078979 0 0 0
"japan" 0 0 0 0 0 0 0 0 -143.539935350418 -1966.34089946747 -1611.75608634949 -1215.19422531128 0 0 -29.6674836426973 0 0 0
"korea" 0 0 0 0 0 0 0 0 0 -82.5676992535591 -152.338370680809 0 0 0 0 0 0 0
"indonesia" 0 0 0 49.6606826782227 29.1900057345629 -3350.82125663757 0 0 0 0 0 0 0 0 0 0 0 0
"madagascar" 0 0 0 288.232535123825 167.297273874283 2362.63346672058 0 0 0 0 0 0 0 0 0 0 0 0
"eastasia" 0 0 0 0 0 12.7753093838692 0 0 -1041.19098186493 -13261.1408233643 -2835.6761932373 0 0 155.829802155495 138.964027166367 0 0 0
"seasia" 0 0 0 -6480.94844818115 -8083.70399475098 -8070.08743286133 0 0 0 0 -10.5779953300953 -2060.11819839478 0 0 0 0 0 0
"malasya" 0 0 0 0 0 -19.8917090892792 0 0 0 0 0 0 0 0 0 0 0 0
"myanmar" 0 0 0 -1885.65695285797 -3555.45330047607 -440.061181783676 0 0 0 0 -760.817646980286 -690.995573997498 0 0 0 0 0 0
"southasia" 0 0 0 -2230.95631599426 -10728.4564971924 -667.008221149445 0 0.992311630398035 -2.40283343009651 -2437.15476989746 -125.396922230721 0 0 0 0 0 0 0
"india" 0 -518.732726573944 -10515.8033370972 -16909.7137451172 -3174.91984367371 -886.502265930176 0 -1121.96409702301 -3206.05802536011 -510.004937648773 -292.175084352493 -1188.15517425537 0 0 0 0 0 0
"canada" 0 0 0 0 0 0 0 4105.20172119141 -332159.332275391 -104789.024353027 -259.270370006561 0 0 -793.909013271332 -11941.6809082031 -4.01694839820266 0 0
"us" 0 0 0 0 0 0 1970.5251455307 15067.3360824585 5355.78155517578 -17841.1083221436 -8249.36389923096 1687.75987625122 -22.9449607431889 -124.788649380207 -15.2854360640049 0 0 0
"mexico" 0 526.26633644104 1517.25840568542 376.268744468689 -988.402009010315 -61.8265494704247 78.6667838692665 326.36347413063 836.418032646179 -70.4797133803368 -180.801078677177 -294.738590717316 0 0 0 0 0 0
"colombia" 0 0 0 3.32763511687517 -0.78037369530648 -3915.74501991272 0 0 0 0 0.535215076524764 -638.473510742188 0 0 0 0 0 0
"latinamer" 0 -80.9311196208 166.211903095245 746.668577194214 2174.93510246277 5014.70851898193 314.631372690201 454.312264919281 630.419313907623 822.052359580994 578.552901744843 254.233151674271 -0.545268761925399 39.3671542406082 54.1017614305019 -495.743960142136 89.1769528388977 0
"paraguay" 0 0 0 0 0 -6910.76707839966 0 0 0 0 0 559.687256813049 0 0 0 0 0 0
"peru" 6.93994341418147 58.8477738201618 50.4830554127693 22.6633530110121 159.698620438576 3076.57384872437 -17.2158870846033 3.59207415021956 46.5947538614273 65.0487393140793 624.800801277161 4113.72709274292 0 0 0 0 0 0
"uruguay" 0 0 0 0 0 0 0 0 0 0 0 1254.57978248596 0 0 0 0 0 0
"venezuela" 0 -0.172126921825111 0 -105.426505208015 -465.769171714783 -1115.86236953735 0 0 0 0 0 0 0 0 0 0 0 0
"eu27" 0 0 0 0 0 0 0 0 -6997.60055541992 -93189.4683837891 -22218.6489105225 -4292.55294799805 0 -74.8842805624008 -3354.41040992737 -119.775742292404 0 0
"uk" 0 0 0 0 0 0 0 0 0 155.845806002617 1661.00347042084 37.8423184156418 0 0 0 -1.93534512072802 0 0
"efta" 0 0 0 0 0 0 0 0 0 -550.015509128571 0 0 0 67.7333921194077 -163.331583142281 3.75685188919306 0 0
"restofworld" 0 0 0 0 0 0 1416.57698154449 99.5599702000618 -181.323647499084 -12092.643737793 -369.829207658768 -94.6848690509796 12.5001687556505 115.195378661156 -128.644779324532 4.43278159946203 0 0
"russia" 0 0 0 0 0 0 0 -251.038432121277 -19091.7797088623 -5316.24412536621 -269.730687141418 0 -1515.50507545471 -7520.75481414795 -38563.7283325195 0 0 0
"mena" 1012.03060150146 0 0 0 0 0 611.205995082855 4229.58850860596 2908.17332267761 -5401.17597579956 -680.640935897827 0 0 0 10.0668575614691 0 0 0
"angola" 0 0 244.373738765717 5230.67045211792 5577.15797424316 0 0 0 4.89470548927784 766.214370727539 0 0 0 0 0 0 0 0
"drc" 0 0 0 0 5179.85439300537 9928.55453491211 0 0 0 0 0 0 0 0 0 0 0 0
"nafr" 0.195620581507683 0 0 0 0 0 288.592725992203 273.662060499191 10.3559298440814 5.1626586355269 0 0 0 0 0 0 0 0
"wafr" 0 0 366.563498973846 1618.01302433014 1265.53928852081 -1201.20775699615 0 0 0 0 0 0 0 0 0 0 0 0
"cafr" 0 -0.897334422916174 0 -3.91135597601533 102.686703205109 710.187077522278 0 0 0 0 0 0 0 0 0 0 0 0
"eafr" 0.79549482325092 38.740947842598 188.170179724693 663.785219192505 -205.292016267776 -2027.78315544128 0 0 0 0 -584.482550621033 -1000.98085403442 0 0 0 0 0 0
"safr" 0 0 3919.10076141357 2217.37694740295 2.67215957865119 -130.49453496933 0 0.0597249891143292 270.335674285889 89.277520775795 238.416075706482 0 0 0 0 0 0 0
"ivorycoast" 0 0 0 -5052.41107940674 -11242.0568466187 -21910.4290008545 0 0 0 0 0 0 0 0 0 0 0 0
"ghana" 0 0 0 129.838794469833 4475.21209716797 6613.04473876953 0 0 0 0 0 0 0 0 0 0 0 0
"nigeria" 0 0 0 -47.0008887350559 -2033.14995765686 -1549.5513677597 0 0 0 0 0 0 0 0 0 0 0 0
"mozambique" 0 0 -839.753031730652 -3062.9563331604 -1613.63732814789 0 0 0 0 0 0 0 0 0 0 0 0 0
