"argentina" 0 0 0 0 0 0 873.031973838806 2420.0074672699 2389.55402374268 2761.86227798462 0 5105.67426681519 6.52184197679162 70.2446848154068 111.337423324585 0 0 0
"bolivia" 0 0 211.434811353683 -724.169254302979 -1901.11243724823 -3444.67401504517 0 0 -122.170880436897 -138.381794095039 -48.1714867055416 -89.4691944122314 0 0 0 0 0 0
"brasil" 0 0 0 1527.14705467224 23838.4780883789 -475.028693675995 0 0 0 0 0 548.304975032806 0 0 0 0 0 0
"oceania" 0 0 0 29.1902162134647 285.228490829468 2679.22949790955 0 0 25.7977098226547 823.75305891037 1436.24973297119 4017.95816421509 0 0 0 0 0 0
"newzealand" 0 0 0 0 0 0 0 0 0 0 -658.241987228394 -1756.17742538452 0 0 0 594.73592042923 0 0
"china" 0 0 0 0 8.78472067415714 -236.940622329712 10.4602416977286 2.2686580196023 1639.71030712128 -5815.48833847046 -12579.4792175293 -2043.15495491028 26.439368724823 1.98311684653163 -1698.23050498962 0 0 0
"japan" 0 0 0 0 0 0 0 0 -376.268029212952 -5173.24876785278 -4413.77639770508 -3312.72625923157 0 0 -71.8265771865845 0 0 0
"korea" 0 0 0 0 0 0 0 0 0 -189.229100942612 -334.294378757477 0 0 0 0 0 0 0
"indonesia" 0 0 0 167.083665728569 221.352130174637 1087.55707740784 0 0 0 0 0 0 0 0 0 0 0 0
"madagascar" 0 0 0 -251.639395952225 -165.658727288246 -1890.11347293854 0 0 0 0 0 0 0 0 0 0 0 0
"eastasia" 0 0 0 0 0 -19.5318423211575 0 0 -3031.04782104492 -34062.9730224609 -7192.42191314697 0 0 252.230107784271 -313.14754486084 0 0 0
"seasia" 0 0 0 13478.9638519287 20863.5406494141 18619.0891265869 0 0 0 0 92.8942412137985 4649.35779571533 0 0 0 0 0 0
"malasya" 0 0 0 0 0 -1367.5799369812 0 0 0 0 0 0 0 0 0 0 0 0
"myanmar" 0 0 0 6744.01235580444 11447.8387832642 1411.27693653107 0 0 0 0 2389.80436325073 2219.51842308044 0 0 0 0 0 0
"southasia" 0 0 0 3385.94102859497 16133.8329315186 1096.79138660431 0 -0.676255382131785 3.92655096948147 3354.69317436218 177.834153175354 0 0 0 0 0 0 0
"india" 0 -1346.9398021698 -25412.4126434326 -41224.8229980469 -7371.81663513184 -1967.41223335266 0 -2248.50225448608 -6926.926612854 -1229.79807853699 -761.538207530975 -2619.6620464325 0 0 0 0 0 0
"canada" 0 0 0 0 0 0 0 -5303.87115478516 818068.237304688 251478.210449219 592.246651649475 0 0 1823.56297969818 27953.5846710205 9.66417044401169 0 0
"us" 0 0 0 0 0 0 -5108.14952850342 -22499.584197998 -9140.061378479 56208.8890075684 30646.4424133301 3452.1803855896 119.380488991737 843.423843383789 45.8139628171921 0 0 0
"mexico" 0 -872.384667396545 -2126.0142326355 -459.17409658432 1554.37064170837 267.772495746613 -197.404637932777 -656.74889087677 -1231.40037059784 41.4962060749531 275.612145662308 428.008615970612 0 0 0 0 0 0
"colombia" 0 0 0 1.3202428817749 -42.5615385174751 -5134.39130783081 0 0 0 0 -0.150339968968183 -714.848756790161 0 0 0 0 0 0
"latinamer" 0 208.686277270317 -92.5717279314995 226.349547505379 -678.59673500061 6754.82749938965 -451.67487859726 -557.95431137085 -729.288816452026 -940.24395942688 18.0920884013176 2056.3051700592 4.22827061265707 57.7602460980415 448.738932609558 1970.71504592896 -50.7861338555813 0
"paraguay" 0 0 0 0 0 -902.745723724365 0 0 0 0 0 466.219902038574 0 0 0 0 0 0
"peru" 4.30416921153665 53.3157475292683 40.3672605752945 24.4052372872829 160.246819257736 3327.78978347778 -36.5151464939117 -18.0368181318045 39.3369235098362 50.9413927793503 622.809171676636 4392.85802841187 0 0 0 0 0 0
"uruguay" 0 0 0 0 0 0 0 0 0 0 0 2907.44543075562 0 0 0 0 0 0
"venezuela" 0 -0.248550612013787 0 -103.522188961506 -490.938544273376 -1219.97094154358 0 0 0 0 0 0 0 0 0 0 0 0
"eu27" 0 0 0 0 0 0 0 0 -233.628362417221 -13784.0385437012 3038.02490234375 309.827744960785 0 129.023358225822 -547.473728656769 14.6489189937711 0 0
"uk" 0 0 0 0 0 0 0 0 0 -1891.08538627625 -225.600376725197 -317.099571228027 0 0 0 -122.260510921478 0 0
"efta" 0 0 0 0 0 0 0 0 0 -1794.36135292053 0 0 0 -398.193925619125 -706.964313983917 -0.424407335231081 0 0
"restofworld" 0 0 0 0 0 0 773.945033550262 12.9011329263449 -4200.88291168213 -55306.3735961914 -3184.4003200531 -467.550694942474 -0.62627880834043 -72.5289508700371 -885.166645050049 -7.96229299157858 0 0
"russia" 0 0 0 0 0 0 0 1190.80460071564 97311.9506835938 30852.481842041 1203.50360870361 0 5092.03004837036 22976.1695861816 112190.933227539 0 0 0
"mena" 1774.21307563782 0 0 0 0 0 1199.78547096252 8017.63534545898 1411.17548942566 -14042.7742004395 -1689.71347808838 0 0 0 11.3340858370066 0 0 0
"angola" 0 0 -152.787357568741 -3201.94578170776 -3265.37132263184 0 0 0 -4.65296534821391 -523.90468120575 0 0 0 0 0 0 0 0
"drc" 0 0 0 0 7.02797994017601 2399.91664886475 0 0 0 0 0 0 0 0 0 0 0 0
"nafr" -7.83029478043318 0 0 0 0 0 481.94944858551 402.578145265579 4.46593435481191 4.146465100348 0 0 0 0 0 0 0 0
"wafr" 0 0 621.948897838593 6917.38700866699 4263.83256912231 4131.13832473755 0 0 0 0 0 0 0 0 0 0 0 0
"cafr" 0 2.96604866161942 0 111.391022801399 1419.03412342072 3275.07257461548 0 0 0 0 0 0 0 0 0 0 0 0
"eafr" 1.01964082568884 47.637764364481 153.65543961525 -1779.98661994934 -1616.68467521667 -4877.6159286499 0 0 0 0 -1358.81626605988 -2092.94414520264 0 0 0 0 0 0
"safr" 0 0 7063.80891799927 3752.35867500305 3.66293336264789 -310.882568359375 0 0.0985058723017573 470.141291618347 43.8945107161999 349.368929862976 0 0 0 0 0 0 0
"ivorycoast" 0 0 0 -2042.45233535767 -4581.3136100769 -9157.7844619751 0 0 0 0 0 0 0 0 0 0 0 0
"ghana" 0 0 0 59.8374754190445 2125.16331672668 3374.67885017395 0 0 0 0 0 0 0 0 0 0 0 0
"nigeria" 0 0 0 73.1723606586456 3208.65750312805 2492.73276329041 0 0 0 0 0 0 0 0 0 0 0 0
"mozambique" 0 0 3396.60739898682 11894.3767547607 6077.1312713623 0 0 0 0 0 0 0 0 0 0 0 0 0
