"argentina" 0 0 0 0 0 0 -203.63737642765 -289.923459291458 -652.742743492126 -454.868048429489 0 -601.626694202423 40.9990325570107 159.181386232376 76.0073438286781 0 0 0
"bolivia" 0 0 655.042052268982 -2206.57730102539 -5847.72109985352 -11402.7690887451 0 0 -456.591844558716 -487.610042095184 -188.29146027565 -337.899446487427 0 0 0 0 0 0
"brasil" 0 0 0 -14020.4048156738 -116584.953308105 42872.8637695312 0 0 0 0 0 2063.63534927368 0 0 0 0 0 0
"oceania" 0 0 0 13.6983394622803 -17.2314029186964 -450.721353292465 0 0 4.44939313456416 50.5484640598297 11.2356888130307 -4.55241184681654 0 0 0 0 0 0
"newzealand" 0 0 0 0 0 0 0 0 0 0 867.959916591644 2664.43133354187 0 0 0 48.1104552745819 0 0
"china" 0 0 0 0 203.730344772339 139.280170202255 9.24358796328306 19.7198800742626 2856.92739486694 1992.5525188446 91.8246507644653 5925.83036422729 24.7142687439919 2.02810345217586 133.760958909988 0 0 0
"japan" 0 0 0 0 0 0 0 0 -41.4807386696339 -561.633348464966 -472.405672073364 -356.820344924927 0 0 -7.66772963106632 0 0 0
"korea" 0 0 0 0 0 0 0 0 0 -0.0609286180406343 1.13573996350169 0 0 0 0 0 0 0
"indonesia" 0 0 0 -6.15937821567059 11.4111388102174 2170.55177688599 0 0 0 0 0 0 0 0 0 0 0 0
"madagascar" 0 0 0 180.629819631577 106.651797890663 1570.68407535553 0 0 0 0 0 0 0 0 0 0 0 0
"eastasia" 0 0 0 0 0 15.5551619827747 0 0 -356.449067592621 -4834.33294296265 -1014.39476013184 0 0 79.0001004934311 134.161204099655 0 0 0
"seasia" 0 0 0 -2516.92986488342 -2778.95832061768 -3151.36814117432 0 0 0 0 4.5021241530776 -783.609211444855 0 0 0 0 0 0
"malasya" 0 0 0 0 0 2009.25612449646 0 0 0 0 0 0 0 0 0 0 0 0
"myanmar" 0 0 0 -902.282178401947 -1727.61392593384 -230.71762919426 0 0 0 0 -378.414273262024 -340.672194957733 0 0 0 0 0 0
"southasia" 0 0 0 -930.754780769348 -4460.18171310425 -287.392526865005 0 0.431745720561594 -1.15276034921408 -1051.58138275146 -54.905578494072 0 0 0 0 0 0 0
"india" 0 -291.69100522995 -5626.55830383301 -8707.54718780518 -1603.35552692413 -440.937757492065 0 -565.83160161972 -1594.57123279572 -262.135684490204 -155.869454145432 -586.513578891754 0 0 0 0 0 0
"canada" 0 0 0 0 0 0 0 2779.80732917786 -205416.076660156 -65035.9039306641 -152.113065123558 0 0 -472.333550453186 -6892.51852035522 -2.4836256634444 0 0
"us" 0 0 0 0 0 0 1517.86839962006 10149.5447158813 3488.67058753967 -10458.4493637085 -3277.91476249695 3942.2664642334 -5.85904531180859 -11.9846584275365 -6.83565810322762 0 0 0
"mexico" 0 323.184788227081 1024.54280853271 405.520588159561 -372.078388929367 90.5986726284027 52.330955862999 219.219863414764 653.708457946777 96.8824997544289 -59.8824545741081 -152.602165937424 0 0 0 0 0 0
"colombia" 0 0 0 2.87515902891755 -21.6290969401598 -5267.20952987671 0 0 0 0 0.276591686997563 -791.726887226105 0 0 0 0 0 0
"latinamer" 0 -38.9558300375938 170.360073447227 853.369474411011 2097.62191772461 6175.90141296387 275.139808654785 430.646181106567 594.452738761902 735.06486415863 594.78235244751 747.839152812958 0.69343822542578 73.2261016964912 219.693556427956 -25.1917354762554 102.057814598083 0
"paraguay" 0 0 0 0 0 -9483.0904006958 0 0 0 0 0 1886.87121868134 0 0 0 0 0 0
"peru" 5.58825163170695 61.8375241756439 49.5492033660412 25.7548280060291 181.072637438774 3659.47270393372 -28.7158321589231 -5.62747102230787 47.3657175898552 66.359743475914 685.123801231384 4692.50726699829 0 0 0 0 0 0
"uruguay" 0 0 0 0 0 0 0 0 0 0 0 1870.21899223328 0 0 0 0 0 0
"venezuela" 0 -0.250120152486488 0 -144.028902053833 -632.928788661957 -1533.33175182343 0 0 0 0 0 0 0 0 0 0 0 0
"eu27" 0 0 0 0 0 0 0 0 -3515.14959335327 -50675.6591796875 -9952.00061798096 -2015.67339897156 0 67.9385960102081 -1863.73233795166 -48.843689262867 0 0
"uk" 0 0 0 0 0 0 0 0 0 151.692911982536 1136.68775558472 33.2829914987087 0 0 0 1.59641169011593 0 0
"efta" 0 0 0 0 0 0 0 0 0 -395.507216453552 0 0 0 32.8671187162399 -121.167726814747 2.37789005041122 0 0
"restofworld" 0 0 0 0 0 0 843.410968780518 61.6474375128746 48.1004901230335 -6056.0884475708 -125.564828515053 -46.6971844434738 7.7454587444663 73.3813121914864 -56.8870902061462 3.21800331585109 0 0
"russia" 0 0 0 0 0 0 0 -58.4595538675785 -4136.49845123291 -1117.19524860382 -90.9340381622314 0 -679.918348789215 -3546.35620117188 -18857.5172424316 0 0 0
"mena" 577.790021896362 0 0 0 0 0 333.894491195679 2369.6460723877 2228.39951515198 -2523.66733551025 -329.709410667419 0 0 0 6.53049722313881 0 0 0
"angola" 0 0 225.09041428566 4617.6929473877 4924.98588562012 0 0 0 6.20899396017194 668.02453994751 0 0 0 0 0 0 0 0
"drc" 0 0 0 0 4893.20993423462 9711.00902557373 0 0 0 0 0 0 0 0 0 0 0 0
"nafr" 0.0572322678635828 0 0 0 0 0 155.724257230759 139.432042837143 5.25853130966425 2.58875684812665 0 0 0 0 0 0 0 0
"wafr" 0 0 426.038593053818 2087.05186843872 1407.4410200119 -523.226857185364 0 0 0 0 0 0 0 0 0 0 0 0
"cafr" 0 0.67068834323436 0 94.5974141359329 637.231528759003 1946.93803787231 0 0 0 0 0 0 0 0 0 0 0 0
"eafr" 0.51017920486629 23.8246954977512 117.079541087151 480.489283800125 -75.2656310796738 -1032.63139724731 0 0 0 0 -302.342474460602 -511.353611946106 0 0 0 0 0 0
"safr" 0 0 2351.11951828003 1505.73766231537 2.54470575600863 -44.0323874354362 0 0.0425451071350835 170.548230409622 111.990734934807 200.131803750992 0 0 0 0 0 0 0
"ivorycoast" 0 0 0 -4803.10869216919 -10563.0435943604 -20696.605682373 0 0 0 0 0 0 0 0 0 0 0 0
"ghana" 0 0 0 152.748644351959 5401.43299102783 7935.90497970581 0 0 0 0 0 0 0 0 0 0 0 0
"nigeria" 0 0 0 -17.3270870000124 -646.407008171082 -495.68247795105 0 0 0 0 0 0 0 0 0 0 0 0
"mozambique" 0 0 -269.985914230347 -1260.32829284668 -767.209231853485 0 0 0 0 0 0 0 0 0 0 0 0 0
