"argentina" 0 0 0 0 0 0 -6457.71312713623 -18096.004486084 -21412.0502471924 -22056.2286376953 0 -39582.6568603516 -36.9022637605667 -514.011025428772 -845.067799091339 0 0 0
"bolivia" 0 0 629.098951816559 -2066.81251525879 -5450.43182373047 -10440.3266906738 0 0 -409.496307373047 -437.788754701614 -160.779565572739 -287.620455026627 0 0 0 0 0 0
"brasil" 0 0 0 1556.35154247284 -6475.60119628906 37974.1325378418 0 0 0 0 0 4499.98378753662 0 0 0 0 0 0
"oceania" 0 0 0 4.86612319946289 -80.3010985255241 -1090.13390541077 0 0 -2.5175663176924 -158.855855464935 -318.945407867432 -896.808624267578 0 0 0 0 0 0
"newzealand" 0 0 0 0 0 0 0 0 0 0 1117.47336387634 3381.95157051086 0 0 0 -76.5629410743713 0 0
"china" 0 0 0 0 173.00783097744 334.383636713028 7.33200274407864 24.4388449937105 1895.53475379944 8153.66554260254 12405.7321548462 7377.78854370117 -0.585493398830295 1.4829384163022 1896.92163467407 0 0 0
"japan" 0 0 0 0 0 0 0 0 -143.438801169395 -1965.8830165863 -1606.41384124756 -1211.09020709991 0 0 -29.9204550683498 0 0 0
"korea" 0 0 0 0 0 0 0 0 0 -68.3146119117737 -119.887061417103 0 0 0 0 0 0 0
"indonesia" 0 0 0 81.5769284963608 60.1803883910179 -2667.37461090088 0 0 0 0 0 0 0 0 0 0 0 0
"madagascar" 0 0 0 -573.783993721008 -433.541238307953 -4738.77811431885 0 0 0 0 0 0 0 0 0 0 0 0
"eastasia" 0 0 0 0 0 12.0819378644228 0 0 -1006.87301158905 -12787.4946594238 -2731.41598701477 0 0 149.338692426682 128.988057374954 0 0 0
"seasia" 0 0 0 -6718.8549041748 -8104.45308685303 -8765.18726348877 0 0 0 0 1.78250728640705 -2177.91271209717 0 0 0 0 0 0
"malasya" 0 0 0 0 0 2402.66442298889 0 0 0 0 0 0 0 0 0 0 0 0
"myanmar" 0 0 0 -2128.25751304626 -4643.39303970337 -680.023193359375 0 0 0 0 -1066.64001941681 -937.025487422943 0 0 0 0 0 0
"southasia" 0 0 0 -2256.81924819946 -10902.9712677002 -659.000933170319 0 1.11226830631495 -2.44163116440177 -2521.42810821533 -129.881918430328 0 0 0 0 0 0 0
"india" 0 -447.924464941025 -9396.10004425049 -15168.6706542969 -2811.60283088684 -785.778701305389 0 -960.941791534424 -3028.3899307251 -476.861476898193 -246.545344591141 -1069.1043138504 0 0 0 0 0 0
"canada" 0 0 0 0 0 0 0 4588.70124816895 -323274.810791016 -103166.641235352 -256.093621253967 0 0 -768.465638160706 -11663.5932922363 -3.63743165507913 0 0
"us" 0 0 0 0 0 0 2195.99580764771 17711.9178771973 6066.89548492432 -17043.399810791 -7669.58856582642 1631.31356239319 -17.4027159810066 -67.4113482236862 -14.7395012900233 0 0 0
"mexico" 0 629.937171936035 2101.05037689209 793.266117572784 -751.954436302185 166.201174259186 92.664822936058 407.068371772766 1372.59006500244 257.022351026535 -93.9118936657906 -293.737232685089 0 0 0 0 0 0
"colombia" 0 0 0 3.99619899690151 26.2478664517403 -2225.35824775696 0 0 0 0 0.826871022582054 -481.804966926575 0 0 0 0 0 0
"latinamer" 0 -81.9348245859146 209.60333943367 1012.13455200195 2646.75855636597 6558.98761749268 383.941262960434 580.576300621033 793.271422386169 1007.85708427429 747.095942497253 559.22544002533 -0.124103273265064 64.9304389953613 145.919352769852 -403.437554836273 118.498750030994 0
"paraguay" 0 0 0 0 0 -5713.08994293213 0 0 0 0 0 1221.33016586304 0 0 0 0 0 0
"peru" 18.7520068138838 78.1036764383316 55.4611831903458 22.840291261673 195.720881223679 3466.76874160767 44.5342995226383 33.7376333773136 81.4704895019531 112.407721579075 810.332417488098 4404.72221374512 0 0 0 0 0 0
"uruguay" 0 0 0 0 0 0 0 0 0 0 0 1442.78514385223 0 0 0 0 0 0
"venezuela" 0 -0.141687705763616 0 -88.7132585048676 -394.879937171936 -924.287438392639 0 0 0 0 0 0 0 0 0 0 0 0
"eu27" 0 0 0 0 0 0 0 0 -7161.94868087769 -99433.10546875 -21986.8812561035 -4300.09794235229 0 -39.3242388963699 -3633.10718536377 -112.855419516563 0 0
"uk" 0 0 0 0 0 0 0 0 0 226.831570267677 2047.69587516785 52.4479262530804 0 0 0 -0.67111972020939 0 0
"efta" 0 0 0 0 0 0 0 0 0 -813.806772232056 0 0 0 35.2481827139854 -258.507072925568 4.18480858206749 0 0
"restofworld" 0 0 0 0 0 0 1611.83595657349 110.146209597588 -473.089456558228 -17306.6749572754 -547.620952129364 -136.918812990189 15.9691125154495 134.791642427444 -201.20108127594 6.50987401604652 0 0
"russia" 0 0 0 0 0 0 0 -320.41984796524 -23201.5171051025 -6246.81806564331 -344.341278076172 0 -1818.67170333862 -8908.3194732666 -45737.060546875 0 0 0
"mena" 1191.00642204285 0 0 0 0 0 710.482895374298 4959.4612121582 3495.58901786804 -6130.23948669434 -781.958341598511 0 0 0 11.8549410253763 0 0 0
"angola" 0 0 215.032577514648 5029.7908782959 5201.82323455811 0 0 0 1.79310457315296 815.185964107513 0 0 0 0 0 0 0 0
"drc" 0 0 0 0 5515.74802398682 10041.5105819702 0 0 0 0 0 0 0 0 0 0 0 0
"nafr" -1.29084661602974 0 0 0 0 0 339.174449443817 267.870903015137 8.05357843637466 4.13695815950632 0 0 0 0 0 0 0 0
"wafr" 0 0 366.905599832535 1759.95779037476 1338.55843544006 -1147.04704284668 0 0 0 0 0 0 0 0 0 0 0 0
"cafr" 0 0.054989581258269 0 51.0888621211052 343.977212905884 1326.66373252869 0 0 0 0 0 0 0 0 0 0 0 0
"eafr" 0.645179999992251 33.0783575773239 161.133989691734 500.988006591797 -220.734506845474 -1954.47635650635 0 0 0 0 -565.086185932159 -973.404347896576 0 0 0 0 0 0
"safr" 0 0 4505.92470169067 2528.96738052368 2.65898136422038 -149.104177951813 0 0.0806130701676011 319.243639707565 167.539030313492 273.856163024902 0 0 0 0 0 0 0
"ivorycoast" 0 0 0 -4469.68460083008 -9860.37731170654 -19415.5960083008 0 0 0 0 0 0 0 0 0 0 0 0
"ghana" 0 0 0 132.577121257782 4486.21129989624 6544.71778869629 0 0 0 0 0 0 0 0 0 0 0 0
"nigeria" 0 0 0 -36.6675555706024 -1769.83189582825 -1364.60971832275 0 0 0 0 0 0 0 0 0 0 0 0
"mozambique" 0 0 4715.56568145752 15334.4659805298 7338.31644058228 0 0 0 0 0 0 0 0 0 0 0 0 0
