"argentina" 0 0 0 0 0 0 -52.3604340851307 150.034561753273 -226.266011595726 212.885275483131 0 727.188587188721 44.2004129290581 180.098116397858 100.084751844406 0 0 0
"bolivia" 0 0 617.585062980652 -2085.89744567871 -5513.0729675293 -10725.040435791 0 0 -426.81610584259 -459.501177072525 -174.418702721596 -312.835067510605 0 0 0 0 0 0
"brasil" 0 0 0 -11767.3149108887 -108567.420959473 63389.3547058105 0 0 0 0 0 4713.37032318115 0 0 0 0 0 0
"oceania" 0 0 0 31.2323421239853 530.737519264221 5299.86333847046 0 0 44.88605260849 1487.24949359894 2594.16937828064 7274.81508255005 0 0 0 0 0 0
"newzealand" 0 0 0 0 0 0 0 0 0 0 1632.57706165314 5031.88991546631 0 0 0 150.711715221405 0 0
"china" 0 0 0 0 158.780187368393 69.0264999866486 10.5398250743747 15.8688314259052 2541.56732559204 624.116003513336 -2003.26633453369 4318.60446929932 23.3042743057013 1.93568738177419 -180.852741003036 0 0 0
"japan" 0 0 0 0 0 0 0 0 -52.4209663271904 -646.284282207489 -776.366472244263 -577.333927154541 0 0 3.52236442267895 0 0 0
"korea" 0 0 0 0 0 0 0 0 0 -8.50297138094902 -4.47275210171938 0 0 0 0 0 0 0
"indonesia" 0 0 0 -389.368653297424 -565.306901931763 -9059.14688110352 0 0 0 0 0 0 0 0 0 0 0 0
"madagascar" 0 0 0 203.798428177834 113.779708743095 1631.76894187927 0 0 0 0 0 0 0 0 0 0 0 0
"eastasia" 0 0 0 0 0 20.5403193831444 0 0 -629.877030849457 -8369.45915222168 -1767.1947479248 0 0 124.119520187378 184.771835803986 0 0 0
"seasia" 0 0 0 -3004.2405128479 -9349.11918640137 -5627.50148773193 0 0 0 0 -125.482112169266 -1173.36666584015 0 0 0 0 0 0
"malasya" 0 0 0 0 0 1390.00606536865 0 0 0 0 0 0 0 0 0 0 0 0
"myanmar" 0 0 0 15010.7765197754 25614.1014099121 3119.97413635254 0 0 0 0 5373.78978729248 4872.29633331299 0 0 0 0 0 0
"southasia" 0 0 0 -1346.34232521057 -6455.13343811035 -391.225904226303 0 0.592953176237643 -1.6481988132 -1516.96300506592 -78.8124725222588 0 0 0 0 0 0 0
"india" 0 -420.989513397217 -8115.87333679199 -12519.8736190796 -2287.22190856934 -626.005530357361 0 -790.752768516541 -2303.3230304718 -379.225790500641 -219.338372349739 -836.38072013855 0 0 0 0 0 0
"canada" 0 0 0 0 0 0 0 4117.73490905762 -250230.804443359 -80318.7255859375 -184.890627861023 0 0 -514.417171478271 -7409.97409820557 -1.86069204937667 0 0
"us" 0 0 0 0 0 0 3075.83427429199 18362.4114990234 6594.60020065308 -9762.12215423584 -693.339586257935 10822.7787017822 12.0076900348067 163.984715938568 -4.23927791416645 0 0 0
"mexico" 0 753.588140010834 2750.67758560181 1684.09383296967 379.260003566742 851.763129234314 125.414073467255 537.546515464783 1918.80488395691 999.794363975525 183.673337101936 -139.958679676056 0 0 0 0 0 0
"colombia" 0 0 0 3.04633122868836 -14.3066439777613 -4807.52325057983 0 0 0 0 0.369967106962577 -740.535497665405 0 0 0 0 0 0
"latinamer" 0 -50.8770346641541 188.308566808701 919.382214546204 2314.17226791382 6440.33813476562 314.661949872971 486.100435256958 669.49474811554 835.371613502502 652.257204055786 731.136918067932 0.564519024919719 76.3745829463005 217.524573206902 -111.350744962692 111.995011568069 0
"paraguay" 0 0 0 0 0 -6724.86305236816 0 0 0 0 0 718.371987342834 0 0 0 0 0 0
"peru" 7.89349246770144 69.5302188396454 52.7387484908104 27.6748687028885 202.441483736038 4055.08613586426 -20.2732905745506 -1.65154063142836 56.8730868399143 79.8289403319359 767.926812171936 5100.01993179321 0 0 0 0 0 0
"uruguay" 0 0 0 0 0 0 0 0 0 0 0 3213.24491500854 0 0 0 0 0 0
"venezuela" 0 -0.143548779306002 0 -90.0884419679642 -403.504908084869 -976.478159427643 0 0 0 0 0 0 0 0 0 0 0 0
"eu27" 0 0 0 0 0 0 0 0 -4211.73286437988 -59885.6582641602 -12197.3628997803 -2467.40627288818 0 -4.07936610281467 -2168.00832748413 -63.8510435819626 0 0
"uk" 0 0 0 0 0 0 0 0 0 215.906381607056 1412.46557235718 46.1213141679764 0 0 0 3.70455719530582 0 0
"efta" 0 0 0 0 0 0 0 0 0 -438.941389322281 0 0 0 50.3524914383888 -130.767166614532 2.9129683971405 0 0
"restofworld" 0 0 0 0 0 0 900.986194610596 63.7741684913635 -193.667009472847 -9343.5001373291 -316.972762346268 -74.6696665883064 7.78311491012573 69.669246673584 -108.669340610504 2.66246544197202 0 0
"russia" 0 0 0 0 0 0 0 -143.635362386703 -11350.7080078125 -3431.40125274658 -172.01441526413 0 -1011.97028160095 -5031.94332122803 -25936.9506835938 0 0 0
"mena" 636.859714984894 0 0 0 0 0 385.334014892578 2692.58618354797 1974.51257705688 -3377.69293785095 -429.371416568756 0 0 0 6.40210183337331 0 0 0
"angola" 0 0 250.313222408295 5247.48802185059 5583.23574066162 0 0 0 6.03824807330966 768.8969373703 0 0 0 0 0 0 0 0
"drc" 0 0 0 0 5016.66355133057 9741.08505249023 0 0 0 0 0 0 0 0 0 0 0 0
"nafr" -0.00189656202564947 0 0 0 0 0 192.471295595169 171.306580305099 6.20333850383759 3.11669730581343 0 0 0 0 0 0 0 0
"wafr" 0 0 479.141056537628 2086.8821144104 1406.08334541321 -777.43399143219 0 0 0 0 0 0 0 0 0 0 0 0
"cafr" 0 -0.186990160727873 0 54.8627860844135 243.229061365128 898.00226688385 0 0 0 0 0 0 0 0 0 0 0 0
"eafr" 0.507185119204223 23.4222523868084 105.906002223492 161.187261343002 -231.208965182304 -1309.28564071655 0 0 0 0 -377.10428237915 -613.27189207077 0 0 0 0 0 0
"safr" 0 0 2955.23881912231 1905.96330165863 3.45360743813217 -53.6899343132973 0 0.0522350492246915 212.895691394806 133.651494979858 260.730862617493 0 0 0 0 0 0 0
"ivorycoast" 0 0 0 -5449.8987197876 -12107.3293685913 -23370.0752258301 0 0 0 0 0 0 0 0 0 0 0 0
"ghana" 0 0 0 157.858297228813 5496.33979797363 8005.57136535645 0 0 0 0 0 0 0 0 0 0 0 0
"nigeria" 0 0 0 -29.4177420437336 -1038.70463371277 -783.066034317017 0 0 0 0 0 0 0 0 0 0 0 0
"mozambique" 0 0 -472.296357154846 -1993.23415756226 -1147.02558517456 0 0 0 0 0 0 0 0 0 0 0 0 0
