"argentina" 0 0 0 0 0 0 2136.42978668213 6198.85444641113 6371.52290344238 6299.40986633301 0 11540.7009124756 50.4716336727142 324.31572675705 368.586391210556 0 0 0
"bolivia" 0 0 -146.834000945091 -21.8881517648697 -138.923853635788 133.091807365417 0 0 38.3958406746387 17.6737755537033 -1.14029657561332 -6.82194484397769 0 0 0 0 0 0
"brasil" 0 0 0 -13905.3058624268 -110225.746154785 41254.3983459473 0 0 0 0 0 2176.86581611633 0 0 0 0 0 0
"oceania" 0 0 0 12.5039173290133 -3.2071121968329 -383.520066738129 0 0 4.31158673018217 73.5071152448654 76.9515335559845 191.400229930878 0 0 0 0 0 0
"newzealand" 0 0 0 0 0 0 0 0 0 0 268.781661987305 849.573194980621 0 0 0 76.1827379465103 0 0
"china" 0 0 0 0 214.567005634308 152.380838990211 9.65429190546274 21.6349121183157 3054.03566360474 2339.84661102295 467.484951019287 6402.66418457031 24.4577117264271 2.18610861338675 201.432347297668 0 0 0
"japan" 0 0 0 0 0 0 0 0 -38.6228486895561 -517.054975032806 -458.16558599472 -343.151152133942 0 0 -5.69844897836447 0 0 0
"korea" 0 0 0 0 0 0 0 0 0 6.66884705424309 14.2787434160709 0 0 0 0 0 0 0
"indonesia" 0 0 0 91.4913713932037 21.19030803442 -9884.30213928223 0 0 0 0 0 0 0 0 0 0 0 0
"madagascar" 0 0 0 120.889559388161 56.0741908848286 1033.89918804169 0 0 0 0 0 0 0 0 0 0 0 0
"eastasia" 0 0 0 0 0 26.7294459044933 0 0 -213.930040597916 -3870.22709846497 -819.608688354492 0 0 98.7920016050339 260.963350534439 0 0 0
"seasia" 0 0 0 -697.520196437836 307.123780250549 -755.086660385132 0 0 0 0 24.0895990282297 -155.035421252251 0 0 0 0 0 0
"malasya" 0 0 0 0 0 -2486.23323440552 0 0 0 0 0 0 0 0 0 0 0 0
"myanmar" 0 0 0 -383.944928646088 -875.759959220886 -128.784969449043 0 0 0 0 -195.823341608047 -181.994333863258 0 0 0 0 0 0
"southasia" 0 0 0 -550.05419254303 -2646.61359786987 -181.686997413635 0 0.402789970394224 -0.654460745863616 -679.931819438934 -34.3807712197304 0 0 0 0 0 0 0
"india" 0 -203.396752476692 -4030.80081939697 -5890.32411575317 -1097.13041782379 -312.926828861237 0 -510.635256767273 -1228.33919525146 -179.669931530952 -101.616442203522 -398.899644613266 0 0 0 0 0 0
"canada" 0 0 0 0 0 0 0 3384.78803634644 -116039.474487305 -35968.1739807129 -84.5668017864227 0 0 -272.456496953964 -3765.59972763062 -1.40434922650456 0 0
"us" 0 0 0 0 0 0 1425.18305778503 10345.6630706787 2487.69927024841 -5239.59159851074 -154.787689447403 6596.360206604 9.40587371587753 85.5027362704277 -2.51670880243182 0 0 0
"mexico" 0 280.372381210327 930.841326713562 412.69713640213 -220.407783985138 134.632751345634 43.6887852847576 190.412998199463 633.714854717255 148.789584636688 -27.1398480981588 -118.411965668201 0 0 0 0 0 0
"colombia" 0 0 0 3.42882773838937 49.2798574268818 637.118399143219 0 0 0 0 1.03107187896967 -64.2784237861633 0 0 0 0 0 0
"latinamer" 0 10.2243283763528 127.821564674377 815.5916929245 1791.12887382507 7509.87339019775 129.501700401306 231.338858604431 338.455736637115 427.331328392029 553.72142791748 1128.89719009399 1.46424863487482 73.2196867465973 281.667023897171 418.008804321289 75.3597840666771 0
"paraguay" 0 0 0 0 0 -8949.18251037598 0 0 0 0 0 1765.98429679871 0 0 0 0 0 0
"peru" 11.3085964694619 68.2232677936554 46.4386157691479 24.4792513549328 187.258243560791 3562.45136260986 -0.788674456998706 2.98196380026639 60.6033504009247 82.6656594872475 734.142303466797 4547.26123809814 0 0 0 0 0 0
"uruguay" 0 0 0 0 0 0 0 0 0 0 0 358.822256326675 0 0 0 0 0 0
"venezuela" 0 0.16919661720749 0 57.1954362094402 252.538800239563 655.301928520203 0 0 0 0 0 0 0 0 0 0 0 0
"eu27" 0 0 0 0 0 0 0 0 -7073.45485687256 -111953.224182129 -16614.7689819336 -3501.09124183655 0 -76.1257410049438 -4158.13636779785 -83.498939871788 0 0
"uk" 0 0 0 0 0 0 0 0 0 -1808.42137336731 1866.17958545685 -284.447133541107 0 0 0 -134.015262126923 0 0
"efta" 0 0 0 0 0 0 0 0 0 -1913.60521316528 0 0 0 -222.921818494797 -705.926835536957 3.73379397206008 0 0
"restofworld" 0 0 0 0 0 0 1161.38422489166 103.853322565556 1907.24503993988 13660.3212356567 1164.60418701172 123.063929378986 13.8826407492161 160.234123468399 286.132484674454 8.26457142829895 0 0
"russia" 0 0 0 0 0 0 0 36.0219888389111 3239.81094360352 995.418190956116 -13.505982235074 0 -440.938770771027 -2594.16484832764 -14699.7261047363 0 0 0
"mena" 293.419659137726 0 0 0 0 0 184.285923838615 1381.43253326416 1500.41747093201 -1305.69410324097 -179.912880063057 0 0 0 3.86759429238737 0 0 0
"angola" 0 0 166.678413748741 4061.98072433472 4368.58463287354 0 0 0 -1.11538311466575 599.992156028748 0 0 0 0 0 0 0 0
"drc" 0 0 0 0 1996.43337726593 2560.61196327209 0 0 0 0 0 0 0 0 0 0 0 0
"nafr" 3.96072911098599 0 0 0 0 0 139.005035161972 136.984139680862 10.5606243014336 4.27322182804346 0 0 0 0 0 0 0 0
"wafr" 0 0 805.807828903198 4677.4206161499 2949.30458068848 310.057878494263 0 0 0 0 0 0 0 0 0 0 0 0
"cafr" 0 2.12030438706279 0 213.399678468704 1386.5053653717 3755.3448677063 0 0 0 0 0 0 0 0 0 0 0 0
"eafr" 0.223353228648193 7.524773478508 45.0760386884212 526.880502700806 175.839483737946 349.878430366516 0 0 0 0 84.2359289526939 168.27729344368 0 0 0 0 0 0
"safr" 0 0 489.90523815155 164.814651012421 0.86682359687984 65.8630579710007 0 0.0102460817288375 22.3277490586042 116.811543703079 31.3559286296368 0 0 0 0 0 0 0
"ivorycoast" 0 0 0 -5770.30038833618 -12710.3042602539 -25560.2169036865 0 0 0 0 0 0 0 0 0 0 0 0
"ghana" 0 0 0 135.188817977905 4917.21391677856 7320.71352005005 0 0 0 0 0 0 0 0 0 0 0 0
"nigeria" 0 0 0 -2.23087379708886 3.38759832084179 -8.45259800553322 0 0 0 0 0 0 0 0 0 0 0 0
"mozambique" 0 0 356.611132621765 676.67818069458 105.822026729584 0 0 0 0 0 0 0 0 0 0 0 0 0
