"argentina" 0 0 0 0 0 0 -240.881383419037 -369.840830564499 -808.097541332245 -403.878688812256 0 -397.651970386505 44.0366230905056 169.255331158638 77.9933333396912 0 0 0
"bolivia" 0 0 640.681505203247 -2228.29484939575 -5915.19069671631 -11537.748336792 0 0 -460.694998502731 -494.243741035461 -191.801965236664 -343.609035015106 0 0 0 0 0 0
"brasil" 0 0 0 -14541.2931442261 -121522.811889648 50192.87109375 0 0 0 0 0 2914.49117660522 0 0 0 0 0 0
"oceania" 0 0 0 14.7001426666975 -21.5580649673939 -576.47043466568 0 0 4.72726207226515 51.4416322112083 5.77723421156406 -22.322379052639 0 0 0 0 0 0
"newzealand" 0 0 0 0 0 0 0 0 0 0 910.01284122467 2795.25375366211 0 0 0 55.2691221237183 0 0
"china" 0 0 0 0 221.820399165154 147.713124752045 10.0355269387364 21.2287772446871 3105.25798797607 2046.9856262207 -118.847712874413 6422.2731590271 26.5040956437588 2.17839702963829 110.439978539944 0 0 0
"japan" 0 0 0 0 0 0 0 0 -44.5120260119438 -602.59336233139 -507.853865623474 -383.399665355682 0 0 -8.16926173865795 0 0 0
"korea" 0 0 0 0 0 0 0 0 0 0.126707134768367 1.44745630677789 0 0 0 0 0 0 0
"indonesia" 0 0 0 -7.24910572171211 11.3250743597746 2235.42666435242 0 0 0 0 0 0 0 0 0 0 0 0
"madagascar" 0 0 0 180.774062871933 105.644896626472 1568.86732578278 0 0 0 0 0 0 0 0 0 0 0 0
"eastasia" 0 0 0 0 0 17.5054389983416 0 0 -394.743919372559 -5498.08406829834 -1160.86649894714 0 0 91.3329645991325 163.195073604584 0 0 0
"seasia" 0 0 0 -2738.06238174438 -3019.41609382629 -3321.34389877319 0 0 0 0 3.49803757853806 -833.367049694061 0 0 0 0 0 0
"malasya" 0 0 0 0 0 1247.94661998749 0 0 0 0 0 0 0 0 0 0 0 0
"myanmar" 0 0 0 -941.027522087097 -1797.44005203247 -238.923609256744 0 0 0 0 -393.171459436417 -353.814363479614 0 0 0 0 0 0
"southasia" 0 0 0 -963.249087333679 -4616.72496795654 -299.699634313583 0 0.452654086984694 -1.17558869533241 -1085.93380451202 -56.5794631838799 0 0 0 0 0 0 0
"india" 0 -318.41966509819 -6183.16745758057 -9560.43910980225 -1792.28067398071 -497.049361467361 0 -640.904903411865 -1765.80512523651 -285.526990890503 -171.553313732147 -664.399027824402 0 0 0 0 0 0
"canada" 0 0 0 0 0 0 0 2702.8694152832 -214523.101806641 -67883.6898803711 -158.443093299866 0 0 -494.27604675293 -7216.84169769287 -2.64825392514467 0 0
"us" 0 0 0 0 0 0 1616.34695529938 10410.231590271 3602.27918624878 -11011.9132995605 -3389.78052139282 4255.84745407104 -6.44475966691971 -15.0453243404627 -7.02158128842711 0 0 0
"mexico" 0 320.923179388046 1010.77461242676 383.744537830353 -412.366718053818 63.2026046514511 52.2235706448555 216.404408216476 646.428227424622 78.2421603798866 -67.8422674536705 -157.984733581543 0 0 0 0 0 0
"colombia" 0 0 0 2.89549096487463 -20.546730607748 -5194.22149658203 0 0 0 0 0.289472343865782 -783.460378646851 0 0 0 0 0 0
"latinamer" 0 -40.7121963799 173.684775829315 874.194443225861 2163.05136680603 6388.8635635376 279.064893722534 435.502022504807 602.009177207947 749.40550327301 613.623917102814 758.94558429718 0.662368256598711 72.8179290890694 216.752588748932 -39.1292758285999 102.627113461494 0
"paraguay" 0 0 0 0 0 -9467.31376647949 0 0 0 0 0 1883.27193260193 0 0 0 0 0 0
"peru" 5.34377014264464 61.6636909544468 50.3175556659698 25.9648840874434 180.586382746696 3661.7546081543 -30.6076668202877 -6.14756951108575 46.8118339776993 65.4323399066925 685.054183006287 4720.64828872681 0 0 0 0 0 0
"uruguay" 0 0 0 0 0 0 0 0 0 0 0 2025.76208114624 0 0 0 0 0 0
"venezuela" 0 -0.240749432123266 0 -136.634975671768 -604.84379529953 -1466.42470359802 0 0 0 0 0 0 0 0 0 0 0 0
"eu27" 0 0 0 0 0 0 0 0 -3441.87331199646 -49537.712097168 -9794.60334777832 -1984.51471328735 0 41.1395020782948 -1811.56992912292 -48.9215217530727 0 0
"uk" 0 0 0 0 0 0 0 0 0 151.755437254906 1123.93879890442 33.2286767661572 0 0 0 1.64534011855721 0 0
"efta" 0 0 0 0 0 0 0 0 0 -407.797276973724 0 0 0 28.6585800349712 -126.386001706123 2.34003597870469 0 0
"restofworld" 0 0 0 0 0 0 841.06856584549 61.0403567552567 9.13815852254629 -6523.99778366089 -156.730651855469 -50.7809333503246 7.59405782446265 71.5171247720718 -64.9130418896675 3.0705442186445 0 0
"russia" 0 0 0 0 0 0 0 -61.6874024271965 -4455.76000213623 -1225.27003288269 -95.5405682325363 0 -708.341002464294 -3685.67323684692 -19556.0684204102 0 0 0
"mena" 571.712732315063 0 0 0 0 0 333.728492259979 2366.93358421326 2124.56250190735 -2622.61986732483 -340.793609619141 0 0 0 6.34895684197545 0 0 0
"angola" 0 0 236.054301261902 4886.07549667358 5197.8874206543 0 0 0 6.22881669551134 713.590979576111 0 0 0 0 0 0 0 0
"drc" 0 0 0 0 4988.32988739014 9896.34323120117 0 0 0 0 0 0 0 0 0 0 0 0
"nafr" -0.00162542437465163 0 0 0 0 0 154.673963785172 137.73886859417 5.12972706928849 2.5310090277344 0 0 0 0 0 0 0 0
"wafr" 0 0 473.023802042007 2307.65414237976 1555.39751052856 -538.806617259979 0 0 0 0 0 0 0 0 0 0 0 0
"cafr" 0 0.072568524046801 0 62.8660842776299 461.701571941376 1523.29516410828 0 0 0 0 0 0 0 0 0 0 0 0
"eafr" 0.513335107825696 23.8677263259888 115.029074251652 408.476382493973 -110.461995005608 -1083.66346359253 0 0 0 0 -315.823167562485 -529.42830324173 0 0 0 0 0 0
"safr" 0 0 2398.63419532776 1553.72655391693 2.77492427267134 -42.2646924853325 0 0.0432145861850586 173.11954498291 114.372961223125 210.322454571724 0 0 0 0 0 0 0
"ivorycoast" 0 0 0 -5395.70760726929 -11981.4462661743 -23156.4598083496 0 0 0 0 0 0 0 0 0 0 0 0
"ghana" 0 0 0 156.146556138992 5515.69128036499 8073.52352142334 0 0 0 0 0 0 0 0 0 0 0 0
"nigeria" 0 0 0 -24.5665535330772 -904.46013212204 -682.667136192322 0 0 0 0 0 0 0 0 0 0 0 0
"mozambique" 0 0 -289.610087871552 -1390.88523387909 -854.536950588226 0 0 0 0 0 0 0 0 0 0 0 0 0
