"argentina" 0 0 0 0 0 0 -1099.40481185913 -2572.26371765137 -3626.2903213501 -2663.4464263916 0 -4012.46500015259 64.5430907607079 207.231909036636 25.4727452993393 0 0 0
"bolivia" 0 0 789.583504199982 -6420.71914672852 -18212.6007080078 -29523.5900878906 0 0 -875.138521194458 -900.647401809692 -423.993140459061 -758.822202682495 0 0 0 0 0 0
"brasil" 0 0 0 729042.358398438 2950274.4140625 2740217.04101562 0 0 0 0 0 656239.685058594 0 0 0 0 0 0
"oceania" 0 0 0 14.5768178626895 122.935570776463 140.056580305099 0 0 12.2134694829583 415.665507316589 744.944632053375 2093.77026557922 0 0 0 0 0 0
"newzealand" 0 0 0 0 0 0 0 0 0 0 62.3832941055298 461.495220661163 0 0 0 615.742206573486 0 0
"china" 0 0 0 0 -304.345458745956 -192.751064896584 -17.1226877719164 -32.5884148478508 -4912.94145584106 -2726.17840766907 992.861330509186 -8932.78884887695 -53.1881600618362 -3.98226175457239 -115.134030580521 0 0 0
"japan" 0 0 0 0 0 0 0 0 86.3794237375259 1180.05406856537 873.208403587341 687.017142772675 0 0 22.5164815783501 0 0 0
"korea" 0 0 0 0 0 0 0 0 0 18.6849348247051 42.4871221184731 0 0 0 0 0 0 0
"indonesia" 0 0 0 10.4379458352923 -69.7859078645706 -6825.59108734131 0 0 0 0 0 0 0 0 0 0 0 0
"madagascar" 0 0 0 -412.393927574158 -98.2878357172012 -3539.20364379883 0 0 0 0 0 0 0 0 0 0 0 0
"eastasia" 0 0 0 0 0 -83.5352838039398 0 0 849.835157394409 11938.0874633789 2400.1772403717 0 0 -269.907981157303 -590.88009595871 0 0 0
"seasia" 0 0 0 5148.53858947754 6329.09631729126 9235.93616485596 0 0 0 0 -27.6401583105326 2049.3152141571 0 0 0 0 0 0
"malasya" 0 0 0 0 0 -530.034065246582 0 0 0 0 0 0 0 0 0 0 0 0
"myanmar" 0 0 0 3133.92734527588 5614.0308380127 692.16924905777 0 0 0 0 1193.19498538971 1084.02538299561 0 0 0 0 0 0
"southasia" 0 0 0 1152.34112739563 6512.20846176147 -23.5784891992807 0 -2.78250826522708 1.25401862896979 2270.70879936218 112.685211002827 0 0 0 0 0 0 0
"india" 0 148.14005792141 5247.53904342651 4928.78818511963 397.8471159935 171.797156333923 0 895.073235034943 2563.72880935669 255.778968334198 -101.673446595669 92.0486822724342 0 0 0 0 0 0
"canada" 0 0 0 0 0 0 0 5058.02536010742 1046834.10644531 310620.849609375 793.417692184448 0 0 2067.75283813477 34479.0153503418 6.8201650865376 0 0
"us" 0 0 0 0 0 0 -8243.93081665039 -29593.5821533203 -28580.9803009033 45213.8023376465 17189.5999908447 -5005.59043884277 65.4453560709953 41.343916207552 23.1786482036114 0 0 0
"mexico" 0 -5346.63724899292 -17998.6801147461 -8823.67038726807 964.575111865997 -3345.08919715881 -798.41285943985 -3205.30247688293 -10583.8260650635 -5639.32228088379 -879.860460758209 1128.20506095886 0 0 0 0 0 0
"colombia" 0 0 0 2846.45795822144 44182.3692321777 2157054.44335938 0 0 0 0 3371.15001678467 194689.376831055 0 0 0 0 0 0
"latinamer" 0 208.736911416054 -614.793062210083 -1659.73234176636 -3501.12819671631 2733.85334014893 -1543.50244998932 -2439.76044654846 -3149.080991745 -3270.57409286499 -756.109774112701 -431.258469820023 -3.56344226747751 -407.38382935524 -1127.24804878235 522.568643093109 -551.675021648407 0
"paraguay" 0 0 0 0 0 234728.439331055 0 0 0 0 0 287376.983642578 0 0 0 0 0 0
"peru" 12667.4919128418 33157.1578979492 7209.01775360107 333.898782730103 17343.7595367432 609293.45703125 65395.1797485352 52692.5468444824 13160.9716415405 20840.7001495361 78414.1082763672 246765.930175781 0 0 0 0 0 0
"uruguay" 0 0 0 0 0 0 0 0 0 0 0 7621.38986587524 0 0 0 0 0 0
"venezuela" 0 -1.61172030493617 0 -370.604246854782 -2039.67261314392 -5171.84019088745 0 0 0 0 0 0 0 0 0 0 0 0
"eu27" 0 0 0 0 0 0 0 0 13976.7093658447 164957.366943359 51024.2080688477 9110.34965515137 0 2173.12216758728 5055.33313751221 325.632631778717 0 0
"uk" 0 0 0 0 0 0 0 0 0 -2581.34508132935 -4432.89470672607 -468.868136405945 0 0 0 -132.052063941956 0 0
"efta" 0 0 0 0 0 0 0 0 0 -912.568151950836 0 0 0 -741.466403007507 -511.227309703827 -10.636443272233 0 0
"restofworld" 0 0 0 0 0 0 -3290.89736938477 -216.630786657333 1482.71942138672 41024.0058898926 1836.41219139099 336.789160966873 -24.1409353911877 -213.47464621067 509.80806350708 -5.19808661192656 0 0
"russia" 0 0 0 0 0 0 0 436.656147241592 32558.10546875 8956.60495758057 511.895895004272 0 3214.74027633667 16288.7706756592 84683.5556030273 0 0 0
"mena" -140.883579850197 0 0 0 0 0 -484.637081623077 -2179.46529388428 13657.2685241699 16377.534866333 1839.78462219238 0 0 0 20.9330171346664 0 0 0
"angola" 0 0 -958.878695964813 -21281.6848754883 -22397.970199585 0 0 0 -15.3253003954887 -3268.21613311768 0 0 0 0 0 0 0 0
"drc" 0 0 0 0 -7422.66941070557 -7629.45318222046 0 0 0 0 0 0 0 0 0 0 0 0
"nafr" 4.75392304360867 0 0 0 0 0 -711.086094379425 -622.458875179291 -11.1000491306186 -8.26156791299582 0 0 0 0 0 0 0 0
"wafr" 0 0 -832.008063793182 -3266.4635181427 -1900.41649341583 1681.40423297882 0 0 0 0 0 0 0 0 0 0 0 0
"cafr" 0 -6.81788148358464 0 -876.200318336487 -5305.00078201294 -15467.8659439087 0 0 0 0 0 0 0 0 0 0 0 0
"eafr" -0.141904107294977 0.282318098470569 89.7734016180038 2443.00103187561 1218.90509128571 2205.32369613647 0 0 0 0 581.949591636658 680.019438266754 0 0 0 0 0 0
"safr" 0 0 -10126.9025802612 -9153.66268157959 -16.1610096693039 336.083680391312 0 -0.266694318270311 -969.329237937927 -517.753601074219 -1396.89826965332 0 0 0 0 0 0 0
"ivorycoast" 0 0 0 3054.527759552 -42976.0360717773 326464.324951172 0 0 0 0 0 0 0 0 0 0 0 0
"ghana" 0 0 0 5049.36504364014 359913.391113281 -13562.9920959473 0 0 0 0 0 0 0 0 0 0 0 0
"nigeria" 0 0 0 -23.9243935793638 1070.69790363312 1004.44841384888 0 0 0 0 0 0 0 0 0 0 0 0
"mozambique" 0 0 441.657155752182 2894.18387413025 1918.63024234772 0 0 0 0 0 0 0 0 0 0 0 0 0
