"argentina" 0 0 0 0 0 0 -6629.93955612183 -17927.8106689453 -20578.1211853027 -21791.711807251 0 -39597.6295471191 19.7282861918211 -262.553751468658 -698.881924152374 0 0 0
"bolivia" 0 0 37731.8572998047 290829.58984375 867614.135742188 1126754.27246094 0 0 223078.628540039 32058.0520629883 121326.530456543 122453.399658203 0 0 0 0 0 0
"brasil" 0 0 0 701497.131347656 2867992.43164062 2688898.92578125 0 0 0 0 0 648260.559082031 0 0 0 0 0 0
"oceania" 0 0 0 -8.26012901961803 301.965296268463 3945.60790061951 0 0 13.5585181415081 643.91815662384 1260.44571399689 3578.60660552979 0 0 0 0 0 0
"newzealand" 0 0 0 0 0 0 0 0 0 0 -2760.05554199219 -8217.49973297119 0 0 0 399.99794960022 0 0
"china" 0 0 0 0 -1205.24501800537 -666.243612766266 -51.9389770925045 -96.3146165013313 -16606.4491271973 -4981.37903213501 11135.5819702148 -32132.6484680176 -179.032504558563 -9.77008417248726 1125.03504753113 0 0 0
"japan" 0 0 0 0 0 0 0 0 141.151517629623 1450.50120353699 2682.38162994385 1973.05464744568 0 0 -61.5174807608128 0 0 0
"korea" 0 0 0 0 0 0 0 0 0 -259.541392326355 -496.570378541946 0 0 0 0 0 0 0
"indonesia" 0 0 0 19165.4300689697 31495.0180053711 1935526.61132812 0 0 0 0 0 0 0 0 0 0 0 0
"madagascar" 0 0 0 -1744.55010890961 -859.934628009796 -15512.2985839844 0 0 0 0 0 0 0 0 0 0 0 0
"eastasia" 0 0 0 0 0 -826.83265209198 0 0 -976.211667060852 30363.561630249 6563.58671188354 0 0 -2207.47399330139 -8159.63935852051 0 0 0
"seasia" 0 0 0 12404.2940139771 -261.906504631042 11118.1354522705 0 0 0 0 -296.572983264923 2998.23212623596 0 0 0 0 0 0
"malasya" 0 0 0 0 0 632547.973632812 0 0 0 0 0 0 0 0 0 0 0 0
"myanmar" 0 0 0 5590.13605117798 10575.6216049194 1305.00948429108 0 0 0 0 2216.52507781982 2080.78932762146 0 0 0 0 0 0
"southasia" 0 0 0 9720.14331817627 48782.3829650879 3087.03374862671 0 -7.73125607520342 8.74796509742737 11533.6027145386 580.404877662659 0 0 0 0 0 0 0
"india" 0 3557.61075019836 75051.1016845703 113651.229858398 21587.3241424561 6268.85223388672 0 10433.3353042603 23413.5112762451 3291.2495136261 1825.91784000397 7861.68527603149 0 0 0 0 0 0
"canada" 0 0 0 0 0 0 0 -23190.6509399414 1926272.70507812 566292.541503906 1285.70520877838 0 0 3625.55956840515 54946.0601806641 13.7765696272254 0 0
"us" 0 0 0 0 0 0 -15735.5461120605 -98465.576171875 -45127.0790100098 41540.9889221191 -1401.1116027832 -55821.8803405762 -104.129254817963 -1358.32285881042 8.45438987016678 0 0 0
"mexico" 0 -6091.82405471802 -20597.2537994385 -10551.5842437744 448.16255569458 -4523.96678924561 -896.850645542145 -3785.89844703674 -12601.8762588501 -6091.93420410156 -828.607261180878 1442.70658493042 0 0 0 0 0 0
"colombia" 0 0 0 -12.5684030354023 -773.965656757355 -54489.3836975098 0 0 0 0 -8.6936978623271 -6292.70601272583 0 0 0 0 0 0
"latinamer" 0 289.042383432388 -946.076571941376 -3996.4644908905 -10198.0876922607 -24051.399230957 -1804.81994152069 -2783.95867347717 -3771.15058898926 -4432.03353881836 -2689.6071434021 -2690.42491912842 -3.15851741470397 -434.738278388977 -1198.56286048889 757.776975631714 -633.645594120026 0
"paraguay" 0 0 0 0 0 231479.858398438 0 0 0 0 0 287798.187255859 0 0 0 0 0 0
"peru" 13002.8839111328 32027.9388427734 8006.34479522705 453.696399927139 17565.0520324707 611209.228515625 67172.2793579102 50413.9251708984 13500.3032684326 21373.8422393799 80268.0435180664 251503.875732422 0 0 0 0 0 0
"uruguay" 0 0 0 0 0 0 0 0 0 0 0 6245.65696716309 0 0 0 0 0 0
"venezuela" 0 -3.59788862988353 0 -950.950503349304 -4921.66471481323 -12344.8324203491 0 0 0 0 0 0 0 0 0 0 0 0
"eu27" 0 0 0 0 0 0 0 0 24381.34765625 337841.583251953 71128.41796875 14024.206161499 0 1000.15938282013 11167.387008667 371.263980865479 0 0
"uk" 0 0 0 0 0 0 0 0 0 -1773.50986003876 -8575.57392120361 -351.365834474564 0 0 0 -52.0839542150497 0 0
"efta" 0 0 0 0 0 0 0 0 0 622.950494289398 0 0 0 -1008.36229324341 -102.995663881302 -22.8148456662893 0 0
"restofworld" 0 0 0 0 0 0 -6625.67377090454 -486.323118209839 -947.720587253571 40045.5665588379 883.184134960175 309.853613376617 -53.1251579523087 -549.699664115906 324.695318937302 -21.2270617485046 0 0
"russia" 0 0 0 0 0 0 0 226.767599582672 16422.0314025879 4342.88311004639 499.794334173203 0 4522.80759811401 24175.8441925049 129676.971435547 0 0 0
"mena" -2967.74387359619 0 0 0 0 0 -1976.78101062775 -13235.481262207 -2793.33806037903 23441.8621063232 2917.93775558472 0 0 0 -21.3766805827618 0 0 0
"angola" 0 0 -2877.94256210327 -63702.1789550781 -67293.1823730469 0 0 0 -50.6840236485004 -9758.25023651123 0 0 0 0 0 0 0 0
"drc" 0 0 0 0 -8853.81507873535 -4158.72716903687 0 0 0 0 0 0 0 0 0 0 0 0
"nafr" 0.667998800054193 0 0 0 0 0 -2100.95238685608 -2087.92066574097 -70.5114528536797 -37.2261106967926 0 0 0 0 0 0 0 0
"wafr" 0 0 -3378.22985649109 -18211.6107940674 -11745.0828552246 615.627467632294 0 0 0 0 0 0 0 0 0 0 0 0
"cafr" 0 -8.73048137873411 0 -1541.23890399933 -12284.8806381226 -38406.8450927734 0 0 0 0 0 0 0 0 0 0 0 0
"eafr" -3.65218776278198 -168.914198875427 -916.421711444855 -6530.01928329468 -1124.43387508392 4354.09545898438 0 0 0 0 1364.28725719452 2523.31137657166 0 0 0 0 0 0
"safr" 0 0 -24168.6496734619 -18890.064239502 -36.7826633155346 261.184632778168 0 -0.514459272380918 -1921.72718048096 -1493.70384216309 -2766.9095993042 0 0 0 0 0 0 0
"ivorycoast" 0 0 0 4010.61201095581 -36516.8952941895 334186.5234375 0 0 0 0 0 0 0 0 0 0 0 0
"ghana" 0 0 0 5209.90800857544 361825.988769531 1413.5627746582 0 0 0 0 0 0 0 0 0 0 0 0
"nigeria" 0 0 0 3.06020444259048 5275.80738067627 4441.55597686768 0 0 0 0 0 0 0 0 0 0 0 0
"mozambique" 0 0 -2567.81148910522 -5240.43798446655 -1398.60653877258 0 0 0 0 0 0 0 0 0 0 0 0 0
