"argentina" 0 0 0 0 0 0 -31745.9144592285 -14703.685760498 -123257.484436035 -174750.198364258 0 -63012.1765136719 -479.917645454407 -3388.7894153595 1907.94849395752 0 0 0
"bolivia" 0 0 37883.0604553223 291145.843505859 869482.238769531 1127597.16796875 0 0 223020.858764648 32121.8872070312 121456.535339355 122895.347595215 0 0 0 0 0 0
"brasil" 0 0 0 707324.829101562 2884593.26171875 2699374.75585938 0 0 0 0 0 651372.924804688 0 0 0 0 0 0
"oceania" 0 0 0 17.5347756594419 235.699608922005 1965.92843532562 0 0 19.4284468889236 684.93789434433 1204.98859882355 3359.11870002747 0 0 0 0 0 0
"newzealand" 0 0 0 0 0 0 0 0 0 0 -1890.18547534943 -5608.09755325317 0 0 0 305.536836385727 0 0
"china" 0 0 0 0 -1216.94874763489 -961.743116378784 -50.2235181629658 -111.972160637379 -16376.3656616211 -14135.9395980835 -5578.85456085205 -36248.7945556641 -150.569349527359 -10.2383848279715 -1356.55736923218 0 0 0
"japan" 0 0 0 0 0 0 0 0 260.730057954788 3172.39189147949 3720.93033790588 2785.67457199097 0 0 -12.3933050781488 0 0 0
"korea" 0 0 0 0 0 0 0 0 0 -225.711539387703 -439.57108259201 0 0 0 0 0 0 0
"indonesia" 0 0 0 18967.0925140381 31064.769744873 1921657.2265625 0 0 0 0 0 0 0 0 0 0 0 0
"madagascar" 0 0 0 -1294.69931125641 -529.83033657074 -11528.5511016846 0 0 0 0 0 0 0 0 0 0 0 0
"eastasia" 0 0 0 0 0 -436.700791120529 0 0 112.050734460354 21549.4327545166 4482.24353790283 0 0 -1189.6733045578 -4119.40288543701 0 0 0
"seasia" 0 0 0 7101.81522369385 -5403.41091156006 5887.66956329346 0 0 0 0 -293.876051902771 1618.44348907471 0 0 0 0 0 0
"malasya" 0 0 0 0 0 14951.868057251 0 0 0 0 0 0 0 0 0 0 0 0
"myanmar" 0 0 0 4160.82143783569 8347.65815734863 1078.92549037933 0 0 0 0 1780.28476238251 1668.82503032684 0 0 0 0 0 0
"southasia" 0 0 0 7251.36995315552 36941.6389465332 2121.98090553284 0 -6.96817133575678 6.23395945876837 9003.07750701904 454.423576593399 0 0 0 0 0 0 0
"india" 0 2656.4610004425 56140.9568786621 81988.3422851562 15838.0336761475 4667.42038726807 0 7713.34552764893 17638.2350921631 2413.41209411621 1242.27249622345 5942.7170753479 0 0 0 0 0 0
"canada" 0 0 0 0 0 0 0 -13541.8548583984 1707759.27734375 490821.868896484 1141.1749124527 0 0 3180.65524101257 48974.5216369629 12.3715456575155 0 0
"us" 0 0 0 0 0 0 -14078.8526535034 -78877.6397705078 -41212.2039794922 29480.7605743408 -8352.53429412842 -51552.0095825195 -104.049630463123 -1404.03699874878 -5.8210794813931 0 0 0
"mexico" 0 -7217.72050857544 -21057.6610565186 -4686.9969367981 12664.8845672607 1575.20651817322 -1107.46288299561 -4252.23445892334 -9419.00157928467 16.9470608234406 2017.17233657837 3663.20061683655 0 0 0 0 0 0
"colombia" 0 0 0 2901.66187286377 44521.7742919922 2167666.9921875 0 0 0 0 3419.34847831726 199403.518676758 0 0 0 0 0 0
"latinamer" 0 763.328850269318 -1292.36614704132 -3930.17101287842 -12468.4705734253 -9455.3394317627 -3182.60669708252 -4663.35487365723 -6183.98332595825 -7347.02444076538 -2932.29508399963 1349.66194629669 3.71629744768143 -447.168380022049 -670.476853847504 4595.20721435547 -898.595929145813 0
"paraguay" 0 0 0 0 0 233342.468261719 0 0 0 0 0 288087.158203125 0 0 0 0 0 0
"peru" 12865.6425476074 32956.2301635742 7477.59532928467 374.149829149246 17432.5389862061 610063.842773438 66431.7626953125 52262.825012207 13300.0612258911 21058.5899353027 79171.142578125 248705.490112305 0 0 0 0 0 0
"uruguay" 0 0 0 0 0 0 0 0 0 0 0 8507.70092010498 0 0 0 0 0 0
"venezuela" 0 -3.52472066879272 0 -914.960443973541 -4745.09620666504 -12051.1426925659 0 0 0 0 0 0 0 0 0 0 0 0
"eu27" 0 0 0 0 0 0 0 0 41254.2991638184 536587.097167969 132581.527709961 25118.3433532715 0 2304.94832992554 17141.9143676758 692.302823066711 0 0
"uk" 0 0 0 0 0 0 0 0 0 -3854.54726219177 -11855.8034896851 -726.481258869171 0 0 0 -161.9483679533 0 0
"efta" 0 0 0 0 0 0 0 0 0 -204.44843173027 0 0 0 -1473.89507293701 -506.815969944 -28.4854881465435 0 0
"restofworld" 0 0 0 0 0 0 -7234.82990264893 -570.10954618454 -4360.65006256104 6275.95376968384 -1429.56244945526 18.5644440352917 -65.0534853339195 -705.249309539795 -257.128447294235 -30.5268410593271 0 0
"russia" 0 0 0 0 0 0 0 250.07238984108 17436.6073608398 5407.6452255249 516.234338283539 0 4509.96017456055 24081.5677642822 129861.404418945 0 0 0
"mena" -3798.27189445496 0 0 0 0 0 -2808.80665779114 -18040.4357910156 5763.596534729 40681.224822998 4967.03767776489 0 0 0 -15.385921113193 0 0 0
"angola" 0 0 -2652.37808227539 -58776.5007019043 -61958.6448669434 0 0 0 -45.4774983227253 -9021.42906188965 0 0 0 0 0 0 0 0
"drc" 0 0 0 0 -10934.6923828125 -7998.66771697998 0 0 0 0 0 0 0 0 0 0 0 0
"nafr" -13.9324991032481 0 0 0 0 0 -1481.684923172 -1471.80891036987 -69.4694146513939 -32.6867774128914 0 0 0 0 0 0 0 0
"wafr" 0 0 -3159.62171554565 -17525.2017974854 -10989.1538619995 -276.488095521927 0 0 0 0 0 0 0 0 0 0 0 0
"cafr" 0 -11.5550728514791 0 -1690.21606445312 -12859.0593338013 -38735.2828979492 0 0 0 0 0 0 0 0 0 0 0 0
"eafr" -4.67518018558621 -214.728131890297 -1010.66422462463 -3355.82494735718 1166.51082038879 10651.1116027832 0 0 0 0 3158.3514213562 5231.70232772827 0 0 0 0 0 0
"safr" 0 0 -19023.9505767822 -15662.8398895264 -31.5525308251381 172.976598143578 0 -0.450882856966928 -1609.72046852112 -1363.94619941711 -2402.59718894958 0 0 0 0 0 0 0
"ivorycoast" 0 0 0 3602.3383140564 -39288.1355285645 330896.850585938 0 0 0 0 0 0 0 0 0 0 0 0
"ghana" 0 0 0 5161.19909286499 361236.81640625 -5375.77867507935 0 0 0 0 0 0 0 0 0 0 0 0
"nigeria" 0 0 0 -80.9044018387794 2098.04797172546 2017.21358299255 0 0 0 0 0 0 0 0 0 0 0 0
"mozambique" 0 0 2171.4391708374 11110.2428436279 6956.14194869995 0 0 0 0 0 0 0 0 0 0 0 0 0
