"argentina" 0 0 0 0 0 0 -6951.43556594849 -18697.1817016602 -21557.6229095459 -22864.3817901611 0 -41525.4821777344 33.5246436297894 -220.446795225143 -698.940277099609 0 0 0
"bolivia" 0 0 1812.33477592468 -9189.09740447998 -25565.3266906738 -45418.9262390137 0 0 -1617.72513389587 -1620.14496326447 -725.858390331268 -1287.18161582947 0 0 0 0 0 0
"brasil" 0 0 0 711146.240234375 2894829.1015625 2705893.5546875 0 0 0 0 0 654488.098144531 0 0 0 0 0 0
"oceania" 0 0 0 2.08579190075397 358.481794595718 4528.29647064209 0 0 21.1778655648232 845.926284790039 1567.34812259674 4412.30726242065 0 0 0 0 0 0
"newzealand" 0 0 0 0 0 0 0 0 0 0 -2687.98685073853 -7922.39999771118 0 0 0 566.759467124939 0 0
"china" 0 0 0 0 -1229.55250740051 -843.731641769409 -53.0568733811378 -105.905055999756 -16648.6949920654 -10229.453086853 1738.90841007233 -34908.4320068359 -163.855209946632 -10.1434057578444 -263.630092144012 0 0 0
"japan" 0 0 0 0 0 0 0 0 244.070738554001 2839.78819847107 3810.73641777039 2825.48213005066 0 0 -38.4185127913952 0 0 0
"korea" 0 0 0 0 0 0 0 0 0 -175.314173102379 -339.766383171082 0 0 0 0 0 0 0
"indonesia" 0 0 0 19258.4762573242 31690.3953552246 1942305.41992188 0 0 0 0 0 0 0 0 0 0 0 0
"madagascar" 0 0 0 -1908.08010101318 -926.896631717682 -16394.1802978516 0 0 0 0 0 0 0 0 0 0 0 0
"eastasia" 0 0 0 0 0 -824.411511421204 0 0 -307.384550571442 38487.361907959 8333.02688598633 0 0 -2276.29113197327 -8144.73152160645 0 0 0
"seasia" 0 0 0 17890.3388977051 6703.62663269043 17893.6176300049 0 0 0 0 -290.202528238297 4809.34190750122 0 0 0 0 0 0
"malasya" 0 0 0 0 0 633801.696777344 0 0 0 0 0 0 0 0 0 0 0 0
"myanmar" 0 0 0 7409.76476669312 13372.8790283203 1640.22016525269 0 0 0 0 2786.42225265503 2613.8277053833 0 0 0 0 0 0
"southasia" 0 0 0 6143.23663711548 31261.9304656982 1843.1431055069 0 -6.64477609097958 5.0806412473321 7894.35911178589 390.922009944916 0 0 0 0 0 0 0
"india" 0 2002.55084037781 45464.7598266602 63129.6424865723 12354.585647583 3829.13088798523 0 7727.88429260254 15401.0581970215 1851.87458992004 843.88941526413 4600.16107559204 0 0 0 0 0 0
"canada" 0 0 0 0 0 0 0 -24143.1465148926 2015849.609375 590193.542480469 1344.94018554688 0 0 3834.26117897034 58238.5864257812 15.1549438014627 0 0
"us" 0 0 0 0 0 0 -16331.8271636963 -103271.423339844 -46817.0547485352 48586.7385864258 4082.19289779663 -53528.6064147949 -85.3976458311081 -1225.55780410767 16.9901866465807 0 0 0
"mexico" 0 -6255.41400909424 -20868.0057525635 -10331.0146331787 1169.34382915497 -4250.26321411133 -928.610324859619 -3892.47989654541 -12624.0196228027 -5791.83721542358 -658.06633234024 1601.01521015167 0 0 0 0 0 0
"colombia" 0 0 0 -12.4324783682823 -783.57470035553 -55326.8852233887 0 0 0 0 -8.74361954629421 -6394.47069168091 0 0 0 0 0 0
"latinamer" 0 343.389719724655 -934.993088245392 -3786.33308410645 -10111.2499237061 -21623.3615875244 -1859.98427867889 -2820.64938545227 -3821.55585289001 -4531.68153762817 -2604.31909561157 -1949.47028160095 -1.62401958368719 -393.011569976807 -991.779565811157 1341.56322479248 -618.060827255249 0
"paraguay" 0 0 0 0 0 234042.129516602 0 0 0 0 0 290921.478271484 0 0 0 0 0 0
"peru" 12983.8647842407 31795.6924438477 8052.26898193359 463.228285312653 17533.634185791 610934.448242188 67066.9097900391 49962.5778198242 13449.83959198 21294.921875 79994.9035644531 250802.886962891 0 0 0 0 0 0
"uruguay" 0 0 0 0 0 0 0 0 0 0 0 10123.1813430786 0 0 0 0 0 0
"venezuela" 0 -3.58099024742842 0 -968.034505844116 -5008.61024856567 -12530.0941467285 0 0 0 0 0 0 0 0 0 0 0 0
"eu27" 0 0 0 0 0 0 0 0 29516.7179107666 400125.122070312 88850.6317138672 17299.3125915527 0 1143.4029340744 13129.9343109131 461.23856306076 0 0
"uk" 0 0 0 0 0 0 0 0 0 -1781.99255466461 -9174.80754852295 -355.22586107254 0 0 0 -48.7569868564606 0 0
"efta" 0 0 0 0 0 0 0 0 0 801.797151565552 0 0 0 -1054.6088218689 -62.4672658741474 -24.4692992419004 0 0
"restofworld" 0 0 0 0 0 0 -7394.97566223145 -536.476135253906 -696.59811258316 46663.8832092285 1141.41702651978 362.915217876434 -60.0734353065491 -613.210916519165 390.749663114548 -23.2785921543837 0 0
"russia" 0 0 0 0 0 0 0 407.0865213871 29496.467590332 7361.54222488403 661.975800991058 0 5310.52303314209 27941.4920806885 148891.830444336 0 0 0
"mena" -3731.5194606781 0 0 0 0 0 -2486.84144020081 -16611.8793487549 -3488.55328559875 29497.7169036865 3695.87802886963 0 0 0 -27.3270290344954 0 0 0
"angola" 0 0 129881.378173828 3353454.58984375 3390574.70703125 0 0 0 1075.51205158234 740076.477050781 0 0 0 0 0 0 0 0
"drc" 0 0 0 0 -8220.92819213867 -2648.12898635864 0 0 0 0 0 0 0 0 0 0 0 0
"nafr" -11.1764725297689 0 0 0 0 0 -1675.60732364655 -1700.1770734787 -74.2792934179306 -35.8316339552402 0 0 0 0 0 0 0 0
"wafr" 0 0 -3293.00785064697 -17583.0402374268 -11467.0515060425 1588.62578868866 0 0 0 0 0 0 0 0 0 0 0 0
"cafr" 0 -17.2551721334457 0 -2085.05201339722 -16141.0045623779 -47323.558807373 0 0 0 0 0 0 0 0 0 0 0 0
"eafr" -3.97611455991864 -185.468658804893 -1001.57725811005 -7076.48992538452 -1062.48295307159 5364.67313766479 0 0 0 0 1654.08432483673 3008.09717178345 0 0 0 0 0 0
"safr" 0 0 -26191.9593811035 -19995.7084655762 -37.6093536615372 360.475778579712 0 -0.535757571924478 -2045.33290863037 -1457.1430683136 -2843.61624717712 0 0 0 0 0 0 0
"ivorycoast" 0 0 0 4153.55205535889 -36039.1082763672 335349.151611328 0 0 0 0 0 0 0 0 0 0 0 0
"ghana" 0 0 0 5241.88041687012 362199.127197266 3275.62403678894 0 0 0 0 0 0 0 0 0 0 0 0
"nigeria" 0 0 0 24.8648021370173 6315.15836715698 5234.61723327637 0 0 0 0 0 0 0 0 0 0 0 0
"mozambique" 0 0 -2232.18894004822 -4154.96730804443 -843.084514141083 0 0 0 0 0 0 0 0 0 0 0 0 0
