"argentina" 0 0 0 0 0 0 -6350.1148223877 -18194.7402954102 -19748.1327056885 -21396.3890075684 0 -39672.5234985352 -123.108886182308 -848.667621612549 -1026.0546207428 0 0 0
"bolivia" 0 0 37757.4691772461 290929.077148438 868257.263183594 1127117.79785156 0 0 222304.656982422 32087.7990722656 121147.125244141 123012.542724609 0 0 0 0 0 0
"brasil" 0 0 0 -29301.7082214355 -216267.776489258 -10652.9054641724 0 0 0 0 0 -6395.78247070312 0 0 0 0 0 0
"oceania" 0 0 0 -37.3303480446339 403.337627649307 6106.44912719727 0 0 10.7936300337315 721.223413944244 1502.80427932739 4318.51482391357 0 0 0 0 0 0
"newzealand" 0 0 0 0 0 0 0 0 0 0 -4552.44541168213 -13911.1347198486 0 0 0 -185.731276869774 0 0
"china" 0 0 0 0 -1310.99534034729 -890.452146530151 -51.8161691725254 -103.809684514999 -16939.2337799072 -9670.65238952637 3109.07912254333 -36270.4238891602 -172.98498749733 -9.21840593218803 48.2500083744526 0 0 0
"japan" 0 0 0 0 0 0 0 0 238.665103912354 2753.41415405273 3822.9284286499 2823.33636283875 0 0 -43.5917638242245 0 0 0
"korea" 0 0 0 0 0 0 0 0 0 -135.950982570648 -272.284239530563 0 0 0 0 0 0 0
"indonesia" 0 0 0 19109.7431182861 31388.4220123291 1931046.02050781 0 0 0 0 0 0 0 0 0 0 0 0
"madagascar" 0 0 0 -1374.81904029846 -650.148212909698 -12366.1909103394 0 0 0 0 0 0 0 0 0 0 0 0
"eastasia" 0 0 0 0 0 -794.403314590454 0 0 -32.4057266116142 42275.8369445801 9301.66149139404 0 0 -2271.55637741089 -8037.85037994385 0 0 0
"seasia" 0 0 0 8011.35540008545 -13759.0160369873 1918.5779094696 0 0 0 0 -468.454092741013 1190.78493118286 0 0 0 0 0 0
"malasya" 0 0 0 0 0 633299.011230469 0 0 0 0 0 0 0 0 0 0 0 0
"myanmar" 0 0 0 3732.19084739685 6293.95437240601 839.584052562714 0 0 0 0 1267.96841621399 1312.99006938934 0 0 0 0 0 0
"southasia" 0 0 0 6779.82234954834 34175.3730773926 2190.86980819702 0 -5.95835875719786 5.10460790246725 7964.74742889404 396.684676408768 0 0 0 0 0 0 0
"india" 0 2604.6998500824 56762.6914978027 84354.9346923828 16524.0612030029 4933.5150718689 0 8733.63494873047 18339.8628234863 2418.97201538086 1317.76690483093 6136.50941848755 0 0 0 0 0 0
"canada" 0 0 0 0 0 0 0 -20317.0604705811 1399649.4140625 417484.710693359 975.214719772339 0 0 2559.69882011414 38764.4958496094 6.64363615214825 0 0
"us" 0 0 0 0 0 0 -11737.2379302979 -84480.2093505859 -38568.6912536621 10508.5649490356 -16668.4608459473 -52869.0223693848 -159.93458032608 -1719.34282779694 -11.941653676331 0 0 0
"mexico" 0 -5373.34775924683 -18211.9998931885 -9566.23458862305 -317.999362945557 -4378.50189208984 -764.986872673035 -3271.67797088623 -11074.556350708 -5794.69394683838 -951.576769351959 1094.84255313873 0 0 0 0 0 0
"colombia" 0 0 0 -11.9436522945762 -683.944404125214 -47188.1256103516 0 0 0 0 -7.8053972683847 -5406.70585632324 0 0 0 0 0 0
"latinamer" 0 171.133428812027 -1086.59183979034 -5104.74634170532 -11899.2443084717 -34910.1791381836 -1831.37214183807 -2940.09900093079 -4008.63647460938 -4620.22113800049 -3284.91950035095 -5072.74150848389 -7.58900819346309 -586.042046546936 -1865.6712770462 -754.519581794739 -735.370993614197 0
"paraguay" 0 0 0 0 0 -5305.21821975708 0 0 0 0 0 1408.74004364014 0 0 0 0 0 0
"peru" 12927.5102615356 32129.150390625 7910.81285476685 435.325562953949 17518.3906555176 610804.6875 66773.3001708984 50627.3880004883 13428.391456604 21260.8394622803 79875.4043579102 250500.381469727 0 0 0 0 0 0
"uruguay" 0 0 0 0 0 0 0 0 0 0 0 -2275.71105957031 0 0 0 0 0 0
"venezuela" 0 -2.93849338777363 0 -760.018646717072 -3906.72636032104 -9865.44322967529 0 0 0 0 0 0 0 0 0 0 0 0
"eu27" 0 0 0 0 0 0 0 0 30967.2832489014 422250.335693359 92653.8619995117 18048.7098693848 0 801.099061965942 13983.8962554932 457.817137241364 0 0
"uk" 0 0 0 0 0 0 0 0 0 -3876.46651268005 -10895.6146240234 -724.651694297791 0 0 0 -172.215551137924 0 0
"efta" 0 0 0 0 0 0 0 0 0 -787.922263145447 0 0 0 -1400.57909488678 -663.950264453888 -24.8912815004587 0 0
"restofworld" 0 0 0 0 0 0 -6233.77132415771 -499.132394790649 -5021.01802825928 -7668.10894012451 -2128.342628479 -96.8769565224648 -57.8938722610474 -651.323854923248 -435.631483793259 -29.9872271716595 0 0
"russia" 0 0 0 0 0 0 0 -320.902466773987 -29053.3924102783 -9203.12213897705 -53.2936565577984 0 1969.44761276245 12318.6473846436 71905.9982299805 0 0 0
"mena" -5545.14408111572 0 0 0 0 0 -3328.24850082397 -22684.1812133789 -14219.8114395142 31312.952041626 4057.3296546936 0 0 0 -54.6312928199768 0 0 0
"angola" 0 0 -2599.28250312805 -57354.175567627 -60580.8258056641 0 0 0 -47.1483282744884 -8780.19237518311 0 0 0 0 0 0 0 0
"drc" 0 0 0 0 -8879.71115112305 -4376.60694122314 0 0 0 0 0 0 0 0 0 0 0 0
"nafr" -8.9953588321805 0 0 0 0 0 -1906.82601928711 -1970.64554691315 -80.7023271918297 -39.805319160223 0 0 0 0 0 0 0 0
"wafr" 0 0 -3326.34329795837 -19288.2213592529 -12308.1731796265 -1348.04511070251 0 0 0 0 0 0 0 0 0 0 0 0
"cafr" 0 -10.1274587213993 0 -1486.16349697113 -12651.1631011963 -38645.5535888672 0 0 0 0 0 0 0 0 0 0 0 0
"eafr" -3.13482596538961 -146.340757608414 -848.356366157532 -7269.90842819214 -1797.61922359467 2098.32000732422 0 0 0 0 731.64838552475 1570.67894935608 0 0 0 0 0 0
"safr" 0 0 -20371.5496063232 -16420.3605651855 -34.0982861816883 74.2321833968163 0 -0.451031635748222 -1641.37017726898 -1486.6658449173 -2504.06193733215 0 0 0 0 0 0 0
"ivorycoast" 0 0 0 -4451.86710357666 -10112.3628616333 -20717.8840637207 0 0 0 0 0 0 0 0 0 0 0 0
"ghana" 0 0 0 -189.801052212715 376.24654173851 6795.61853408813 0 0 0 0 0 0 0 0 0 0 0 0
"nigeria" 0 0 0 94.6524068713188 8874.21798706055 7123.93522262573 0 0 0 0 0 0 0 0 0 0 0 0
"mozambique" 0 0 -3296.57793045044 -8479.6142578125 -3272.69172668457 0 0 0 0 0 0 0 0 0 0 0 0 0
