"argentina" 0 0 0 0 0 0 -32478.1684875488 -17022.8652954102 -125776.443481445 -177458.053588867 0 -67680.3359985352 -548.551976680756 -3720.03746032715 1908.18381309509 0 0 0
"bolivia" 0 0 37800.4341125488 290891.815185547 867960.571289062 1126959.10644531 0 0 222242.370605469 32077.8884887695 121096.282958984 122783.432006836 0 0 0 0 0 0
"brasil" 0 0 0 -25801.6662597656 -219777.420043945 57744.1558837891 0 0 0 0 0 1211.00544929504 0 0 0 0 0 0
"oceania" 0 0 0 2.10235174745321 612.911581993103 7043.625831604 0 0 39.8333258926868 1527.98163890839 2784.01112556458 7873.88515472412 0 0 0 0 0 0
"newzealand" 0 0 0 0 0 0 0 0 0 0 -3009.65666770935 -8583.3683013916 0 0 0 1161.96441650391 0 0
"china" 0 0 0 0 -668.36005449295 -602.115035057068 -20.7222737371922 -58.2350827753544 -8308.31527709961 -9186.53392791748 -6468.31321716309 -20246.940612793 -76.4416828751564 -4.3982770293951 -1145.03121376038 0 0 0
"japan" 0 0 0 0 0 0 0 0 -44.4919131696224 -717.096865177155 -421.395540237427 -299.383819103241 0 0 -27.2761862725019 0 0 0
"korea" 0 0 0 0 0 0 0 0 0 -137.633457779884 -229.998558759689 0 0 0 0 0 0 0
"indonesia" 0 0 0 -405.507445335388 -191.198766231537 43285.0914001465 0 0 0 0 0 0 0 0 0 0 0 0
"madagascar" 0 0 0 -1486.56129837036 -786.097943782806 -12428.7052154541 0 0 0 0 0 0 0 0 0 0 0 0
"eastasia" 0 0 0 0 0 -543.357253074646 0 0 -2058.99000167847 2092.04578399658 390.920162200928 0 0 -1281.94630146027 -5303.30085754395 0 0 0
"seasia" 0 0 0 33397.4151611328 43262.0811462402 43992.5193786621 0 0 0 0 61.3694451749325 10893.2132720947 0 0 0 0 0 0
"malasya" 0 0 0 0 0 637661.193847656 0 0 0 0 0 0 0 0 0 0 0 0
"myanmar" 0 0 0 151.020959019661 1709.70189571381 194.955542683601 0 0 0 0 422.46800661087 306.688278913498 0 0 0 0 0 0
"southasia" 0 0 0 -551.091849803925 -2031.22186660767 -232.133001089096 0 -1.8898060079664 -1.96082307957113 -21.6670781373978 -17.6297482103109 0 0 0 0 0 0 0
"india" 0 104.620687663555 6260.79845428467 5756.86740875244 1408.89549255371 657.892823219299 0 3105.80062866211 3352.30946540833 101.788692176342 -26.2187495827675 433.030933141708 0 0 0 0 0 0
"canada" 0 0 0 0 0 0 0 -11284.7919464111 1277436.5234375 369205.932617188 916.444301605225 0 0 2706.75849914551 42243.5111999512 12.5916209071875 0 0
"us" 0 0 0 0 0 0 -17782.5984954834 -100076.858520508 -47458.8775634766 157622.146606445 76345.3369140625 -6233.04080963135 224.195748567581 1135.83278656006 109.005488455296 0 0 0
"mexico" 0 -3348.27828407288 -7914.14737701416 -454.115629196167 7068.89772415161 1452.17180252075 -370.072662830353 -1432.02590942383 -1684.25273895264 1237.6172542572 1140.57278633118 1596.35019302368 0 0 0 0 0 0
"colombia" 0 0 0 -8.53034202009439 -490.384429693222 -34532.3829650879 0 0 0 0 -5.75077394023538 -4049.27253723145 0 0 0 0 0 0
"latinamer" 0 187.63056397438 -543.192028999329 -1924.06833171844 -4846.36497497559 -7597.18894958496 -1188.33720684052 -1838.28735351562 -2466.27998352051 -2751.68180465698 -1192.57748126984 -981.385767459869 -2.1672120783478 -300.035893917084 -822.288155555725 496.240377426147 -430.125743150711 0
"paraguay" 0 0 0 0 0 232767.532348633 0 0 0 0 0 291407.2265625 0 0 0 0 0 0
"peru" 12868.558883667 32122.184753418 7870.41997909546 430.400967597961 17538.8298034668 610980.773925781 66477.3025512695 50623.0163574219 13459.490776062 21309.8678588867 80046.1959838867 250936.065673828 0 0 0 0 0 0
"uruguay" 0 0 0 0 0 0 0 0 0 0 0 3332.05485343933 0 0 0 0 0 0
"venezuela" 0 -1.90195732284337 0 -449.329823255539 -2420.03011703491 -6156.52418136597 0 0 0 0 0 0 0 0 0 0 0 0
"eu27" 0 0 0 0 0 0 0 0 10294.5098876953 147954.284667969 28225.5058288574 5572.49164581299 0 1140.48838615417 4830.74998855591 171.386107802391 0 0
"uk" 0 0 0 0 0 0 0 0 0 -861.210763454437 -4507.01999664307 -175.579190254211 0 0 0 -21.1996212601662 0 0
"efta" 0 0 0 0 0 0 0 0 0 240.173518657684 0 0 0 -517.044544219971 -73.760524392128 -11.2457759678364 0 0
"restofworld" 0 0 0 0 0 0 -3821.47645950317 -280.808418989182 -310.285836458206 25555.4027557373 787.06556558609 202.282816171646 -27.6110377162695 -286.281585693359 241.150364279747 -9.44446865469217 0 0
"russia" 0 0 0 0 0 0 0 336.310565471649 26182.7487945557 7854.30192947388 480.052947998047 0 3512.68553733826 18254.2400360107 96160.4537963867 0 0 0
"mena" -2246.9539642334 0 0 0 0 0 -1268.10717582703 -8655.74550628662 -6834.84840393066 9854.60090637207 1307.29854106903 0 0 0 -21.9941884279251 0 0 0
"angola" 0 0 129646.835327148 3351830.56640625 3390112.79296875 0 0 0 1075.20079612732 739816.284179688 0 0 0 0 0 0 0 0
"drc" 0 0 0 0 -5570.98054885864 -1965.86680412292 0 0 0 0 0 0 0 0 0 0 0 0
"nafr" -7.92480073869228 0 0 0 0 0 -960.134506225586 -928.717494010925 -39.7285111248493 -19.5299722254276 0 0 0 0 0 0 0 0
"wafr" 0 0 -1993.06488037109 -12732.7222824097 -8127.60925292969 -1455.5572271347 0 0 0 0 0 0 0 0 0 0 0 0
"cafr" 0 -13.4349353611469 0 -1284.99460220337 -11122.2629547119 -32377.1286010742 0 0 0 0 0 0 0 0 0 0 0 0
"eafr" -1.66349182836711 -75.4828602075577 -467.62490272522 -5056.74362182617 -1507.00998306274 54.3957948684692 0 0 0 0 107.170559465885 305.609464645386 0 0 0 0 0 0
"safr" 0 0 -11163.5055541992 -10211.2712860107 -20.7841917872429 114.354848861694 0 -0.304104731185362 -1031.35585784912 -894.079148769379 -1603.84094715118 0 0 0 0 0 0 0
"ivorycoast" 0 0 0 -3586.81464195251 -7873.2705116272 -15841.0987854004 0 0 0 0 0 0 0 0 0 0 0 0
"ghana" 0 0 0 -77.276386320591 1644.79851722717 6650.17461776733 0 0 0 0 0 0 0 0 0 0 0 0
"nigeria" 0 0 0 -35.5659984052181 2523.2367515564 2263.46707344055 0 0 0 0 0 0 0 0 0 0 0 0
"mozambique" 0 0 -2912.64462471008 -8123.24523925781 -3493.43276023865 0 0 0 0 0 0 0 0 0 0 0 0 0
