"argentina" 0 0 0 0 0 0 -30940.6337738037 -12158.9307785034 -120493.141174316 -171778.64074707 0 -57232.3760986328 -405.366092920303 -3048.71296882629 1907.96756744385 0 0 0
"bolivia" 0 0 37880.1040649414 291155.059814453 869541.442871094 1127631.22558594 0 0 222769.409179688 32124.7291564941 121348.724365234 122887.367248535 0 0 0 0 0 0
"brasil" 0 0 0 715117.492675781 2912175.78125 2716158.44726562 0 0 0 0 0 646507.995605469 0 0 0 0 0 0
"oceania" 0 0 0 31.3993878662586 251.201510429382 1945.04022598267 0 0 24.6429741382599 792.150974273682 1347.38683700562 3735.37516593933 0 0 0 0 0 0
"newzealand" 0 0 0 0 0 0 0 0 0 0 -1096.19033336639 -3168.75290870667 0 0 0 384.37882065773 0 0
"china" 0 0 0 0 -984.485983848572 -532.263457775116 -41.9970899820328 -79.6392261981964 -13688.7788772583 -3869.81511116028 9638.97323608398 -26176.2771606445 -147.163659334183 -8.18443857133389 977.793574333191 0 0 0
"japan" 0 0 0 0 0 0 0 0 -11.7498571053147 -490.709602832794 643.296957015991 459.05727148056 0 0 -66.881962120533 0 0 0
"korea" 0 0 0 0 0 0 0 0 0 -286.11296415329 -547.855257987976 0 0 0 0 0 0 0
"indonesia" 0 0 0 19069.221496582 31283.597946167 1928901.73339844 0 0 0 0 0 0 0 0 0 0 0 0
"madagascar" 0 0 0 -2029.82044219971 -1102.95939445496 -17598.3829498291 0 0 0 0 0 0 0 0 0 0 0 0
"eastasia" 0 0 0 0 0 -405.211508274078 0 0 -63.5038912296295 17851.7379760742 3693.15457344055 0 0 -1085.46698093414 -3818.67861747742 0 0 0
"seasia" 0 0 0 6489.90726470947 -5316.88976287842 4078.37533950806 0 0 0 0 -261.625468730927 1252.80940532684 0 0 0 0 0 0
"malasya" 0 0 0 0 0 15545.1040267944 0 0 0 0 0 0 0 0 0 0 0 0
"myanmar" 0 0 0 9543.17188262939 18651.2470245361 2254.73833084106 0 0 0 0 4012.83550262451 3532.36985206604 0 0 0 0 0 0
"southasia" 0 0 0 6727.60200500488 34069.1375732422 2102.22625732422 0 -6.22819876298308 5.46073168516159 8157.22179412842 409.544229507446 0 0 0 0 0 0 0
"india" 0 2270.37882804871 49342.0028686523 72950.4776000977 14404.6325683594 4300.08459091187 0 7145.12920379639 16003.8166046143 2143.3310508728 1119.95184421539 5484.32636260986 0 0 0 0 0 0
"canada" 0 0 0 0 0 0 0 -13284.1634750366 1641252.19726562 473629.669189453 1099.42770004272 0 0 3069.82111930847 47170.8602905273 12.014334090054 0 0
"us" 0 0 0 0 0 0 -12002.4757385254 -69802.6657104492 -37256.4811706543 30714.563369751 -6100.34847259521 -44397.3159790039 -87.9651606082916 -1230.44610023499 -3.17335338331759 0 0 0
"mexico" 0 -6927.48212814331 -20498.4474182129 -4604.9633026123 12250.13256073 1426.98752880096 -1003.91006469727 -3963.78254890442 -9107.1252822876 62.6273453235626 1943.27366352081 3552.9613494873 0 0 0 0 0 0
"colombia" 0 0 0 2901.79324150085 44632.9574584961 2171375.24414062 0 0 0 0 3419.11554336548 200125.930786133 0 0 0 0 0 0
"latinamer" 0 721.068441867828 -1015.9318447113 -2841.45307540894 -10177.9012680054 -4745.04041671753 -2628.50713729858 -3757.57884979248 -4996.42610549927 -6072.84450531006 -2311.75851821899 2387.67433166504 6.21793698519468 -264.935880899429 -95.2386409044266 4869.02952194214 -678.118586540222 0
"paraguay" 0 0 0 0 0 -3635.26368141174 0 0 0 0 0 5487.61034011841 0 0 0 0 0 0
"peru" 12910.1810455322 32843.3418273926 7597.41592407227 390.537589788437 17503.0364990234 610672.973632812 66679.5806884766 52032.5469970703 13406.8822860718 21226.6960144043 79755.9280395508 250197.952270508 0 0 0 0 0 0
"uruguay" 0 0 0 0 0 0 0 0 0 0 0 9798.44856262207 0 0 0 0 0 0
"venezuela" 0 -3.36315715685487 0 -910.423219203949 -4666.51582717896 -11798.5181808472 0 0 0 0 0 0 0 0 0 0 0 0
"eu27" 0 0 0 0 0 0 0 0 17626.9817352295 241271.499633789 53000.3890991211 10262.6237869263 0 1382.62724876404 7897.80569076538 300.824910402298 0 0
"uk" 0 0 0 0 0 0 0 0 0 -1412.07933425903 -6800.04644393921 -281.583338975906 0 0 0 -40.1864908635616 0 0
"efta" 0 0 0 0 0 0 0 0 0 237.554535269737 0 0 0 -845.728516578674 -175.654768943787 -17.7993904799223 0 0
"restofworld" 0 0 0 0 0 0 -4880.43403625488 -372.275233268738 -966.976463794708 28877.1209716797 576.177000999451 222.340375185013 -38.109116256237 -396.234571933746 233.620017766953 -15.5522739514709 0 0
"russia" 0 0 0 0 0 0 0 301.563411951065 23490.2153015137 7947.89457321167 521.818280220032 0 4019.12117004395 21007.9784393311 111987.564086914 0 0 0
"mena" -3224.21383857727 0 0 0 0 0 -2515.1162147522 -16078.3786773682 8159.39617156982 39092.0066833496 4727.31065750122 0 0 0 -9.64084547013044 0 0 0
"angola" 0 0 129773.025512695 3352692.87109375 3390375 0 0 0 1075.38747787476 739969.360351562 0 0 0 0 0 0 0 0
"drc" 0 0 0 0 -8028.77140045166 -4692.83294677734 0 0 0 0 0 0 0 0 0 0 0 0
"nafr" 2.43741692975163 0 0 0 0 0 -1739.60328102112 -1724.41053390503 -57.1863427758217 -30.3402952849865 0 0 0 0 0 0 0 0
"wafr" 0 0 -2358.26563835144 -11338.397026062 -7985.13412475586 3726.69076919556 0 0 0 0 0 0 0 0 0 0 0 0
"cafr" 0 -16.1852780729532 0 -1827.74114608765 -14255.9375762939 -41229.0077209473 0 0 0 0 0 0 0 0 0 0 0 0
"eafr" -3.63861187361181 -176.973298192024 -815.120100975037 -1833.0739736557 1491.23251438141 10420.7696914673 0 0 0 0 3073.17113876343 5237.99228668213 0 0 0 0 0 0
"safr" 0 0 -18090.0783538818 -14415.8477783203 -28.5228211432695 196.622952818871 0 -0.404592108679935 -1478.1311750412 -1187.30127811432 -2159.89470481873 0 0 0 0 0 0 0
"ivorycoast" 0 0 0 -4222.15414047241 -9601.01413726807 -19561.3803863525 0 0 0 0 0 0 0 0 0 0 0 0
"ghana" 0 0 0 -154.029682278633 829.427063465118 6885.41889190674 0 0 0 0 0 0 0 0 0 0 0 0
"nigeria" 0 0 0 -93.7724113464355 2323.70758056641 2180.61470985413 0 0 0 0 0 0 0 0 0 0 0 0
"mozambique" 0 0 1064.08798694611 6368.5564994812 4173.92015457153 0 0 0 0 0 0 0 0 0 0 0 0 0
