"argentina" 0 0 0 0 0 0 -32573.1544494629 -17324.4323730469 -126103.942871094 -177806.15234375 0 -68238.5406494141 -557.563304901123 -3763.73386383057 1908.08737277985 0 0 0
"bolivia" 0 0 37825.927734375 290890.991210938 867959.411621094 1126963.62304688 0 0 222188.262939453 32078.4339904785 121092.361450195 122832.794189453 0 0 0 0 0 0
"brasil" 0 0 0 -26308.126449585 -207851.07421875 39323.3680725098 0 0 0 0 0 -949.559032917023 0 0 0 0 0 0
"oceania" 0 0 0 -12.2603932395577 551.464796066284 6537.27293014526 0 0 30.2874818444252 1280.90035915375 2419.54946517944 6884.850025177 0 0 0 0 0 0
"newzealand" 0 0 0 0 0 0 0 0 0 0 -684.173464775085 -1967.53907203674 0 0 0 274.253517389297 0 0
"china" 0 0 0 0 -661.336958408356 -612.898647785187 -20.0438257306814 -58.1171177327633 -8166.1901473999 -9571.52462005615 -7337.59880065918 -20195.6615447998 -74.988104403019 -4.33745607733727 -1271.26777172089 0 0 0
"japan" 0 0 0 0 0 0 0 0 -55.3763397037983 -879.119038581848 -509.000539779663 -365.008652210236 0 0 -31.9144427776337 0 0 0
"korea" 0 0 0 0 0 0 0 0 0 -127.024918794632 -211.707413196564 0 0 0 0 0 0 0
"indonesia" 0 0 0 -439.485222101212 -272.318214178085 39191.1811828613 0 0 0 0 0 0 0 0 0 0 0 0
"madagascar" 0 0 0 -1414.76535797119 -736.515283584595 -11814.2499923706 0 0 0 0 0 0 0 0 0 0 0 0
"eastasia" 0 0 0 0 0 -547.460794448853 0 0 -2061.6500377655 2389.34063911438 484.559744596481 0 0 -1296.99003696442 -5358.54387283325 0 0 0
"seasia" 0 0 0 30137.1803283691 37688.8160705566 39738.151550293 0 0 0 0 24.5248638093472 9803.52306365967 0 0 0 0 0 0
"malasya" 0 0 0 0 0 637507.141113281 0 0 0 0 0 0 0 0 0 0 0 0
"myanmar" 0 0 0 598.041772842407 2251.64580345154 263.020813465118 0 0 0 0 528.817415237427 412.086308002472 0 0 0 0 0 0
"southasia" 0 0 0 -1152.23038196564 -4693.84002685547 -409.795939922333 0 -2.0390700083226 -3.05387354455888 -644.810616970062 -50.4624284803867 0 0 0 0 0 0 0
"india" 0 28.6236852407455 6008.02993774414 6373.50416183472 1348.98710250854 645.838618278503 0 3115.14282226562 3875.5407333374 158.172219991684 -71.4667215943336 406.601905822754 0 0 0 0 0 0
"canada" 0 0 0 0 0 0 0 -10059.0400695801 1237938.11035156 357912.445068359 889.992117881775 0 0 2594.76757049561 40606.2431335449 11.6677945479751 0 0
"us" 0 0 0 0 0 0 -16172.5463867188 -92517.463684082 -45617.6567077637 146029.678344727 68106.6589355469 -7280.11274337769 196.553722023964 927.914083003998 97.5225567817688 0 0 0
"mexico" 0 -3365.19598960876 -7900.31385421753 -577.729344367981 6768.70059967041 1329.20074462891 -379.335641860962 -1447.11124897003 -1734.26151275635 1045.02308368683 1055.13882637024 1526.80039405823 0 0 0 0 0 0
"colombia" 0 0 0 -9.81253385543823 -516.738891601562 -35523.7617492676 0 0 0 0 -6.18267059326172 -4128.42416763306 0 0 0 0 0 0
"latinamer" 0 163.237407803535 -614.318430423737 -2337.55207061768 -5534.82961654663 -10783.5826873779 -1268.5399055481 -1999.59850311279 -2682.537317276 -2961.95340156555 -1411.83137893677 -1709.04088020325 -3.61811323091388 -362.206518650055 -1066.08903408051 82.4395418167114 -484.353184700012 0
"paraguay" 0 0 0 0 0 232860.015869141 0 0 0 0 0 291583.526611328 0 0 0 0 0 0
"peru" 12837.8076553345 32161.075592041 7819.98443603516 422.817081212997 17514.7705078125 610772.216796875 66313.1713867188 50705.3070068359 13422.6865768433 21251.9378662109 79844.8028564453 250421.813964844 0 0 0 0 0 0
"uruguay" 0 0 0 0 0 0 0 0 0 0 0 3143.41807365417 0 0 0 0 0 0
"venezuela" 0 -1.90677843056619 0 -436.35967373848 -2368.23701858521 -6058.8321685791 0 0 0 0 0 0 0 0 0 0 0 0
"eu27" 0 0 0 0 0 0 0 0 8863.81053924561 128204.177856445 24182.4779510498 4805.57489395142 0 1291.58759117126 4084.12790298462 158.801436424255 0 0
"uk" 0 0 0 0 0 0 0 0 0 -932.74974822998 -4499.65953826904 -188.029244542122 0 0 0 -25.4902373999357 0 0
"efta" 0 0 0 0 0 0 0 0 0 201.8733471632 0 0 0 -496.502161026001 -82.0960402488708 -10.5589460581541 0 0
"restofworld" 0 0 0 0 0 0 -3548.78735542297 -264.623880386353 -303.162455558777 25429.4166564941 819.022655487061 202.710568904877 -24.4805794209242 -256.93067908287 252.354890108109 -7.82021507620811 0 0
"russia" 0 0 0 0 0 0 0 374.044924974442 30489.9082183838 10090.934753418 535.316467285156 0 3705.82342147827 18994.2951202393 99718.0023193359 0 0 0
"mena" -4717.31328964233 0 0 0 0 0 -2891.06297492981 -19228.3115386963 -7406.16607666016 30668.4150695801 3888.02361488342 0 0 0 -37.657979875803 0 0 0
"angola" 0 0 129634.399414062 3351743.1640625 3390088.37890625 0 0 0 1075.19519329071 739801.452636719 0 0 0 0 0 0 0 0
"drc" 0 0 0 0 -5869.86446380615 -2430.4404258728 0 0 0 0 0 0 0 0 0 0 0 0
"nafr" -8.73870775103569 0 0 0 0 0 -952.834069728851 -922.488212585449 -40.2915179729462 -19.6855496615171 0 0 0 0 0 0 0 0
"wafr" 0 0 -2043.27654838562 -13105.6203842163 -8288.29860687256 -1455.76691627502 0 0 0 0 0 0 0 0 0 0 0 0
"cafr" 0 -3.35146253928542 0 -954.94818687439 -5348.87790679932 -17192.8977966309 0 0 0 0 0 0 0 0 0 0 0 0
"eafr" -0.954246032051742 -40.7195724546909 -234.437972307205 -2284.12532806396 -584.246933460236 254.805386066437 0 0 0 0 129.17871773243 200.97590982914 0 0 0 0 0 0
"safr" 0 0 -10786.0727310181 -10213.173866272 -20.9589954465628 106.736853718758 0 -0.307169335428625 -1025.98714828491 -907.670557498932 -1627.18069553375 0 0 0 0 0 0 0
"ivorycoast" 0 0 0 -3336.80391311646 -7277.81534194946 -14826.5619277954 0 0 0 0 0 0 0 0 0 0 0 0
"ghana" 0 0 0 5131.18505477905 360901.489257812 -4950.63591003418 0 0 0 0 0 0 0 0 0 0 0 0
"nigeria" 0 0 0 -51.5513569116592 2219.58255767822 2069.86379623413 0 0 0 0 0 0 0 0 0 0 0 0
"mozambique" 0 0 -2814.63861465454 -7894.99473571777 -3423.7847328186 0 0 0 0 0 0 0 0 0 0 0 0 0
