"argentina" 0 0 0 0 0 0 -37.7336256206036 -47.5435256958008 -29.9245193600655 35.9232425689697 0 122.061960399151 7.082540076226 28.5114869475365 14.3617950379848 0 0 0
"bolivia" 0 0 235.66997051239 -592.245995998383 -1519.7035074234 -3173.53630065918 0 0 -140.642464160919 -146.196931600571 -51.3559579849243 -90.4216021299362 0 0 0 0 0 0
"brasil" 0 0 0 -1951.17473602295 -18565.1512145996 4295.09401321411 0 0 0 0 0 -86.7406576871872 0 0 0 0 0 0
"oceania" 0 0 0 4.41926205530763 5.77443651854992 15.5690470710397 0 0 2.09150300361216 40.8592447638512 49.3734255433083 126.889154314995 0 0 0 0 0 0
"newzealand" 0 0 0 0 0 0 0 0 0 0 198.54137301445 610.204815864563 0 0 0 14.5437680184841 0 0
"china" 0 0 0 0 35.006083548069 41.0027503967285 1.2038234854117 3.40013345703483 403.223752975464 778.418779373169 912.03111410141 1166.60678386688 2.45993258431554 0.212714905501343 141.971305012703 0 0 0
"japan" 0 0 0 0 0 0 0 0 5.82940736785531 81.5351158380508 61.8701130151749 46.188622713089 0 0 1.5166534576565 0 0 0
"korea" 0 0 0 0 0 0 0 0 0 5.29085751622915 10.2151026949286 0 0 0 0 0 0 0
"indonesia" 0 0 0 -14.5686101168394 10.8902901411057 2856.36043548584 0 0 0 0 0 0 0 0 0 0 0 0
"madagascar" 0 0 0 69.1394805908203 37.0382033288479 613.50679397583 0 0 0 0 0 0 0 0 0 0 0 0
"eastasia" 0 0 0 0 0 4.27847867831588 0 0 21.3525630533695 201.332539319992 53.0278868973255 0 0 5.7597067207098 27.1342620253563 0 0 0
"seasia" 0 0 0 11.7509793490171 353.90841960907 349.689364433289 0 0 0 0 4.70866775140166 51.6064092516899 0 0 0 0 0 0
"malasya" 0 0 0 0 0 501.895904541016 0 0 0 0 0 0 0 0 0 0 0 0
"myanmar" 0 0 0 85.796445608139 205.647334456444 24.0324586629868 0 0 0 0 43.9728647470474 40.3494164347649 0 0 0 0 0 0
"southasia" 0 0 0 98.5366255044937 447.02410697937 36.6580784320831 0 0.0157176746142795 0.164216588018462 93.6553478240967 5.3085801191628 0 0 0 0 0 0 0
"india" 0 44.9135452508926 802.613198757172 1196.70712947845 214.295342564583 57.2902485728264 0 59.3848302960396 187.475606799126 36.0673069953918 23.147851228714 76.0766714811325 0 0 0 0 0 0
"canada" 0 0 0 0 0 0 0 -786.322832107544 -16816.5702819824 -3742.29454994202 -7.27338064461946 0 0 -35.5022475123405 -549.704790115356 -0.491581566166133 0 0
"us" 0 0 0 0 0 0 -43.8161641359329 -759.46033000946 376.322954893112 1726.69577598572 1388.2349729538 360.958278179169 4.81572654098272 53.696695715189 2.39095045253634 0 0 0
"mexico" 0 -46.5748533606529 -254.166543483734 -146.72526717186 -18.9849864691496 -79.5637369155884 -8.68059229105711 -45.2595539391041 -161.900907754898 -75.1121640205383 -9.90275014191866 18.4058323502541 0 0 0 0 0 0
"colombia" 0 0 0 0.319208425935358 -32.2757139801979 -3383.20803642273 0 0 0 0 -0.235440966207534 -454.493701457977 0 0 0 0 0 0
"latinamer" 0 -4.065933637321 33.1850498914719 148.773923516273 325.055092573166 900.051832199097 59.1873228549957 96.3829755783081 130.619823932648 143.065869808197 88.6248350143433 156.984061002731 0.2944941224996 20.8427868783474 68.1582540273666 40.6697019934654 25.0101573765278 0
"paraguay" 0 0 0 0 0 -604.65943813324 0 0 0 0 0 61.5680813789368 0 0 0 0 0 0
"peru" 4.4219889678061 24.3204273283482 22.4345531314611 7.54017382860184 54.6941496431828 882.009983062744 2.20404379069805 8.24863743036985 20.2779155224562 27.8861783444881 231.122076511383 1351.41897201538 0 0 0 0 0 0
"uruguay" 0 0 0 0 0 0 0 0 0 0 0 232.850313186646 0 0 0 0 0 0
"venezuela" 0 -0.000657780446999823 0 -7.83997587859631 -33.136922866106 -67.7694454789162 0 0 0 0 0 0 0 0 0 0 0 0
"eu27" 0 0 0 0 0 0 0 0 -3408.41031074524 -49379.5013427734 -9378.59344482422 -1895.45488357544 0 179.478824138641 -1860.43345928192 -41.4374992251396 0 0
"uk" 0 0 0 0 0 0 0 0 0 116.215385496616 696.242928504944 24.0583550184965 0 0 0 2.7537711430341 0 0
"efta" 0 0 0 0 0 0 0 0 0 71.4762359857559 0 0 0 111.976079642773 54.9219809472561 1.98537926189601 0 0
"restofworld" 0 0 0 0 0 0 534.401059150696 41.8016351759434 364.500313997269 34.58271920681 162.467017769814 3.59657383523881 5.44194085523486 57.6251335442066 28.1861834228039 2.89542996324599 0 0
"russia" 0 0 0 0 0 0 0 12.445573695004 1429.10265922546 506.902515888214 2.2378689609468 0 -95.1989889144897 -608.104586601257 -3634.70649719238 0 0 0
"mena" 157.814756035805 0 0 0 0 0 85.1021036505699 571.290910243988 621.610701084137 -450.698226690292 -60.9979517757893 0 0 0 1.6137765487656 0 0 0
"angola" 0 0 64.4867569208145 1299.47054386139 1385.13839244843 0 0 0 2.00221594423056 187.351524829865 0 0 0 0 0 0 0 0
"drc" 0 0 0 0 1329.90527153015 2379.42457199097 0 0 0 0 0 0 0 0 0 0 0 0
"nafr" 0.766933662816882 0 0 0 0 0 73.700524866581 73.0735287070274 3.17837181501091 1.58661243040115 0 0 0 0 0 0 0 0
"wafr" 0 0 187.890440225601 1195.10614871979 825.92910528183 104.613080620766 0 0 0 0 0 0 0 0 0 0 0 0
"cafr" 0 -0.0872869350132532 0 0.636729295365512 268.060088157654 916.946291923523 0 0 0 0 0 0 0 0 0 0 0 0
"eafr" 0.160788302309811 8.50264355540276 52.2578060626984 469.392597675323 117.368832230568 -160.620301961899 0 0 0 0 -54.9459531903267 -128.76033782959 0 0 0 0 0 0
"safr" 0 0 438.840508460999 459.833323955536 0.999718555249274 -5.29569294303656 0 0.0147763348650187 49.1353683173656 43.0118143558502 80.1688432693481 0 0 0 0 0 0 0
"ivorycoast" 0 0 0 -1429.71038818359 -3275.85101127625 -6836.80057525635 0 0 0 0 0 0 0 0 0 0 0 0
"ghana" 0 0 0 48.0553023517132 1873.35133552551 2600.28052330017 0 0 0 0 0 0 0 0 0 0 0 0
"nigeria" 0 0 0 -6.40014605596662 -342.931300401688 -250.773668289185 0 0 0 0 0 0 0 0 0 0 0 0
"mozambique" 0 0 129.713818430901 385.082006454468 174.636840820312 0 0 0 0 0 0 0 0 0 0 0 0 0
