"argentina" 0 0 0 0 0 0 -6280.56001663208 -16920.5455780029 -19513.4506225586 -20767.3969268799 0 -37886.8942260742 28.5853818058968 -207.750380039215 -638.493835926056 0 0 0
"bolivia" 0 0 37734.2109680176 290842.254638672 867695.678710938 1126798.33984375 0 0 223010.314941406 32061.6073608398 121318.725585938 122523.20098877 0 0 0 0 0 0
"brasil" 0 0 0 710150.207519531 2893453.85742188 2704872.31445312 0 0 0 0 0 651502.685546875 0 0 0 0 0 0
"oceania" 0 0 0 -3.34884459152818 303.98091673851 3875.33712387085 0 0 15.2609487995505 676.167249679565 1298.44963550568 3674.82495307922 0 0 0 0 0 0
"newzealand" 0 0 0 0 0 0 0 0 0 0 -4903.47957611084 -14324.9425888062 0 0 0 1102.71143913269 0 0
"china" 0 0 0 0 -1167.09184646606 -648.85687828064 -50.3598228096962 -93.3300703763962 -16076.9519805908 -4921.51403427124 10600.9454727173 -31181.5433502197 -172.980770468712 -9.44847147911787 1066.28406047821 0 0 0
"japan" 0 0 0 0 0 0 0 0 113.657586276531 1084.42342281342 2373.85129928589 1738.13331127167 0 0 -66.8240785598755 0 0 0
"korea" 0 0 0 0 0 0 0 0 0 -274.15919303894 -524.343132972717 0 0 0 0 0 0 0
"indonesia" 0 0 0 19173.8796234131 31512.9890441895 1936130.49316406 0 0 0 0 0 0 0 0 0 0 0 0
"madagascar" 0 0 0 -1727.52404212952 -851.734280586243 -15383.1663131714 0 0 0 0 0 0 0 0 0 0 0 0
"eastasia" 0 0 0 0 0 -827.509522438049 0 0 -1232.06233978271 27339.1780853271 5907.99283981323 0 0 -2182.57021903992 -8171.67663574219 0 0 0
"seasia" 0 0 0 12860.6691360474 641.535758972168 11689.6305084229 0 0 0 0 -289.443343877792 3165.25530815125 0 0 0 0 0 0
"malasya" 0 0 0 0 0 632678.405761719 0 0 0 0 0 0 0 0 0 0 0 0
"myanmar" 0 0 0 5531.54993057251 10459.1846466064 1290.54057598114 0 0 0 0 2191.74265861511 2058.05444717407 0 0 0 0 0 0
"southasia" 0 0 0 8398.53382110596 42380.7945251465 2587.95809745789 0 -7.40360515192151 7.3641617782414 10202.8379440308 511.821925640106 0 0 0 0 0 0 0
"india" 0 3072.88408279419 65626.9989013672 96375.0991821289 18565.0520324707 5497.02453613281 0 9698.43196868896 20748.8250732422 2787.12201118469 1495.95975875854 6821.74682617188 0 0 0 0 0 0
"canada" 0 0 0 0 0 0 0 -22767.2386169434 1921839.59960938 565075.012207031 1282.89842605591 0 0 3626.38568878174 54968.2464599609 13.9369312673807 0 0
"us" 0 0 0 0 0 0 -15588.6974334717 -97439.2166137695 -44469.4786071777 41439.0258789062 -1205.50262928009 -55374.3743896484 -102.161571383476 -1334.19001102448 8.64331237971783 0 0 0
"mexico" 0 -5970.88050842285 -20081.5448760986 -10246.2005615234 529.129385948181 -4364.12191390991 -878.698289394379 -3700.37770271301 -12283.8535308838 -5901.42011642456 -789.770722389221 1420.30274868011 0 0 0 0 0 0
"colombia" 0 0 0 -13.6031126603484 -805.758476257324 -56142.1966552734 0 0 0 0 -9.13687981665134 -6456.61497116089 0 0 0 0 0 0
"latinamer" 0 283.620953559875 -914.197266101837 -3874.85933303833 -9944.37503814697 -23574.9740600586 -1739.5156621933 -2677.82473564148 -3631.50453567505 -4284.82913970947 -2624.04870986938 -2580.77096939087 -2.88346456363797 -413.741886615753 -1132.9243183136 781.906187534332 -607.85973072052 0
"paraguay" 0 0 0 0 0 233297.882080078 0 0 0 0 0 290516.052246094 0 0 0 0 0 0
"peru" 13004.5166015625 32042.5682067871 8005.71727752686 453.061580657959 17565.0730133057 611209.411621094 67180.6411743164 50439.8345947266 13500.4196166992 21374.0348815918 80268.5699462891 251505.340576172 0 0 0 0 0 0
"uruguay" 0 0 0 0 0 0 0 0 0 0 0 6899.73402023315 0 0 0 0 0 0
"venezuela" 0 -3.57113569043577 0 -943.418860435486 -4886.49034500122 -12224.250793457 0 0 0 0 0 0 0 0 0 0 0 0
"eu27" 0 0 0 0 0 0 0 0 23284.9769592285 321386.566162109 68475.4638671875 13503.6268234253 0 949.141919612885 10637.1231079102 360.870122909546 0 0
"uk" 0 0 0 0 0 0 0 0 0 -1736.65773868561 -8273.72646331787 -343.618869781494 0 0 0 -51.9331581890583 0 0
"efta" 0 0 0 0 0 0 0 0 0 642.709851264954 0 0 0 -968.257963657379 -85.4098424315453 -22.0959894359112 0 0
"restofworld" 0 0 0 0 0 0 -6214.29777145386 -462.577402591705 -1187.24060058594 36159.3437194824 692.107856273651 277.937769889832 -49.2308884859085 -517.295658588409 283.00142288208 -20.5307491123676 0 0
"russia" 0 0 0 0 0 0 0 202.484399080276 16040.828704834 5124.27186965942 491.581827402115 0 4427.75917053223 23557.1575164795 126445.419311523 0 0 0
"mena" -5020.5283164978 0 0 0 0 0 -3354.75993156433 -22230.9074401855 -2695.67060470581 41538.0439758301 5207.07321166992 0 0 0 -35.5919264256954 0 0 0
"angola" 0 0 -2851.63640975952 -63067.7719116211 -66619.0719604492 0 0 0 -50.7146120071411 -9661.29493713379 0 0 0 0 0 0 0 0
"drc" 0 0 0 0 -8808.15887451172 -4185.07385253906 0 0 0 0 0 0 0 0 0 0 0 0
"nafr" -1.75144849345088 0 0 0 0 0 -1997.16472625732 -2001.80077552795 -71.3141113519669 -36.9137190282345 0 0 0 0 0 0 0 0
"wafr" 0 0 -3377.8076171875 -18259.5310211182 -11761.6939544678 500.335216522217 0 0 0 0 0 0 0 0 0 0 0 0
"cafr" 0 -17.6492035388947 0 -2092.39840507507 -16070.650100708 -46840.6677246094 0 0 0 0 0 0 0 0 0 0 0 0
"eafr" -3.26971174217761 -150.860249996185 -788.185119628906 -4767.86756515503 -484.708040952682 4715.51609039307 0 0 0 0 1448.20415973663 2595.72505950928 0 0 0 0 0 0
"safr" 0 0 -23797.4967956543 -18577.8884887695 -36.1330658197403 255.515813827515 0 -0.506520096678287 -1891.11256599426 -1474.23624992371 -2719.49481964111 0 0 0 0 0 0 0
"ivorycoast" 0 0 0 4011.47603988647 -36485.6643676758 334191.375732422 0 0 0 0 0 0 0 0 0 0 0 0
"ghana" 0 0 0 5212.59498596191 361857.238769531 1571.22468948364 0 0 0 0 0 0 0 0 0 0 0 0
"nigeria" 0 0 0 6.53508398681879 5376.84631347656 4519.51169967651 0 0 0 0 0 0 0 0 0 0 0 0
"mozambique" 0 0 -2587.99004554749 -5296.7643737793 -1419.38638687134 0 0 0 0 0 0 0 0 0 0 0 0 0
