"argentina" 0 0 0 0 0 0 -31605.95703125 -14259.765625 -122775.352478027 -174246.841430664 0 -62140.6860351562 -468.348175287247 -3351.97830200195 1908.39099884033 0 0 0
"bolivia" 0 0 37885.6773376465 290911.895751953 868087.646484375 1127023.68164062 0 0 222300.231933594 32082.9658508301 121202.911376953 123039.23034668 0 0 0 0 0 0
"brasil" 0 0 0 709791.870117188 2893614.2578125 2704845.21484375 0 0 0 0 0 649341.735839844 0 0 0 0 0 0
"oceania" 0 0 0 -12.0853129774332 162.440523505211 1628.49235534668 0 0 2.83908052369952 304.765224456787 691.154003143311 2006.46543502808 0 0 0 0 0 0
"newzealand" 0 0 0 0 0 0 0 0 0 0 -110.359206795692 -145.330220460892 0 0 0 446.855008602142 0 0
"china" 0 0 0 0 -475.174933671951 -192.830502986908 -24.48501996696 -43.6098538339138 -7578.95660400391 -705.08086681366 7915.48347473145 -12710.9708786011 -81.6026628017426 -5.30824763700366 830.303370952606 0 0 0
"japan" 0 0 0 0 0 0 0 0 271.943092346191 3519.82831954956 3377.70104408264 2542.09017753601 0 0 26.728505268693 0 0 0
"korea" 0 0 0 0 0 0 0 0 0 28.0923712998629 57.0123344659805 0 0 0 0 0 0 0
"indonesia" 0 0 0 -592.715442180634 -558.512568473816 28548.942565918 0 0 0 0 0 0 0 0 0 0 0 0
"madagascar" 0 0 0 -1703.51469516754 -882.782161235809 -14540.1668548584 0 0 0 0 0 0 0 0 0 0 0 0
"eastasia" 0 0 0 0 0 -566.855788230896 0 0 213.568449020386 31416.2826538086 6787.88805007935 0 0 -1614.31157588959 -5596.48180007935 0 0 0
"seasia" 0 0 0 19332.2734832764 20504.5795440674 24717.9927825928 0 0 0 0 -58.3765022456646 6077.75688171387 0 0 0 0 0 0
"malasya" 0 0 0 0 0 636168.823242188 0 0 0 0 0 0 0 0 0 0 0 0
"myanmar" 0 0 0 1809.59928035736 4474.00140762329 575.001060962677 0 0 0 0 998.337984085083 874.162375926971 0 0 0 0 0 0
"southasia" 0 0 0 4838.45520019531 24151.5102386475 1304.13115024567 0 -4.40320605412126 5.1984959281981 6227.89001464844 312.186151742935 0 0 0 0 0 0 0
"india" 0 1735.36026477814 36067.1882629395 51452.564239502 9563.25435638428 2813.09962272644 0 5601.95779800415 10957.6025009155 1450.25157928467 808.586418628693 3317.01064109802 0 0 0 0 0 0
"canada" 0 0 0 0 0 0 0 -8928.62224578857 1530221.19140625 440022.399902344 1030.24065494537 0 0 2986.53960227966 46069.1337585449 13.6350924149156 0 0
"us" 0 0 0 0 0 0 -10914.8588180542 -57644.04296875 -31277.4066925049 40643.7377929688 6572.998046875 -28864.2520904541 -16.5222212672234 -593.765556812286 13.3183160796762 0 0 0
"mexico" 0 -4853.41215133667 -15809.6208572388 -7852.83041000366 751.012146472931 -3073.79531860352 -716.176986694336 -2890.2153968811 -9603.96862030029 -4893.99099349976 -734.00217294693 1027.70984172821 0 0 0 0 0 0
"colombia" 0 0 0 -9.7409700974822 -513.279497623444 -35272.3236083984 0 0 0 0 -6.07732497155666 -4081.25591278076 0 0 0 0 0 0
"latinamer" 0 129.518628120422 -561.933875083923 -2071.10977172852 -4512.20655441284 -7632.67230987549 -1189.81051445007 -1915.10581970215 -2542.38295555115 -2743.4675693512 -1200.08146762848 -1725.57830810547 -4.35856683179736 -379.042625427246 -1168.15197467804 -285.485744476318 -482.10871219635 0
"paraguay" 0 0 0 0 0 231300.842285156 0 0 0 0 0 286857.604980469 0 0 0 0 0 0
"peru" 12743.9088821411 32310.0204467773 7616.42074584961 393.208593130112 17369.7185516357 609519.592285156 65792.1676635742 51015.1596069336 13203.2537460327 20906.6677093506 78642.5399780273 247353.591918945 0 0 0 0 0 0
"uruguay" 0 0 0 0 0 0 0 0 0 0 0 8731.42147064209 0 0 0 0 0 0
"venezuela" 0 -2.5116428732872 0 -661.520838737488 -3447.85904884338 -8647.05657958984 0 0 0 0 0 0 0 0 0 0 0 0
"eu27" 0 0 0 0 0 0 0 0 32947.998046875 422952.453613281 108663.711547852 20571.8822479248 0 2259.08589363098 13521.5034484863 597.663044929504 0 0
"uk" 0 0 0 0 0 0 0 0 0 -3183.36653709412 -8703.04584503174 -595.506966114044 0 0 0 -141.020998358727 0 0
"efta" 0 0 0 0 0 0 0 0 0 -26.8275216221809 0 0 0 -1101.28676891327 -335.485339164734 -21.8897089362144 0 0
"restofworld" 0 0 0 0 0 0 -5552.26516723633 -433.499366044998 -3021.63672447205 9917.83237457275 -676.833868026733 61.5640133619308 -46.1481586098671 -507.129549980164 -105.208039283752 -19.7798628360033 0 0
"russia" 0 0 0 0 0 0 0 1268.19562911987 102069.183349609 31295.6142425537 1448.12643527985 0 8016.05129241943 39167.5758361816 200310.165405273 0 0 0
"mena" -3240.72813987732 0 0 0 0 0 -2213.68265151978 -14526.7572402954 -216.720417141914 28158.8306427002 3490.41509628296 0 0 0 -18.5095928609371 0 0 0
"angola" 0 0 -1685.40120124817 -37331.1424255371 -39386.0244750977 0 0 0 -29.4743794947863 -5745.63980102539 0 0 0 0 0 0 0 0
"drc" 0 0 0 0 -8126.89304351807 -5501.03282928467 0 0 0 0 0 0 0 0 0 0 0 0
"nafr" -0.729322666302323 0 0 0 0 0 -1496.8558549881 -1406.99172019958 -46.6485694050789 -25.023402646184 0 0 0 0 0 0 0 0
"wafr" 0 0 -2453.09066772461 -13011.3649368286 -7791.13054275513 -1018.75996589661 0 0 0 0 0 0 0 0 0 0 0 0
"cafr" 0 -7.57142249494791 0 -1148.10729026794 -8172.95074462891 -24851.6883850098 0 0 0 0 0 0 0 0 0 0 0 0
"eafr" -1.30108359735459 -50.231609493494 -259.328633546829 -1815.58513641357 -384.634852409363 380.071997642517 0 0 0 0 175.569415092468 179.105207324028 0 0 0 0 0 0
"safr" 0 0 -12577.4326324463 -11029.4208526611 -22.2393702715635 103.96608710289 0 -0.345302105415612 -1160.18402576447 -1063.41648101807 -1761.48390769958 0 0 0 0 0 0 0
"ivorycoast" 0 0 0 3421.81444168091 -40363.3880615234 329434.173583984 0 0 0 0 0 0 0 0 0 0 0 0
"ghana" 0 0 0 -185.338884592056 -1124.40252304077 3666.69368743896 0 0 0 0 0 0 0 0 0 0 0 0
"nigeria" 0 0 0 91.0729244351387 6309.23128128052 5041.53966903687 0 0 0 0 0 0 0 0 0 0 0 0
"mozambique" 0 0 -2448.83966445923 -5379.11319732666 -1721.35710716248 0 0 0 0 0 0 0 0 0 0 0 0 0
