"argentina" 0 0 0 0 0 0 -32398.6358642578 -16770.2121734619 -125502.151489258 -177165.954589844 0 -67291.9921875 -541.183888912201 -3686.25569343567 1908.19787979126 0 0 0
"bolivia" 0 0 37800.0679016113 290892.211914062 867963.8671875 1126960.69335938 0 0 222240.921020508 32078.0181884766 121095.611572266 122783.401489258 0 0 0 0 0 0
"brasil" 0 0 0 -25080.5435180664 -215739.196777344 60076.602935791 0 0 0 0 0 1526.22449398041 0 0 0 0 0 0
"oceania" 0 0 0 3.53043619543314 614.146113395691 7029.06703948975 0 0 40.3825864195824 1539.20030593872 2798.25758934021 7910.58969497681 0 0 0 0 0 0
"newzealand" 0 0 0 0 0 0 0 0 0 0 -2905.09080886841 -8259.17434692383 0 0 0 1178.70450019836 0 0
"china" 0 0 0 0 -655.333936214447 -591.636717319489 -20.2156268060207 -57.0468604564667 -8142.48466491699 -9026.87549591064 -6383.79287719727 -19862.4572753906 -75.0064104795456 -4.29066829383373 -1126.81901454926 0 0 0
"japan" 0 0 0 0 0 0 0 0 -44.724103063345 -719.153940677643 -427.075386047363 -303.53844165802 0 0 -27.0954165607691 0 0 0
"korea" 0 0 0 0 0 0 0 0 0 -137.929409742355 -230.479031801224 0 0 0 0 0 0 0
"indonesia" 0 0 0 -403.580904006958 -188.519150018692 43322.4830627441 0 0 0 0 0 0 0 0 0 0 0 0
"madagascar" 0 0 0 -1486.50920391083 -785.940051078796 -12429.1820526123 0 0 0 0 0 0 0 0 0 0 0 0
"eastasia" 0 0 0 0 0 -542.952239513397 0 0 -2068.53652000427 1962.66174316406 363.22209239006 0 0 -1279.8478603363 -5299.70550537109 0 0 0
"seasia" 0 0 0 33332.6187133789 43165.2488708496 43905.8570861816 0 0 0 0 61.0573142766953 10870.6712722778 0 0 0 0 0 0
"malasya" 0 0 0 0 0 637642.211914062 0 0 0 0 0 0 0 0 0 0 0 0
"myanmar" 0 0 0 122.078388929367 1666.13125801086 189.928874373436 0 0 0 0 413.576781749725 298.517763614655 0 0 0 0 0 0
"southasia" 0 0 0 -565.557599067688 -2100.87990760803 -235.875904560089 0 -1.88200455158949 -1.97628326714039 -37.8120243549347 -18.4255614876747 0 0 0 0 0 0 0
"india" 0 97.80453145504 6153.19728851318 5520.02334594727 1370.63610553741 649.620294570923 0 3102.56934165955 3331.77042007446 95.7843512296677 -31.6063351929188 421.6068983078 0 0 0 0 0 0
"canada" 0 0 0 0 0 0 0 -11193.962097168 1273896.72851562 368150.573730469 914.735436439514 0 0 2704.52857017517 42226.4518737793 12.6246009021997 0 0
"us" 0 0 0 0 0 0 -17730.8750152588 -99748.6419677734 -47312.8318786621 157375.900268555 76355.2551269531 -6019.00959014893 224.80121254921 1142.37725734711 109.061263501644 0 0 0
"mexico" 0 -3320.04165649414 -7797.83582687378 -367.222905158997 7123.82316589355 1503.173828125 -365.887552499771 -1412.79172897339 -1603.22737693787 1296.72241210938 1156.59725666046 1597.1519947052 0 0 0 0 0 0
"colombia" 0 0 0 -8.56186728924513 -491.350263357162 -34581.844329834 0 0 0 0 -5.76448254287243 -4054.19921875 0 0 0 0 0 0
"latinamer" 0 187.300145626068 -537.292838096619 -1894.0886259079 -4781.41355514526 -7381.35623931885 -1179.8152923584 -1824.0157365799 -2446.80047035217 -2729.30526733398 -1174.20160770416 -947.000563144684 -2.11398699320853 -296.737611293793 -810.983538627625 506.15382194519 -426.355272531509 0
"paraguay" 0 0 0 0 0 232956.207275391 0 0 0 0 0 291691.955566406 0 0 0 0 0 0
"peru" 12792.8457260132 31891.4070129395 7863.76190185547 430.64957857132 17473.6633300781 610413.818359375 66072.6470947266 50186.1190795898 13357.4533462524 21149.8050689697 79490.9210205078 249514.526367188 0 0 0 0 0 0
"uruguay" 0 0 0 0 0 0 0 0 0 0 0 6357.9216003418 0 0 0 0 0 0
"venezuela" 0 -1.90066080540419 0 -453.582435846329 -2456.04848861694 -6209.50269699097 0 0 0 0 0 0 0 0 0 0 0 0
"eu27" 0 0 0 0 0 0 0 0 10261.679649353 147302.169799805 28202.8961181641 5561.48195266724 0 1140.4664516449 4808.51078033447 171.335011720657 0 0
"uk" 0 0 0 0 0 0 0 0 0 -848.168790340424 -4462.65554428101 -173.1096804142 0 0 0 -20.6742510199547 0 0
"efta" 0 0 0 0 0 0 0 0 0 248.98898601532 0 0 0 -509.563386440277 -68.7345862388611 -11.1313927918673 0 0
"restofworld" 0 0 0 0 0 0 -3817.11792945862 -280.664265155792 -324.768364429474 25353.4069061279 774.551153182983 200.564369559288 -27.6326611638069 -286.566197872162 237.993568181992 -9.48443543165922 0 0
"russia" 0 0 0 0 0 0 0 332.475215196609 25862.8730773926 7755.9027671814 476.277530193329 0 3495.6693649292 18175.7431030273 95776.3442993164 0 0 0
"mena" -2327.70657539368 0 0 0 0 0 -1298.29037189484 -8889.8286819458 -7519.03343200684 9668.23768615723 1292.45102405548 0 0 0 -23.4170015901327 0 0 0
"angola" 0 0 129645.950317383 3351822.50976562 3390113.52539062 0 0 0 1075.20055770874 739815.124511719 0 0 0 0 0 0 0 0
"drc" 0 0 0 0 -5568.05992126465 -1964.50424194336 0 0 0 0 0 0 0 0 0 0 0 0
"nafr" -7.99036305397749 0 0 0 0 0 -959.276854991913 -928.096175193787 -39.7825501859188 -19.5439271628857 0 0 0 0 0 0 0 0
"wafr" 0 0 -1998.75152111053 -12776.7734527588 -8157.27996826172 -1488.12627792358 0 0 0 0 0 0 0 0 0 0 0 0
"cafr" 0 -13.467569835484 0 -1287.79721260071 -11147.2005844116 -32446.6171264648 0 0 0 0 0 0 0 0 0 0 0 0
"eafr" -1.72186340205371 -78.3103406429291 -488.154381513596 -5332.82947540283 -1607.50210285187 -13.9016509056091 0 0 0 0 91.3627445697784 293.004065752029 0 0 0 0 0 0
"safr" 0 0 -11130.1736831665 -10185.0986480713 -20.7331981509924 113.929621875286 0 -0.30344061087817 -1028.7264585495 -892.196714878082 -1599.96676445007 0 0 0 0 0 0 0
"ivorycoast" 0 0 0 -3586.27486228943 -7872.03931808472 -15839.3964767456 0 0 0 0 0 0 0 0 0 0 0 0
"ghana" 0 0 0 -77.6505619287491 1636.02650165558 6641.15715026855 0 0 0 0 0 0 0 0 0 0 0 0
"nigeria" 0 0 0 -36.2134166061878 2514.60194587708 2257.82346725464 0 0 0 0 0 0 0 0 0 0 0 0
"mozambique" 0 0 -2941.9252872467 -8221.9762802124 -3543.29442977905 0 0 0 0 0 0 0 0 0 0 0 0 0
