"argentina" 0 0 0 0 0 0 -6505.36012649536 -17548.9521026611 -20229.7801971436 -21474.2393493652 0 -39098.0834960938 26.2216422706842 -229.3980717659 -669.457972049713 0 0 0
"bolivia" 0 0 37733.5319519043 290829.528808594 867615.417480469 1126755.12695312 0 0 223074.417114258 32058.162689209 121324.592590332 122451.950073242 0 0 0 0 0 0
"brasil" 0 0 0 709325.439453125 2890758.54492188 2703209.47265625 0 0 0 0 0 651652.160644531 0 0 0 0 0 0
"oceania" 0 0 0 -2.92347185313702 312.183558940887 3953.95565032959 0 0 16.1686353385448 702.648997306824 1340.20936489105 3789.24155235291 0 0 0 0 0 0
"newzealand" 0 0 0 0 0 0 0 0 0 0 -2584.92469787598 -7672.74379730225 0 0 0 431.255519390106 0 0
"china" 0 0 0 0 -1171.82230949402 -640.960156917572 -50.5271553993225 -93.3596342802048 -16162.4488830566 -4633.8038444519 11225.1014709473 -31193.3879852295 -174.394950270653 -9.49031487107277 1153.45466136932 0 0 0
"japan" 0 0 0 0 0 0 0 0 140.66207408905 1446.97904586792 2669.22974586487 1963.45138549805 0 0 -61.0279925167561 0 0 0
"korea" 0 0 0 0 0 0 0 0 0 -257.194936275482 -491.899281740189 0 0 0 0 0 0 0
"indonesia" 0 0 0 19171.6423034668 31506.6776275635 1936032.10449219 0 0 0 0 0 0 0 0 0 0 0 0
"madagascar" 0 0 0 -1746.04272842407 -860.437333583832 -15544.0254211426 0 0 0 0 0 0 0 0 0 0 0 0
"eastasia" 0 0 0 0 0 -825.476467609406 0 0 -974.699139595032 30298.8910675049 6548.14529418945 0 0 -2203.48691940308 -8144.81163024902 0 0 0
"seasia" 0 0 0 13029.5753479004 911.87971830368 12025.372505188 0 0 0 0 -288.818597793579 3233.59704017639 0 0 0 0 0 0
"malasya" 0 0 0 0 0 632645.751953125 0 0 0 0 0 0 0 0 0 0 0 0
"myanmar" 0 0 0 5564.06307220459 10541.729927063 1300.79448223114 0 0 0 0 2210.00456809998 2074.08618927002 0 0 0 0 0 0
"southasia" 0 0 0 8467.97847747803 42728.8551330566 2610.16011238098 0 -7.44280032813549 7.43332877755165 10281.1794281006 515.838384628296 0 0 0 0 0 0 0
"india" 0 3136.32893562317 66947.5173950195 98565.3457641602 18990.4270172119 5616.79553985596 0 9842.90981292725 21157.0663452148 2851.93657875061 1534.82162952423 6984.1194152832 0 0 0 0 0 0
"canada" 0 0 0 0 0 0 0 -22984.9243164062 1928663.45214844 567185.913085938 1288.3425951004 0 0 3636.38138771057 55140.1977539062 13.8760451227427 0 0
"us" 0 0 0 0 0 0 -15720.2663421631 -98582.1151733398 -45136.1083984375 41828.2165527344 -844.157576560974 -55208.2786560059 -101.669058203697 -1338.94264698029 9.35745239257812 0 0 0
"mexico" 0 -6075.39415359497 -20437.2730255127 -10414.5154953003 545.811235904694 -4438.49039077759 -893.751740455627 -3765.12241363525 -12496.1290359497 -6005.60569763184 -803.383469581604 1445.86539268494 0 0 0 0 0 0
"colombia" 0 0 0 -13.6404987424612 -811.224222183228 -56608.1771850586 0 0 0 0 -9.19259060174227 -6515.74182510376 0 0 0 0 0 0
"latinamer" 0 293.640524148941 -928.151786327362 -3902.42075920105 -10044.9075698853 -23405.5576324463 -1781.36968612671 -2738.94357681274 -3711.41910552979 -4374.29761886597 -2642.49897003174 -2530.91955184937 -2.81980447471142 -419.100373983383 -1139.00256156921 849.728524684906 -619.212627410889 0
"paraguay" 0 0 0 0 0 232154.479980469 0 0 0 0 0 288724.853515625 0 0 0 0 0 0
"peru" 12924.4575500488 31794.1226959229 7996.81997299194 453.710168600082 17497.7436065674 610623.596191406 66752.7542114258 49971.6644287109 13394.7658538818 21208.3301544189 79693.9697265625 250033.950805664 0 0 0 0 0 0
"uruguay" 0 0 0 0 0 0 0 0 0 0 0 5887.9017829895 0 0 0 0 0 0
"venezuela" 0 -3.57686425559223 0 -949.408710002899 -4925.3978729248 -12297.7409362793 0 0 0 0 0 0 0 0 0 0 0 0
"eu27" 0 0 0 0 0 0 0 0 24374.1073608398 336237.396240234 71622.184753418 14076.9643783569 0 1009.37902927399 11117.7978515625 374.502748250961 0 0
"uk" 0 0 0 0 0 0 0 0 0 -1753.04734706879 -8476.32312774658 -347.401261329651 0 0 0 -51.5369474887848 0 0
"efta" 0 0 0 0 0 0 0 0 0 696.405529975891 0 0 0 -982.16438293457 -73.2143521308899 -22.5758012384176 0 0
"restofworld" 0 0 0 0 0 0 -6400.68960189819 -475.619912147522 -1295.11845111847 35685.1081848145 630.067229270935 273.224830627441 -51.2872338294983 -538.397789001465 265.635818243027 -21.3107373565435 0 0
"russia" 0 0 0 0 0 0 0 225.527912378311 17170.9270477295 5074.19347763062 507.823884487152 0 4522.18723297119 24056.6177368164 129044.494628906 0 0 0
"mena" -5120.85914611816 0 0 0 0 0 -3424.8571395874 -22669.189453125 -2547.11127281189 42542.9458618164 5333.80651473999 0 0 0 -36.0657796263695 0 0 0
"angola" 0 0 -2853.43790054321 -63137.1879577637 -66695.9075927734 0 0 0 -50.4512600600719 -9671.44203186035 0 0 0 0 0 0 0 0
"drc" 0 0 0 0 -8895.67565917969 -4245.60499191284 0 0 0 0 0 0 0 0 0 0 0 0
"nafr" -11.4803127944469 0 0 0 0 0 -1518.5854434967 -1554.37028408051 -70.3336000442505 -33.5067361593246 0 0 0 0 0 0 0 0
"wafr" 0 0 -3366.6627407074 -18205.6350708008 -11733.2220077515 556.713163852692 0 0 0 0 0 0 0 0 0 0 0 0
"cafr" 0 -17.5892878323793 0 -2090.01302719116 -16048.7899780273 -46829.5783996582 0 0 0 0 0 0 0 0 0 0 0 0
"eafr" -3.2757290173322 -151.172205805779 -790.76087474823 -4837.01944351196 -515.459597110748 4702.4827003479 0 0 0 0 1443.85933876038 2588.53197097778 0 0 0 0 0 0
"safr" 0 0 -23866.6458129883 -18750.4043579102 -36.2933948636055 272.756218910217 0 -0.51318941405043 -1911.2536907196 -1474.37989711761 -2746.89912796021 0 0 0 0 0 0 0
"ivorycoast" 0 0 0 4015.52724838257 -36485.7025146484 334224.975585938 0 0 0 0 0 0 0 0 0 0 0 0
"ghana" 0 0 0 5213.74320983887 361873.077392578 1658.57529640198 0 0 0 0 0 0 0 0 0 0 0 0
"nigeria" 0 0 0 7.97155033797026 5433.90607833862 4563.78078460693 0 0 0 0 0 0 0 0 0 0 0 0
"mozambique" 0 0 -2492.2981262207 -5000.21076202393 -1284.43253040314 0 0 0 0 0 0 0 0 0 0 0 0 0
