"argentina" 0 0 0 0 0 0 -6561.86485290527 -17865.3774261475 -20694.2386627197 -22351.2382507324 0 -41080.3833007812 7.51468632370234 -313.886851072311 -726.833939552307 0 0 0
"bolivia" 0 0 1645.09749412537 -8779.73175048828 -24527.9331207275 -43305.9310913086 0 0 -1524.51801300049 -1527.78482437134 -698.05520772934 -1240.86380004883 0 0 0 0 0 0
"brasil" 0 0 0 710068.542480469 2892332.76367188 2704260.98632812 0 0 0 0 0 652954.58984375 0 0 0 0 0 0
"oceania" 0 0 0 -5.11685479432344 305.269330739975 4049.72839355469 0 0 15.081943012774 670.543551445007 1282.37450122833 3625.16117095947 0 0 0 0 0 0
"newzealand" 0 0 0 0 0 0 0 0 0 0 -2720.17550468445 -8109.81941223145 0 0 0 375.425636768341 0 0
"china" 0 0 0 0 -1316.63060188293 -959.737002849579 -55.2503988146782 -114.827372133732 -17556.9343566895 -12602.0355224609 -1419.56615447998 -38014.1639709473 -166.440859436989 -10.6665277853608 -748.177111148834 0 0 0
"japan" 0 0 0 0 0 0 0 0 212.277591228485 2399.03283119202 3498.27098846436 2585.28828620911 0 0 -48.1809750199318 0 0 0
"korea" 0 0 0 0 0 0 0 0 0 -189.735651016235 -369.044542312622 0 0 0 0 0 0 0
"indonesia" 0 0 0 19183.8035583496 31532.1731567383 1936921.75292969 0 0 0 0 0 0 0 0 0 0 0 0
"madagascar" 0 0 0 -1845.48437595367 -870.766401290894 -16052.3548126221 0 0 0 0 0 0 0 0 0 0 0 0
"eastasia" 0 0 0 0 0 -826.659679412842 0 0 -541.316568851471 35808.8569641113 7757.2135925293 0 0 -2258.24809074402 -8172.43194580078 0 0 0
"seasia" 0 0 0 14391.8437957764 756.505012512207 12998.9900588989 0 0 0 0 -328.076064586639 3609.4925403595 0 0 0 0 0 0
"malasya" 0 0 0 0 0 633831.481933594 0 0 0 0 0 0 0 0 0 0 0 0
"myanmar" 0 0 0 21139.8868560791 37694.9882507324 4637.53795623779 0 0 0 0 7907.17840194702 7210.62660217285 0 0 0 0 0 0
"southasia" 0 0 0 5094.72036361694 26134.7694396973 1581.07221126556 0 -6.2012393027544 3.72135103680193 6654.27827835083 327.4205327034 0 0 0 0 0 0 0
"india" 0 1736.2802028656 39220.4437255859 53716.9647216797 10752.7675628662 3360.85629463196 0 7005.44595718384 13109.0669631958 1520.46835422516 733.700513839722 4011.66534423828 0 0 0 0 0 0
"canada" 0 0 0 0 0 0 0 -23812.7460479736 1886422.48535156 551062.255859375 1258.22234153748 0 0 3560.38069725037 53843.7538146973 13.6800110340118 0 0
"us" 0 0 0 0 0 0 -15721.6758728027 -101243.782043457 -44937.9234313965 37303.2035827637 -3563.04788589478 -57574.333190918 -116.835691034794 -1453.54664325714 6.49705389514565 0 0 0
"mexico" 0 -6089.05076980591 -20375.6275177002 -10404.8233032227 462.042272090912 -4476.29356384277 -897.663295269012 -3775.13432502747 -12472.0315933228 -6017.79937744141 -813.4486079216 1429.74674701691 0 0 0 0 0 0
"colombia" 0 0 0 -13.5454153642058 -793.517768383026 -54859.4169616699 0 0 0 0 -8.99044796824455 -6278.11527252197 0 0 0 0 0 0
"latinamer" 0 270.439058542252 -901.036262512207 -3863.07263374329 -9861.86408996582 -23909.1129302979 -1694.27156448364 -2612.32304573059 -3553.76601219177 -4194.62823867798 -2613.40069770813 -2678.49445343018 -3.0763812828809 -413.85555267334 -1152.66215801239 651.428997516632 -601.3463139534 0
"paraguay" 0 0 0 0 0 234022.384643555 0 0 0 0 0 290815.368652344 0 0 0 0 0 0
"peru" 13005.5799484253 32129.1999816895 7955.83438873291 445.035725831985 17524.1222381592 610855.041503906 67174.3469238281 50612.4267578125 13438.1427764893 21275.9838104248 79927.604675293 250635.162353516 0 0 0 0 0 0
"uruguay" 0 0 0 0 0 0 0 0 0 0 0 6324.27644729614 0 0 0 0 0 0
"venezuela" 0 -3.51508613675833 0 -935.793817043304 -4837.88776397705 -12110.7339859009 0 0 0 0 0 0 0 0 0 0 0 0
"eu27" 0 0 0 0 0 0 0 0 46286.9682312012 603938.659667969 147376.312255859 28124.3877410889 0 1439.65244293213 19413.7229919434 736.15038394928 0 0
"uk" 0 0 0 0 0 0 0 0 0 -4046.51355743408 -12618.3843612671 -761.833965778351 0 0 0 -171.12809419632 0 0
"efta" 0 0 0 0 0 0 0 0 0 158.625289797783 0 0 0 -1538.74337673187 -412.672430276871 -31.6125638782978 0 0
"restofworld" 0 0 0 0 0 0 -8109.77935791016 -627.71213054657 -4401.78632736206 12019.0420150757 -1314.36634063721 62.3153299093246 -72.2719505429268 -784.839034080505 -209.110841155052 -33.9195244014263 0 0
"russia" 0 0 0 0 0 0 0 154.696121811867 9799.24392700195 2364.02893066406 457.030326128006 0 4583.3568572998 24813.7531280518 134792.541503906 0 0 0
"mena" -5587.5096321106 0 0 0 0 0 -3680.41253089905 -24468.5230255127 -4976.24588012695 44128.1318664551 5565.0897026062 0 0 0 -41.8365597724915 0 0 0
"angola" 0 0 129897.048950195 3353571.2890625 3390585.9375 0 0 0 1075.55091381073 740094.421386719 0 0 0 0 0 0 0 0
"drc" 0 0 0 0 -9969.52533721924 -4722.77402877808 0 0 0 0 0 0 0 0 0 0 0 0
"nafr" -17.4053069204092 0 0 0 0 0 -1653.35547924042 -1698.35937023163 -82.9396694898605 -38.6028364300728 0 0 0 0 0 0 0 0
"wafr" 0 0 -2901.6900062561 -8622.59101867676 -5886.56187057495 8506.51359558105 0 0 0 0 0 0 0 0 0 0 0 0
"cafr" 0 -8.46094265580177 0 -1853.10232639313 -11388.2923126221 -35073.7724304199 0 0 0 0 0 0 0 0 0 0 0 0
"eafr" -3.46052367240191 -160.410538315773 -879.418909549713 -6492.84172058105 -1106.69410228729 4032.22513198853 0 0 0 0 1272.67217636108 2348.35958480835 0 0 0 0 0 0
"safr" 0 0 -24626.091003418 -19035.6884002686 -37.4323613941669 238.005355000496 0 -0.516584899742156 -1938.38942050934 -1528.87010574341 -2778.77902984619 0 0 0 0 0 0 0
"ivorycoast" 0 0 0 3976.27973556519 -36929.9583435059 333908.905029297 0 0 0 0 0 0 0 0 0 0 0 0
"ghana" 0 0 0 -181.423619389534 1562.27326393127 9772.9024887085 0 0 0 0 0 0 0 0 0 0 0 0
"nigeria" 0 0 0 -33.8167250156403 5010.86235046387 4310.08911132812 0 0 0 0 0 0 0 0 0 0 0 0
"mozambique" 0 0 -3195.17993927002 -7241.29629135132 -2285.48979759216 0 0 0 0 0 0 0 0 0 0 0 0 0
