"argentina" 0 0 0 0 0 0 -7046.49829864502 -18996.6449737549 -21869.2665100098 -23197.9465484619 0 -42143.5127258301 27.7473330497742 -249.693647027016 -724.129438400269 0 0 0
"bolivia" 0 0 1814.44239616394 -9198.52256774902 -25592.0867919922 -45472.0916748047 0 0 -1620.01013755798 -1622.24721908569 -726.939737796783 -1289.07454013824 0 0 0 0 0 0
"brasil" 0 0 0 710511.535644531 2893492.67578125 2705001.70898438 0 0 0 0 0 653358.825683594 0 0 0 0 0 0
"oceania" 0 0 0 -0.85789617151022 353.265792131424 4519.0634727478 0 0 19.8339931666851 816.128849983215 1526.64709091187 4304.34083938599 0 0 0 0 0 0
"newzealand" 0 0 0 0 0 0 0 0 0 0 -2836.87210083008 -8386.00730895996 0 0 0 538.861811161041 0 0
"china" 0 0 0 0 -1258.35633277893 -871.202886104584 -54.0343299508095 -108.520470559597 -16991.3101196289 -10689.7773742676 1328.68981361389 -35798.5534667969 -166.551575064659 -10.3467768058181 -333.525449037552 0 0 0
"japan" 0 0 0 0 0 0 0 0 242.838308215141 2820.74737548828 3803.52520942688 2819.72336769104 0 0 -39.1629226505756 0 0 0
"korea" 0 0 0 0 0 0 0 0 0 -175.803408026695 -340.878933668137 0 0 0 0 0 0 0
"indonesia" 0 0 0 19252.8209686279 31678.3847808838 1941897.94921875 0 0 0 0 0 0 0 0 0 0 0 0
"madagascar" 0 0 0 -1907.24325180054 -925.349533557892 -16387.5427246094 0 0 0 0 0 0 0 0 0 0 0 0
"eastasia" 0 0 0 0 0 -826.399087905884 0 0 -311.933726072311 38531.8603515625 8343.31703186035 0 0 -2281.37469291687 -8164.46495056152 0 0 0
"seasia" 0 0 0 17735.7158660889 6187.44564056396 17593.620300293 0 0 0 0 -297.343760728836 4746.5443611145 0 0 0 0 0 0
"malasya" 0 0 0 0 0 633797.729492188 0 0 0 0 0 0 0 0 0 0 0 0
"myanmar" 0 0 0 7429.56495285034 13382.2641372681 1642.25709438324 0 0 0 0 2787.6570224762 2616.08552932739 0 0 0 0 0 0
"southasia" 0 0 0 6066.3743019104 30903.6140441895 1817.86835193634 0 -6.64567947387695 4.93736518546939 7810.10770797729 386.197060346603 0 0 0 0 0 0 0
"india" 0 1989.77589607239 45279.6478271484 62957.7217102051 12316.8544769287 3818.39513778687 0 7713.42277526855 15377.4433135986 1847.39065170288 839.573800563812 4585.52265167236 0 0 0 0 0 0
"canada" 0 0 0 0 0 0 0 -24228.0178070068 2016825.1953125 590504.333496094 1344.73979473114 0 0 3828.33814620972 58130.1765441895 15.0480242446065 0 0
"us" 0 0 0 0 0 0 -16339.3363952637 -103574.951171875 -47013.3247375488 48286.4112854004 3605.64231872559 -53950.2258300781 -88.029682636261 -1249.43900108337 16.3334459066391 0 0 0
"mexico" 0 -6287.28342056274 -21002.8114318848 -10435.0328445435 1099.94781017303 -4312.26825714111 -932.367980480194 -3911.44800186157 -12715.8441543579 -5864.08233642578 -679.11684513092 1598.2369184494 0 0 0 0 0 0
"colombia" 0 0 0 -12.4425496906042 -783.199787139893 -55286.4646911621 0 0 0 0 -8.74141603708267 -6389.13488388062 0 0 0 0 0 0
"latinamer" 0 342.117726802826 -943.347156047821 -3832.01265335083 -10196.8116760254 -21959.5794677734 -1870.96333503723 -2840.82269668579 -3848.77586364746 -4560.73808670044 -2630.74469566345 -2017.99178123474 -1.75122148357332 -399.249732494354 -1015.03300666809 1308.82811546326 -624.171853065491 0
"paraguay" 0 0 0 0 0 235071.77734375 0 0 0 0 0 292533.69140625 0 0 0 0 0 0
"peru" 13055.8805465698 32023.6892700195 8056.07795715332 462.431192398071 17594.7341918945 611466.674804688 67452.1331787109 50392.5132751465 13546.0300445557 21445.7950592041 80517.8375244141 252141.952514648 0 0 0 0 0 0
"uruguay" 0 0 0 0 0 0 0 0 0 0 0 6725.87251663208 0 0 0 0 0 0
"venezuela" 0 -3.58599284663796 0 -963.340044021606 -4970.33882141113 -12475.4104614258 0 0 0 0 0 0 0 0 0 0 0 0
"eu27" 0 0 0 0 0 0 0 0 29263.2369995117 397568.023681641 87782.7987670898 17114.0880584717 0 1139.70983028412 13048.6555099487 455.625534057617 0 0
"uk" 0 0 0 0 0 0 0 0 0 -1806.36978149414 -9214.67399597168 -359.624117612839 0 0 0 -50.026573240757 0 0
"efta" 0 0 0 0 0 0 0 0 0 779.239416122437 0 0 0 -1064.7040605545 -72.5545212626457 -24.5778579264879 0 0
"restofworld" 0 0 0 0 0 0 -7399.75929260254 -536.844909191132 -707.137942314148 46595.4818725586 1136.56401634216 362.331420183182 -60.1006522774696 -613.742768764496 389.486700296402 -23.300539702177 0 0
"russia" 0 0 0 0 0 0 0 400.601714849472 28943.8209533691 7182.8408241272 656.503856182098 0 5295.33910751343 27884.9964141846 148661.392211914 0 0 0
"mena" -3652.54998207092 0 0 0 0 0 -2454.20169830322 -16363.8305664062 -2877.98881530762 29573.4748840332 3697.34263420105 0 0 0 -26.0074827820063 0 0 0
"angola" 0 0 129880.569458008 3353447.50976562 3390573.48632812 0 0 0 1075.51443576813 740075.805664062 0 0 0 0 0 0 0 0
"drc" 0 0 0 0 -8286.09466552734 -2723.07562828064 0 0 0 0 0 0 0 0 0 0 0 0
"nafr" -11.1800814047456 0 0 0 0 0 -1675.99523067474 -1700.76394081116 -74.3003487586975 -35.8420200645924 0 0 0 0 0 0 0 0
"wafr" 0 0 -3301.32079124451 -17674.5796203613 -11522.6697921753 1570.6512928009 0 0 0 0 0 0 0 0 0 0 0 0
"cafr" 0 -5.87623985484242 0 -1668.22481155396 -9815.03391265869 -31384.1342926025 0 0 0 0 0 0 0 0 0 0 0 0
"eafr" -3.91612993553281 -182.543054223061 -981.899976730347 -6844.91968154907 -985.733330249786 5381.69431686401 0 0 0 0 1655.24864196777 2997.59459495544 0 0 0 0 0 0
"safr" 0 0 -26215.311050415 -20055.3092956543 -37.8100462257862 356.965065002441 0 -0.537372310645878 -2049.23129081726 -1466.01331233978 -2856.70924186707 0 0 0 0 0 0 0
"ivorycoast" 0 0 0 4144.55509185791 -36070.7664489746 335275.909423828 0 0 0 0 0 0 0 0 0 0 0 0
"ghana" 0 0 0 5240.70644378662 362185.302734375 3157.40728378296 0 0 0 0 0 0 0 0 0 0 0 0
"nigeria" 0 0 0 21.9170283526182 6258.75997543335 5195.33109664917 0 0 0 0 0 0 0 0 0 0 0 0
"mozambique" 0 0 -2254.390001297 -4220.48234939575 -870.827376842499 0 0 0 0 0 0 0 0 0 0 0 0 0
