"argentina" 0 0 0 0 0 0 -30940.9103393555 -12160.0036621094 -120494.384765625 -171777.770996094 0 -57196.6247558594 -405.361890792847 -3048.55918884277 1907.95624256134 0 0 0
"bolivia" 0 0 37876.8005371094 291150.268554688 869510.192871094 1127613.89160156 0 0 222805.816650391 32123.3139038086 121354.705810547 122860.527038574 0 0 0 0 0 0
"brasil" 0 0 0 708361.511230469 2891883.7890625 2703502.44140625 0 0 0 0 0 644687.98828125 0 0 0 0 0 0
"oceania" 0 0 0 28.5199452191591 240.706101059914 1902.46820449829 0 0 22.8038262575865 745.566785335541 1278.78558635712 3550.76599121094 0 0 0 0 0 0
"newzealand" 0 0 0 0 0 0 0 0 0 0 -3649.99389648438 -10553.1425476074 0 0 0 1094.3888425827 0 0
"china" 0 0 0 0 -1021.69692516327 -564.51404094696 -43.3635972440243 -83.0079168081284 -14150.0110626221 -4379.57000732422 9285.17055511475 -27334.2685699463 -150.530233979225 -8.46079271286726 912.184059619904 0 0 0
"japan" 0 0 0 0 0 0 0 0 -33.0840311944485 -782.046854496002 411.922365427017 282.627582550049 0 0 -71.8265175819397 0 0 0
"korea" 0 0 0 0 0 0 0 0 0 -302.909761667252 -580.257713794708 0 0 0 0 0 0 0
"indonesia" 0 0 0 19052.1030426025 31245.813369751 1927735.3515625 0 0 0 0 0 0 0 0 0 0 0 0
"madagascar" 0 0 0 -2066.26200675964 -1120.83578109741 -17877.4013519287 0 0 0 0 0 0 0 0 0 0 0 0
"eastasia" 0 0 0 0 0 -412.781804800034 0 0 -278.580546379089 15697.3447799683 3229.37607765198 0 0 -1083.96649360657 -3898.16808700562 0 0 0
"seasia" 0 0 0 6177.4435043335 -5927.05583572388 3642.86708831787 0 0 0 0 -266.872406005859 1143.44584941864 0 0 0 0 0 0
"malasya" 0 0 0 0 0 15400.1846313477 0 0 0 0 0 0 0 0 0 0 0 0
"myanmar" 0 0 0 9540.30227661133 18634.6645355225 2254.26626205444 0 0 0 0 4008.79192352295 3530.52854537964 0 0 0 0 0 0
"southasia" 0 0 0 6755.75160980225 34237.6594543457 2110.80741882324 0 -6.29097037017345 5.45519450679421 8198.37284088135 411.670207977295 0 0 0 0 0 0 0
"india" 0 2293.18261146545 49940.055847168 73930.0231933594 14602.0975112915 4359.85612869263 0 7229.69627380371 16238.9163970947 2173.99716377258 1131.67476654053 5566.01095199585 0 0 0 0 0 0
"canada" 0 0 0 0 0 0 0 -13395.2569961548 1637982.05566406 472865.936279297 1097.35143184662 0 0 3063.11273574829 47050.895690918 11.963440105319 0 0
"us" 0 0 0 0 0 0 -12022.0165252686 -70257.9498291016 -37377.2163391113 29685.2054595947 -6725.90065002441 -44806.1752319336 -91.224379837513 -1256.80315494537 -3.90896387398243 0 0 0
"mexico" 0 -6964.82515335083 -20609.2376708984 -4717.57650375366 12205.4328918457 1388.29898834229 -1006.73842430115 -3974.87783432007 -9121.95491790771 73.8349854946136 1953.68492603302 3571.75469398499 0 0 0 0 0 0
"colombia" 0 0 0 2901.74794197083 44624.5040893555 2171116.2109375 0 0 0 0 3418.93410682678 200055.480957031 0 0 0 0 0 0
"latinamer" 0 729.170739650726 -1035.07924079895 -2911.79466247559 -10375.6761550903 -5070.92714309692 -2670.823097229 -3821.5000629425 -5081.34841918945 -6173.88868331909 -2363.32368850708 2366.31321907043 6.19299337267876 -273.08788895607 -114.230863749981 4903.55825424194 -691.318154335022 0
"paraguay" 0 0 0 0 0 -3678.73358726501 0 0 0 0 0 5556.82468414307 0 0 0 0 0 0
"peru" 12911.8795394897 32841.6137695312 7597.97286987305 390.79412817955 17502.326965332 610666.687011719 66688.0798339844 52028.8543701172 13405.7941436768 21224.9870300293 79750.0076293945 250182.678222656 0 0 0 0 0 0
"uruguay" 0 0 0 0 0 0 0 0 0 0 0 9817.64125823975 0 0 0 0 0 0
"venezuela" 0 -3.40063264593482 0 -917.781352996826 -4706.59494400024 -11903.1381607056 0 0 0 0 0 0 0 0 0 0 0 0
"eu27" 0 0 0 0 0 0 0 0 17696.0048675537 244329.42199707 52405.8990478516 10165.0419235229 0 1356.37712478638 8024.34539794922 293.752819299698 0 0
"uk" 0 0 0 0 0 0 0 0 0 -1465.64054489136 -6973.60324859619 -291.638076305389 0 0 0 -42.4259044229984 0 0
"efta" 0 0 0 0 0 0 0 0 0 268.141686916351 0 0 0 -854.256629943848 -168.593227863312 -18.0872846394777 0 0
"restofworld" 0 0 0 0 0 0 -5022.64738082886 -381.68016076088 -1020.3982591629 28837.5549316406 544.136703014374 221.406117081642 -39.7983714938164 -412.53986954689 225.171133875847 -16.231182962656 0 0
"russia" 0 0 0 0 0 0 0 287.657618522644 21541.9387817383 6935.81008911133 505.567967891693 0 4000.84400177002 21033.3614349365 112428.909301758 0 0 0
"mena" -3293.58720779419 0 0 0 0 0 -2562.60395050049 -16379.150390625 8224.52926635742 39753.1852722168 4810.36376953125 0 0 0 -10.0383441895247 0 0 0
"angola" 0 0 129771.987915039 3352690.67382812 3390373.29101562 0 0 0 1075.38902759552 739967.895507812 0 0 0 0 0 0 0 0
"drc" 0 0 0 0 -8046.75579071045 -4728.2018661499 0 0 0 0 0 0 0 0 0 0 0 0
"nafr" -7.79349450021982 0 0 0 0 0 -1236.24515533447 -1227.90217399597 -53.8934953510761 -25.834497064352 0 0 0 0 0 0 0 0
"wafr" 0 0 -2437.99829483032 -11592.2164916992 -8163.89942169189 3835.76941490173 0 0 0 0 0 0 0 0 0 0 0 0
"cafr" 0 -16.475098207593 0 -1859.60984230042 -14516.3860321045 -42003.9176940918 0 0 0 0 0 0 0 0 0 0 0 0
"eafr" -3.62213794142008 -175.386413931847 -785.450756549835 -1069.63706016541 1845.95131874084 10983.9115142822 0 0 0 0 3226.90439224243 5447.13926315308 0 0 0 0 0 0
"safr" 0 0 -17686.372756958 -14474.1039276123 -29.0378946810961 185.720294713974 0 -0.41052550659515 -1477.38492488861 -1210.31880378723 -2203.32980155945 0 0 0 0 0 0 0
"ivorycoast" 0 0 0 -4330.40714263916 -9866.5714263916 -20048.1014251709 0 0 0 0 0 0 0 0 0 0 0 0
"ghana" 0 0 0 -156.158626079559 814.815163612366 6912.86325454712 0 0 0 0 0 0 0 0 0 0 0 0
"nigeria" 0 0 0 -93.1943506002426 2350.14367103577 2200.01029968262 0 0 0 0 0 0 0 0 0 0 0 0
"mozambique" 0 0 925.465822219849 5976.48334503174 4004.6706199646 0 0 0 0 0 0 0 0 0 0 0 0 0
