"argentina" 0 0 0 0 0 0 -31020.8282470703 -12412.6815795898 -120768.867492676 -172074.096679688 0 -57683.6776733398 -412.517219781876 -3079.79488372803 1908.31339359283 0 0 0
"bolivia" 0 0 37868.8278198242 291140.289306641 869446.228027344 1127578.125 0 0 222877.883911133 32120.3956604004 121366.912841797 122806.312561035 0 0 0 0 0 0
"brasil" 0 0 0 701415.649414062 2871247.31445312 2690577.39257812 0 0 0 0 0 642393.981933594 0 0 0 0 0 0
"oceania" 0 0 0 20.2208552509546 226.871147751808 1930.50098419189 0 0 18.9345423132181 659.098207950592 1162.09578514099 3242.80381202698 0 0 0 0 0 0
"newzealand" 0 0 0 0 0 0 0 0 0 0 -3945.92428207397 -11448.3966827393 0 0 0 1085.8941078186 0 0
"china" 0 0 0 0 -1082.37302303314 -606.39500617981 -45.778788626194 -88.096022605896 -14938.4765625 -4884.12952423096 9334.07402038574 -29030.0960540771 -158.252447843552 -8.93617421388626 893.924713134766 0 0 0
"japan" 0 0 0 0 0 0 0 0 -27.0455498248339 -704.456090927124 490.19730091095 341.338515281677 0 0 -71.4633613824844 0 0 0
"korea" 0 0 0 0 0 0 0 0 0 -304.2231798172 -583.168506622314 0 0 0 0 0 0 0
"indonesia" 0 0 0 19038.4407043457 31216.9094085693 1926747.92480469 0 0 0 0 0 0 0 0 0 0 0 0
"madagascar" 0 0 0 -1219.03848648071 -548.29341173172 -11219.2268371582 0 0 0 0 0 0 0 0 0 0 0 0
"eastasia" 0 0 0 0 0 -418.566256761551 0 0 -248.855918645859 16413.5646820068 3388.85521888733 0 0 -1104.91561889648 -3960.94560623169 0 0 0
"seasia" 0 0 0 5665.43340682983 -7101.25494003296 2873.72851371765 0 0 0 0 -277.924567461014 943.435370922089 0 0 0 0 0 0
"malasya" 0 0 0 0 0 15299.8704910278 0 0 0 0 0 0 0 0 0 0 0 0
"myanmar" 0 0 0 9274.45316314697 18345.8080291748 2224.77746009827 0 0 0 0 3952.03161239624 3482.91993141174 0 0 0 0 0 0
"southasia" 0 0 0 7784.30080413818 39220.2606201172 2478.17158699036 0 -6.56331423670053 6.53832266107202 9241.45126342773 465.570718050003 0 0 0 0 0 0 0
"india" 0 2704.53548431396 57935.0166320801 88792.9382324219 17140.8748626709 4997.69067764282 0 7824.93305206299 18519.6952819824 2610.96429824829 1412.43994235992 6424.29780960083 0 0 0 0 0 0
"canada" 0 0 0 0 0 0 0 -14107.2111129761 1628497.19238281 470703.918457031 1093.23215484619 0 0 3036.63492202759 46621.3035583496 11.5700997412205 0 0
"us" 0 0 0 0 0 0 -12097.4617004395 -71069.7784423828 -37841.5374755859 29082.1762084961 -7459.49602127075 -45599.8191833496 -95.5636277794838 -1295.83024978638 -4.83081955462694 0 0 0
"mexico" 0 -7330.78527450562 -21144.9356079102 -4885.01834869385 12346.9467163086 1356.92691802979 -1086.2854719162 -4217.00239181519 -9538.64765167236 -52.1501898765564 1974.01475906372 3638.89622688293 0 0 0 0 0 0
"colombia" 0 0 0 2905.62510490417 44615.1123046875 2170851.31835938 0 0 0 0 3420.33624649048 199959.854125977 0 0 0 0 0 0
"latinamer" 0 776.158630847931 -1082.28623867035 -2997.60150909424 -10854.9537658691 -4861.96422576904 -2813.35949897766 -4015.67840576172 -5337.86869049072 -6488.68894577026 -2448.88877868652 2657.81188011169 6.80830515921116 -275.937736034393 -70.9754377603531 5257.57312774658 -719.38556432724 0
"paraguay" 0 0 0 0 0 -4288.70725631714 0 0 0 0 0 5779.0904045105 0 0 0 0 0 0
"peru" 12916.6593551636 32823.4443664551 7607.46288299561 392.569154500961 17504.602432251 610685.913085938 66713.249206543 51992.4430847168 13409.2140197754 21230.3771972656 79768.8140869141 250230.651855469 0 0 0 0 0 0
"uruguay" 0 0 0 0 0 0 0 0 0 0 0 8498.01349639893 0 0 0 0 0 0
"venezuela" 0 -3.45945474691689 0 -933.160543441772 -4782.95278549194 -12124.8788833618 0 0 0 0 0 0 0 0 0 0 0 0
"eu27" 0 0 0 0 0 0 0 0 17812.5 251858.901977539 50593.1587219238 9921.62322998047 0 1268.26167106628 8321.4864730835 276.326388120651 0 0
"uk" 0 0 0 0 0 0 0 0 0 -1551.2820482254 -7372.55907058716 -308.298170566559 0 0 0 -45.0732335448265 0 0
"efta" 0 0 0 0 0 0 0 0 0 275.707602500916 0 0 0 -885.619401931763 -175.02324283123 -18.7571384012699 0 0
"restofworld" 0 0 0 0 0 0 -5428.58457565308 -406.921893358231 -1020.71380615234 30081.3617706299 557.505786418915 230.617552995682 -44.2791692912579 -453.224688768387 224.032863974571 -17.7142564207315 0 0
"russia" 0 0 0 0 0 0 0 259.531706571579 17511.8103027344 4739.58921432495 465.41839838028 0 3896.29793167114 20751.7070770264 111327.087402344 0 0 0
"mena" -1488.08097839355 0 0 0 0 0 -1162.66214847565 -7430.73034286499 3662.12964057922 17432.5122833252 2087.651014328 0 0 0 -2.70616030320525 0 0 0
"angola" 0 0 129768.295288086 3352662.84179688 3390365.72265625 0 0 0 1075.3870010376 739963.745117188 0 0 0 0 0 0 0 0
"drc" 0 0 0 0 -7481.70471191406 -4155.37929534912 0 0 0 0 0 0 0 0 0 0 0 0
"nafr" -7.40743894129992 0 0 0 0 0 -1249.72677230835 -1239.22061920166 -53.5888820886612 -25.8460268378258 0 0 0 0 0 0 0 0
"wafr" 0 0 -2473.97065162659 -11310.6498718262 -7974.04432296753 4205.91163635254 0 0 0 0 0 0 0 0 0 0 0 0
"cafr" 0 -8.25901329517365 0 -1303.51841449738 -11300.8756637573 -35120.5787658691 0 0 0 0 0 0 0 0 0 0 0 0
"eafr" -1.10229535494 -53.9164431393147 116.7933344841 11561.3479614258 6555.52911758423 14731.9765090942 0 0 0 0 4113.79861831665 6316.20788574219 0 0 0 0 0 0
"safr" 0 0 -18037.7235412598 -14768.1198120117 -29.8159439116716 178.891196846962 0 -0.418154173530638 -1503.6426782608 -1244.11296844482 -2253.51500511169 0 0 0 0 0 0 0
"ivorycoast" 0 0 0 -4576.54762268066 -10460.5283737183 -21102.7278900146 0 0 0 0 0 0 0 0 0 0 0 0
"ghana" 0 0 0 -158.847734332085 916.886329650879 7259.94110107422 0 0 0 0 0 0 0 0 0 0 0 0
"nigeria" 0 0 0 -97.9105085134506 2207.13829994202 2086.43341064453 0 0 0 0 0 0 0 0 0 0 0 0
"mozambique" 0 0 1041.94414615631 6462.95404434204 4279.48045730591 0 0 0 0 0 0 0 0 0 0 0 0 0
