"argentina" 0 0 0 0 0 0 -6738.23165893555 -18120.1610565186 -20894.8173522949 -22238.5063171387 0 -40485.6719970703 33.4815643727779 -209.753140807152 -675.644636154175 0 0 0
"bolivia" 0 0 1784.46984291077 -9118.12019348145 -25381.6909790039 -45016.1094665527 0 0 -1598.38247299194 -1601.6092300415 -719.198226928711 -1276.14259719849 0 0 0 0 0 0
"brasil" 0 0 0 709280.212402344 2889826.90429688 2702710.9375 0 0 0 0 0 652971.252441406 0 0 0 0 0 0
"oceania" 0 0 0 0.277592975180596 343.67248415947 4405.91144561768 0 0 19.2407369613647 793.001532554626 1486.0018491745 4190.34433364868 0 0 0 0 0 0
"newzealand" 0 0 0 0 0 0 0 0 0 0 -5362.35046386719 -15476.1877059937 0 0 0 1462.24129199982 0 0
"china" 0 0 0 0 -1285.06815433502 -903.463423252106 -55.085301399231 -111.42348498106 -17301.7845153809 -11358.2544326782 508.767902851105 -36753.6468505859 -167.329490184784 -10.5537222698331 -463.626980781555 0 0 0
"japan" 0 0 0 0 0 0 0 0 215.550005435944 2457.62920379639 3502.04539299011 2589.93530273438 0 0 -44.7911992669106 0 0 0
"korea" 0 0 0 0 0 0 0 0 0 -194.6801841259 -377.094268798828 0 0 0 0 0 0 0
"indonesia" 0 0 0 19252.3555755615 31678.8959503174 1941805.41992188 0 0 0 0 0 0 0 0 0 0 0 0
"madagascar" 0 0 0 -1888.02599906921 -917.30272769928 -16220.1404571533 0 0 0 0 0 0 0 0 0 0 0 0
"eastasia" 0 0 0 0 0 -827.17227935791 0 0 -582.342565059662 35352.3979187012 7655.11417388916 0 0 -2255.32674789429 -8178.42292785645 0 0 0
"seasia" 0 0 0 17333.3835601807 5844.88725662231 17014.5111083984 0 0 0 0 -293.062686920166 4605.01909255981 0 0 0 0 0 0
"malasya" 0 0 0 0 0 633804.565429688 0 0 0 0 0 0 0 0 0 0 0 0
"myanmar" 0 0 0 7270.22123336792 13101.0999679565 1607.25820064545 0 0 0 0 2729.0472984314 2561.15460395813 0 0 0 0 0 0
"southasia" 0 0 0 5979.96664047241 30466.5184020996 1799.38971996307 0 -6.57931342720985 4.87856939435005 7703.70864868164 381.263941526413 0 0 0 0 0 0 0
"india" 0 1950.04749298096 44451.9805908203 61707.2830200195 12108.9143753052 3761.67559623718 0 7639.21308517456 15108.2563400269 1804.12459373474 820.918142795563 4512.23611831665 0 0 0 0 0 0
"canada" 0 0 0 0 0 0 0 -23888.9808654785 2003038.45214844 586186.462402344 1333.97114276886 0 0 3812.42871284485 57844.6273803711 15.2363684028387 0 0
"us" 0 0 0 0 0 0 -16105.7205200195 -101851.989746094 -45995.3002929688 47523.7579345703 3260.6999874115 -53769.9775695801 -87.7718478441238 -1234.22920703888 15.6479515135288 0 0 0
"mexico" 0 -6138.51737976074 -20478.6891937256 -10159.8596572876 1124.35054779053 -4183.78591537476 -910.584628582001 -3817.86012649536 -12394.8516845703 -5690.04344940186 -649.748563766479 1567.95430183411 0 0 0 0 0 0
"colombia" 0 0 0 -12.3346876353025 -775.500535964966 -54698.6274719238 0 0 0 0 -8.6550023406744 -6317.47817993164 0 0 0 0 0 0
"latinamer" 0 328.999847173691 -921.213090419769 -3778.89895439148 -10033.5235595703 -22081.958770752 -1810.30035018921 -2750.56958198547 -3730.73649406433 -4429.73327636719 -2598.40798377991 -2062.19744682312 -1.78813107777387 -389.648139476776 -998.027086257935 1230.07619380951 -606.576085090637 0
"paraguay" 0 0 0 0 0 235038.146972656 0 0 0 0 0 292492.553710938 0 0 0 0 0 0
"peru" 13059.2069625854 32028.881072998 8061.62166595459 462.523967027664 17596.3096618652 611479.98046875 67469.6884155273 50404.2434692383 13548.487663269 21449.6479034424 80531.1813354492 252176.10168457 0 0 0 0 0 0
"uruguay" 0 0 0 0 0 0 0 0 0 0 0 6822.50881195068 0 0 0 0 0 0
"venezuela" 0 -3.57508263550699 0 -959.547996520996 -4952.04305648804 -12425.6858825684 0 0 0 0 0 0 0 0 0 0 0 0
"eu27" 0 0 0 0 0 0 0 0 28346.8227386475 384163.513183594 85488.6169433594 16681.2877655029 0 1089.92004394531 12619.2445755005 447.375535964966 0 0
"uk" 0 0 0 0 0 0 0 0 0 -1771.74723148346 -8964.5938873291 -352.54767537117 0 0 0 -49.5938919484615 0 0
"efta" 0 0 0 0 0 0 0 0 0 736.08261346817 0 0 0 -1043.48468780518 -79.0802538394928 -23.9976234734058 0 0
"restofworld" 0 0 0 0 0 0 -7187.85572052002 -522.117078304291 -588.451266288757 46988.0828857422 1198.65834712982 366.383761167526 -57.8616000711918 -590.366661548615 406.68448805809 -22.4342960864305 0 0
"russia" 0 0 0 0 0 0 0 381.899029016495 28190.8760070801 7365.73791503906 644.032537937164 0 5212.80527114868 27435.1654052734 146282.272338867 0 0 0
"mena" -3453.36318016052 0 0 0 0 0 -2338.3367061615 -15623.1451034546 -2682.54137039185 28404.6268463135 3548.58493804932 0 0 0 -24.6267151087523 0 0 0
"angola" 0 0 129877.838134766 3353428.95507812 3390569.3359375 0 0 0 1075.51670074463 740072.937011719 0 0 0 0 0 0 0 0
"drc" 0 0 0 0 -8141.25537872314 -2599.52425956726 0 0 0 0 0 0 0 0 0 0 0 0
"nafr" 1.46512617357075 0 0 0 0 0 -2273.40912818909 -2227.9326915741 -73.5712945461273 -39.2295271158218 0 0 0 0 0 0 0 0
"wafr" 0 0 -3312.12019920349 -17721.342086792 -11539.5183563232 1466.6610956192 0 0 0 0 0 0 0 0 0 0 0 0
"cafr" 0 -17.3634104430676 0 -2087.21446990967 -16201.5075683594 -47446.9413757324 0 0 0 0 0 0 0 0 0 0 0 0
"eafr" -3.86855821125209 -180.237054824829 -967.99898147583 -6681.63537979126 -934.825897216797 5349.43771362305 0 0 0 0 1645.15829086304 2976.27377510071 0 0 0 0 0 0
"safr" 0 0 -25784.008026123 -19694.9920654297 -37.4851934611797 330.597192049026 0 -0.527030555531383 -2008.30912590027 -1460.5667591095 -2813.97867202759 0 0 0 0 0 0 0
"ivorycoast" 0 0 0 4142.18330383301 -36061.8553161621 335255.584716797 0 0 0 0 0 0 0 0 0 0 0 0
"ghana" 0 0 0 5239.80712890625 362172.760009766 3128.05557250977 0 0 0 0 0 0 0 0 0 0 0 0
"nigeria" 0 0 0 22.8849202394485 6236.42778396606 5173.44951629639 0 0 0 0 0 0 0 0 0 0 0 0
"mozambique" 0 0 -2367.24781990051 -4565.14263153076 -1025.91776847839 0 0 0 0 0 0 0 0 0 0 0 0 0
