"argentina" 0 0 0 0 0 0 -30909.1835021973 -12059.4568252563 -120385.032653809 -171662.76550293 0 -57038.5208129883 -402.466863393784 -3035.49957275391 1907.97066688538 0 0 0
"bolivia" 0 0 37880.2185058594 291154.846191406 869540.832519531 1127630.24902344 0 0 222769.805908203 32124.6032714844 121348.571777344 122886.856079102 0 0 0 0 0 0
"brasil" 0 0 0 715068.237304688 2912090.57617188 2716099.12109375 0 0 0 0 0 646387.6953125 0 0 0 0 0 0
"oceania" 0 0 0 31.9992825388908 251.593798398972 1939.24069404602 0 0 24.8807240277529 796.691656112671 1352.6896238327 3748.85487556458 0 0 0 0 0 0
"newzealand" 0 0 0 0 0 0 0 0 0 0 -1056.30230903625 -3045.35531997681 0 0 0 389.858782291412 0 0
"china" 0 0 0 0 -978.589117527008 -527.035534381866 -41.7787320911884 -79.1653394699097 -13621.0699081421 -3792.18721389771 9696.68006896973 -26005.0659179688 -146.543949842453 -8.14932398498058 987.481534481049 0 0 0
"japan" 0 0 0 0 0 0 0 0 -11.9748935103416 -493.331968784332 639.61261510849 456.325948238373 0 0 -66.84210896492 0 0 0
"korea" 0 0 0 0 0 0 0 0 0 -286.297261714935 -548.146963119507 0 0 0 0 0 0 0
"indonesia" 0 0 0 19068.7522888184 31282.6480865479 1928870.36132812 0 0 0 0 0 0 0 0 0 0 0 0
"madagascar" 0 0 0 -2029.30927276611 -1102.64372825623 -17594.1638946533 0 0 0 0 0 0 0 0 0 0 0 0
"eastasia" 0 0 0 0 0 -405.128628015518 0 0 -66.6013658046722 17810.8386993408 3684.39745903015 0 0 -1084.90991592407 -3817.93189048767 0 0 0
"seasia" 0 0 0 6458.54139328003 -5364.94207382202 4035.05516052246 0 0 0 0 -261.812329292297 1241.72854423523 0 0 0 0 0 0
"malasya" 0 0 0 0 0 15535.9039306641 0 0 0 0 0 0 0 0 0 0 0 0
"myanmar" 0 0 0 9529.68978881836 18632.0362091064 2252.43330001831 0 0 0 0 4008.96167755127 3528.74875068665 0 0 0 0 0 0
"southasia" 0 0 0 6724.17545318604 34050.9567260742 2101.39870643616 0 -6.22572423890233 5.4589114151895 8153.57398986816 409.352779388428 0 0 0 0 0 0 0
"india" 0 2269.16265487671 49317.0471191406 72910.1943969727 14397.2816467285 4298.02274703979 0 7142.12560653687 15996.0317611694 2142.11082458496 1119.25268173218 5481.70948028564 0 0 0 0 0 0
"canada" 0 0 0 0 0 0 0 -13242.9580688477 1639126.46484375 472984.191894531 1098.18243980408 0 0 3067.70634651184 47141.6282653809 12.0292212814093 0 0
"us" 0 0 0 0 0 0 -11978.2390594482 -69626.8615722656 -37167.121887207 30702.9266357422 -6070.03211975098 -44339.6759033203 -87.645947933197 -1226.75573825836 -3.15092038363218 0 0 0
"mexico" 0 -6906.569480896 -20422.4166870117 -4558.76684188843 12263.9064788818 1451.08795166016 -1000.91695785522 -3950.54602622986 -9058.7272644043 91.589480638504 1949.31089878082 3549.8468875885 0 0 0 0 0 0
"colombia" 0 0 0 2901.74579620361 44632.8315734863 2171370.84960938 0 0 0 0 3419.08884048462 200125.65612793 0 0 0 0 0 0
"latinamer" 0 719.955623149872 -1014.9153470993 -2840.81625938416 -10170.7048416138 -4772.17864990234 -2624.49073791504 -3751.88541412354 -4989.16339874268 -6064.53371047974 -2310.56547164917 2379.73785400391 6.20601093396544 -264.672487974167 -95.7137048244476 4860.56995391846 -677.2341132164 0
"paraguay" 0 0 0 0 0 -3471.4195728302 0 0 0 0 0 5409.82246398926 0 0 0 0 0 0
"peru" 12827.0263671875 32586.8721008301 7591.53842926025 390.900254249573 17431.1237335205 610048.034667969 66235.0463867188 51543.8117980957 13294.6376800537 21050.6687164307 79144.9966430664 248633.697509766 0 0 0 0 0 0
"uruguay" 0 0 0 0 0 0 0 0 0 0 0 8902.07481384277 0 0 0 0 0 0
"venezuela" 0 -3.36210592649877 0 -912.381172180176 -4683.25901031494 -11822.6757049561 0 0 0 0 0 0 0 0 0 0 0 0
"eu27" 0 0 0 0 0 0 0 0 17598.6156463623 240611.038208008 53018.196105957 10257.2603225708 0 1383.17739963531 7875.98371505737 301.06121301651 0 0
"uk" 0 0 0 0 0 0 0 0 0 -1404.13391590118 -6769.69957351685 -280.071079730988 0 0 0 -39.8906394839287 0 0
"efta" 0 0 0 0 0 0 0 0 0 239.044219255447 0 0 0 -842.286050319672 -174.142420291901 -17.7365522831678 0 0
"restofworld" 0 0 0 0 0 0 -4869.1258430481 -371.51825428009 -967.310607433319 28791.7289733887 573.326468467712 221.659645438194 -38.0229204893112 -395.337909460068 232.791900634766 -15.5209610238671 0 0
"russia" 0 0 0 0 0 0 0 299.00649189949 23284.8148345947 7888.95034790039 519.436299800873 0 4009.03844833374 20962.0952606201 111766.044616699 0 0 0
"mena" -3202.63457298279 0 0 0 0 0 -2505.69725036621 -16009.1571807861 8305.6468963623 39093.2998657227 4725.41332244873 0 0 0 -9.31043736636639 0 0 0
"angola" 0 0 129772.521972656 3352692.3828125 3390373.77929688 0 0 0 1075.38747787476 739968.627929688 0 0 0 0 0 0 0 0
"drc" 0 0 0 0 -8018.67294311523 -4684.34810638428 0 0 0 0 0 0 0 0 0 0 0 0
"nafr" 2.45083635672927 0 0 0 0 0 -1738.37196826935 -1723.00505638123 -57.1224428713322 -30.3093660622835 0 0 0 0 0 0 0 0
"wafr" 0 0 -2359.54594612122 -11346.9562530518 -7989.91966247559 3723.00362586975 0 0 0 0 0 0 0 0 0 0 0 0
"cafr" 0 -16.1992534995079 0 -1828.96673679352 -14265.4047012329 -41254.4898986816 0 0 0 0 0 0 0 0 0 0 0 0
"eafr" -3.62492725253105 -176.315426826477 -810.601711273193 -1776.60810947418 1510.75971126556 10429.2821884155 0 0 0 0 3074.80812072754 5237.90645599365 0 0 0 0 0 0
"safr" 0 0 -18060.6784820557 -14392.4732208252 -28.4818969666958 196.122244000435 0 -0.403981830459088 -1475.77083110809 -1185.69195270538 -2156.61644935608 0 0 0 0 0 0 0
"ivorycoast" 0 0 0 -4221.30918502808 -9599.14207458496 -19557.0659637451 0 0 0 0 0 0 0 0 0 0 0 0
"ghana" 0 0 0 -154.248431324959 824.006915092468 6879.2576789856 0 0 0 0 0 0 0 0 0 0 0 0
"nigeria" 0 0 0 -93.9667150378227 2319.32830810547 2177.42514610291 0 0 0 0 0 0 0 0 0 0 0 0
"mozambique" 0 0 1055.84263801575 6345.81899642944 4164.48783874512 0 0 0 0 0 0 0 0 0 0 0 0 0
