"argentina" 0 0 0 0 0 0 -32438.5108947754 -16896.2993621826 -125638.893127441 -177315.10925293 0 -67591.9418334961 -544.840335845947 -3702.76808738708 1908.18679332733 0 0 0
"bolivia" 0 0 37801.0597229004 290890.563964844 867953.369140625 1126954.95605469 0 0 222248.016357422 32077.5871276855 121095.863342285 122773.696899414 0 0 0 0 0 0
"brasil" 0 0 0 -25543.041229248 -218323.013305664 58268.2456970215 0 0 0 0 0 1280.87878227234 0 0 0 0 0 0
"oceania" 0 0 0 4.65261749923229 625.366926193237 7143.86081695557 0 0 41.8050289154053 1578.07517051697 2857.22875595093 8072.19982147217 0 0 0 0 0 0
"newzealand" 0 0 0 0 0 0 0 0 0 0 -272.212743759155 -665.472626686096 0 0 0 401.873052120209 0 0
"china" 0 0 0 0 -598.08611869812 -532.050549983978 -18.0756133049726 -51.6126044094563 -7469.72274780273 -7950.37746429443 -5264.92404937744 -18012.0811462402 -70.7256346940994 -3.88771621510386 -944.1859126091 0 0 0
"japan" 0 0 0 0 0 0 0 0 -21.4209668338299 -402.615189552307 -167.379468679428 -105.877861380577 0 0 -22.2570672631264 0 0 0
"korea" 0 0 0 0 0 0 0 0 0 -119.185402989388 -194.552481174469 0 0 0 0 0 0 0
"indonesia" 0 0 0 -412.092745304108 -198.994025588036 43325.9391784668 0 0 0 0 0 0 0 0 0 0 0 0
"madagascar" 0 0 0 -1481.14275932312 -784.304559230804 -12378.5190582275 0 0 0 0 0 0 0 0 0 0 0 0
"eastasia" 0 0 0 0 0 -538.231194019318 0 0 -1813.36057186127 4729.58707809448 958.038449287415 0 0 -1292.72496700287 -5244.87257003784 0 0 0
"seasia" 0 0 0 33693.3441162109 43752.2087097168 44459.3544006348 0 0 0 0 63.4964108467102 11003.547668457 0 0 0 0 0 0
"malasya" 0 0 0 0 0 637655.2734375 0 0 0 0 0 0 0 0 0 0 0 0
"myanmar" 0 0 0 209.69857275486 1826.78687572479 208.87616276741 0 0 0 0 447.157800197601 329.628229141235 0 0 0 0 0 0
"southasia" 0 0 0 -523.600399494171 -1910.02285480499 -222.349166870117 0 -1.87680497765541 -1.91933277528733 1.52324140071869 -16.3928978145123 0 0 0 0 0 0 0
"india" 0 116.898566484451 6498.46029281616 6105.71432113647 1473.48833084106 676.508069038391 0 3129.56404685974 3420.00031471252 113.428473472595 -19.3505920469761 456.789255142212 0 0 0 0 0 0
"canada" 0 0 0 0 0 0 0 -11377.2993087769 1279683.10546875 369913.330078125 919.029474258423 0 0 2709.72394943237 42311.4700317383 12.528583407402 0 0
"us" 0 0 0 0 0 0 -17792.3679351807 -100237.47253418 -47613.7008666992 158251.663208008 76937.1185302734 -5705.07192611694 226.689264178276 1153.23376655579 109.881974756718 0 0 0
"mexico" 0 -3388.34190368652 -8055.97400665283 -538.815796375275 7043.25580596924 1405.38227558136 -375.887900590897 -1457.60726928711 -1778.47385406494 1179.11958694458 1127.31146812439 1600.61085224152 0 0 0 0 0 0
"colombia" 0 0 0 -8.51967558264732 -490.950852632523 -34597.412109375 0 0 0 0 -5.75523404404521 -4058.4831237793 0 0 0 0 0 0
"latinamer" 0 191.751837730408 -539.306342601776 -1882.80129432678 -4774.36780929565 -7136.20948791504 -1192.15631484985 -1840.48819541931 -2467.86832809448 -2751.01733207703 -1164.98899459839 -894.923686981201 -2.03874334692955 -296.457141637802 -804.36760187149 546.291649341583 -428.49725484848 0
"paraguay" 0 0 0 0 0 232964.126586914 0 0 0 0 0 291720.764160156 0 0 0 0 0 0
"peru" 12792.2468185425 31887.9108428955 7864.24016952515 430.872112512589 17474.8287200928 610424.194335938 66069.8165893555 50179.4013977051 13359.1985702515 21152.5764465332 79500.5950927734 249539.138793945 0 0 0 0 0 0
"uruguay" 0 0 0 0 0 0 0 0 0 0 0 6257.51399993896 0 0 0 0 0 0
"venezuela" 0 -1.88470876310021 0 -451.462537050247 -2442.64578819275 -6174.74746704102 0 0 0 0 0 0 0 0 0 0 0 0
"eu27" 0 0 0 0 0 0 0 0 10565.0901794434 151568.099975586 29060.1196289062 5722.35584259033 0 1157.77397155762 4952.36015319824 175.568550825119 0 0
"uk" 0 0 0 0 0 0 0 0 0 -882.203340530396 -4617.11454391479 -179.783955216408 0 0 0 -21.7536091804504 0 0
"efta" 0 0 0 0 0 0 0 0 0 258.648276329041 0 0 0 -514.694392681122 -67.1868920326233 -11.2724304199219 0 0
"restofworld" 0 0 0 0 0 0 -3847.94473648071 -282.785892486572 -319.215178489685 25588.8862609863 782.637000083923 202.420890331268 -27.9138423502445 -289.117276668549 240.234509110451 -9.57318022847176 0 0
"russia" 0 0 0 0 0 0 0 356.147050857544 27814.4493103027 8361.65428161621 497.25267291069 0 3571.17938995361 18499.5288848877 97274.4140625 0 0 0
"mena" -2364.23516273499 0 0 0 0 0 -1318.57073307037 -9022.42279052734 -7610.28671264648 9826.64585113525 1312.82615661621 0 0 0 -23.7395334988832 0 0 0
"angola" 0 0 129648.025512695 3351836.42578125 3390115.72265625 0 0 0 1075.19769668579 739817.749023438 0 0 0 0 0 0 0 0
"drc" 0 0 0 0 -5544.38924789429 -1920.40359973907 0 0 0 0 0 0 0 0 0 0 0 0
"nafr" -7.9471068456769 0 0 0 0 0 -967.610478401184 -936.12003326416 -39.9685427546501 -19.664702937007 0 0 0 0 0 0 0 0
"wafr" 0 0 -1952.23605632782 -12482.7814102173 -7975.31366348267 -1409.11734104156 0 0 0 0 0 0 0 0 0 0 0 0
"cafr" 0 -13.2567379623652 0 -1267.88246631622 -10986.10496521 -31999.8092651367 0 0 0 0 0 0 0 0 0 0 0 0
"eafr" -1.72598869539797 -78.5196200013161 -488.79262804985 -5326.55477523804 -1600.72112083435 15.132948756218 0 0 0 0 99.3701070547104 305.373042821884 0 0 0 0 0 0
"safr" 0 0 -11206.7270278931 -10204.0214538574 -20.5689482390881 125.080645084381 0 -0.304040149785578 -1034.37650203705 -882.84295797348 -1594.83027458191 0 0 0 0 0 0 0
"ivorycoast" 0 0 0 -3589.79296684265 -7879.8680305481 -15854.8736572266 0 0 0 0 0 0 0 0 0 0 0 0
"ghana" 0 0 0 -76.277568936348 1683.69996547699 6717.04483032227 0 0 0 0 0 0 0 0 0 0 0 0
"nigeria" 0 0 0 -34.9757671356201 2538.46740722656 2274.58786964417 0 0 0 0 0 0 0 0 0 0 0 0
"mozambique" 0 0 -2803.94959449768 -7815.88315963745 -3363.75498771667 0 0 0 0 0 0 0 0 0 0 0 0 0
