"argentina" 0 0 0 0 0 0 729.854822158813 2205.9588432312 2200.18482208252 2638.06819915771 0 4990.77987670898 30.0894528627396 163.743898272514 156.526744365692 0 0 0
"bolivia" 0 0 178.01621556282 -496.650874614716 -1263.55814933777 -2253.96180152893 0 0 -77.0576298236847 -91.3046300411224 -24.9320436269045 -47.4615842103958 0 0 0 0 0 0
"brasil" 0 0 0 3197.96419143677 18914.192199707 9155.60913085938 0 0 0 0 0 1403.81133556366 0 0 0 0 0 0
"oceania" 0 0 0 41.5367595851421 221.692949533463 1650.23565292358 0 0 25.6621111184359 736.395478248596 1230.20219802856 3413.93089294434 0 0 0 0 0 0
"newzealand" 0 0 0 0 0 0 0 0 0 0 1805.54676055908 5500.17595291138 0 0 0 -11.6474032402039 0 0
"china" 0 0 0 0 225.371405482292 0.151274842210114 22.5954856723547 25.34094825387 4544.02923583984 -1200.77991485596 -7787.2462272644 5128.61490249634 46.2620928883553 3.75566724687815 -918.380200862885 0 0 0
"japan" 0 0 0 0 0 0 0 0 93.0137038230896 1306.50007724762 928.486466407776 709.321975708008 0 0 27.6749655604362 0 0 0
"korea" 0 0 0 0 0 0 0 0 0 46.3964939117432 95.3744947910309 0 0 0 0 0 0 0
"indonesia" 0 0 0 101.771809160709 174.424886703491 4968.65367889404 0 0 0 0 0 0 0 0 0 0 0 0
"madagascar" 0 0 0 -88.1292149424553 -111.23801022768 -671.28586769104 0 0 0 0 0 0 0 0 0 0 0 0
"eastasia" 0 0 0 0 0 25.7706008851528 0 0 987.212061882019 10494.553565979 2239.73941802979 0 0 -39.8436486721039 249.656558036804 0 0 0
"seasia" 0 0 0 9676.62620544434 16370.6665039062 13929.0628433228 0 0 0 0 96.4427888393402 3404.4177532196 0 0 0 0 0 0
"malasya" 0 0 0 0 0 195.564642548561 0 0 0 0 0 0 0 0 0 0 0 0
"myanmar" 0 0 0 4928.35569381714 8219.56539154053 981.775283813477 0 0 0 0 1716.15958213806 1565.55044651031 0 0 0 0 0 0
"southasia" 0 0 0 1519.79374885559 7226.93634033203 485.361695289612 0 -0.352178758475929 1.82129454333335 1539.27111625671 81.4777687191963 0 0 0 0 0 0 0
"india" 0 606.260001659393 11056.134223938 17015.1748657227 3280.80821037292 899.961233139038 0 1037.61470317841 2736.25349998474 478.676050901413 334.966450929642 1216.69936180115 0 0 0 0 0 0
"canada" 0 0 0 0 0 0 0 -3084.07592773438 446416.320800781 143187.438964844 333.49135518074 0 0 1034.90960597992 15685.1062774658 5.50591526553035 0 0
"us" 0 0 0 0 0 0 -1570.06514072418 -6517.29202270508 -3556.78796768188 37089.7674560547 20802.5875091553 7052.88124084473 87.3363614082336 660.851299762726 30.7973399758339 0 0 0
"mexico" 0 -515.449345111847 -1493.09349060059 -293.532818555832 1155.05743026733 159.249752759933 -107.494927942753 -396.51894569397 -783.770143985748 110.94357073307 213.615342974663 317.047536373138 0 0 0 0 0 0
"colombia" 0 0 0 -0.232564983889461 -42.2293096780777 -3487.54978179932 0 0 0 0 -0.425106642069295 -434.697359800339 0 0 0 0 0 0
"latinamer" 0 153.47895026207 -5.48022426664829 464.876085519791 100.412800908089 6904.18291091919 -235.868066549301 -245.425656437874 -310.308486223221 -443.778216838837 190.979033708572 1910.59422492981 3.92188597470522 89.4143432378769 498.222053050995 1647.37832546234 13.1796896457672 0
"paraguay" 0 0 0 0 0 2.7037151157856 0 0 0 0 0 289.142489433289 0 0 0 0 0 0
"peru" 8.33039544522762 34.0154021978378 26.4285802841187 8.2656629383564 77.2146731615067 1199.38659667969 22.6906836032867 20.8319034427404 33.9554212987423 48.8736405968666 314.462721347809 1592.70942211151 0 0 0 0 0 0
"uruguay" 0 0 0 0 0 0 0 0 0 0 0 2295.60565948486 0 0 0 0 0 0
"venezuela" 0 -0.0227129166887607 0 -39.7318340837955 -154.336303472519 -371.799916028976 0 0 0 0 0 0 0 0 0 0 0 0
"eu27" 0 0 0 0 0 0 0 0 -16114.74609375 -226810.195922852 -47866.828918457 -9508.60977172852 0 -450.652480125427 -8325.37460327148 -264.016389846802 0 0
"uk" 0 0 0 0 0 0 0 0 0 3225.98457336426 5136.49988174438 580.855906009674 0 0 0 171.609848737717 0 0
"efta" 0 0 0 0 0 0 0 0 0 899.780690670013 0 0 0 708.087205886841 494.626998901367 10.5696404352784 0 0
"restofworld" 0 0 0 0 0 0 1439.8444890976 158.207267522812 5592.38195419312 54069.6640014648 3769.99092102051 468.760758638382 23.0210460722446 303.584367036819 964.936494827271 17.8265869617462 0 0
"russia" 0 0 0 0 0 0 0 519.459009170532 44496.5057373047 13861.6628646851 464.84911441803 0 1648.60939979553 6912.31393814087 30964.0235900879 0 0 0
"mena" -516.830801963806 0 0 0 0 0 -349.874556064606 -2258.24165344238 431.252241134644 4839.24293518066 571.790039539337 0 0 0 -2.85302638076246 0 0 0
"angola" 0 0 116.457022726536 2549.53742027283 2725.50940513611 0 0 0 1.83002336416394 372.140645980835 0 0 0 0 0 0 0 0
"drc" 0 0 0 0 3217.15116500854 4347.85747528076 0 0 0 0 0 0 0 0 0 0 0 0
"nafr" 8.5540097206831 0 0 0 0 0 -30.9937633574009 -14.2850391566753 10.5485059320927 3.31833586096764 0 0 0 0 0 0 0 0
"wafr" 0 0 841.046154499054 6799.54051971436 4074.94068145752 2879.32157516479 0 0 0 0 0 0 0 0 0 0 0 0
"cafr" 0 5.76019566506147 0 417.274594306946 3023.45705032349 7839.2505645752 0 0 0 0 0 0 0 0 0 0 0 0
"eafr" -0.614391232375056 -27.8053544461727 -68.3627054095268 1671.65350914001 1187.34073638916 3286.39245033264 0 0 0 0 903.229892253876 1396.19016647339 0 0 0 0 0 0
"safr" 0 0 -2963.47093582153 -1336.45069599152 0.0543199275853112 228.542968630791 0 -0.0240085082623409 -174.444675445557 156.020969152451 -63.8792514801025 0 0 0 0 0 0 0
"ivorycoast" 0 0 0 -1397.26090431213 -3202.28934288025 -6397.89724349976 0 0 0 0 0 0 0 0 0 0 0 0
"ghana" 0 0 0 43.7667295336723 1683.50911140442 2341.63904190063 0 0 0 0 0 0 0 0 0 0 0 0
"nigeria" 0 0 0 53.5629726946354 2415.03143310547 1831.29024505615 0 0 0 0 0 0 0 0 0 0 0 0
"mozambique" 0 0 -1003.4145116806 -4393.68009567261 -2620.5906867981 0 0 0 0 0 0 0 0 0 0 0 0 0
