"argentina" 0 0 0 0 0 0 727.845311164856 2199.90468025208 2195.00398635864 2633.80336761475 0 4985.25476455688 29.9962144345045 163.257673382759 156.082212924957 0 0 0
"bolivia" 0 0 178.074344992638 -497.276216745377 -1265.35177230835 -2259.76085662842 0 0 -77.4136707186699 -91.6503295302391 -25.1032058149576 -47.7360934019089 0 0 0 0 0 0
"brasil" 0 0 0 3172.36495018005 18690.1950836182 9122.1809387207 0 0 0 0 0 1390.56837558746 0 0 0 0 0 0
"oceania" 0 0 0 41.5054708719254 221.564203500748 1646.05414867401 0 0 25.6463419646025 736.05751991272 1229.80070114136 3412.94193267822 0 0 0 0 0 0
"newzealand" 0 0 0 0 0 0 0 0 0 0 1803.72583866119 5494.71998214722 0 0 0 -11.3801583647728 0 0
"china" 0 0 0 0 224.935293197632 -0.265298993326724 22.5636847317219 25.2904295921326 4536.865234375 -1208.77480506897 -7793.08986663818 5115.78273773193 46.2066158652306 3.75079037621617 -919.493436813354 0 0 0
"japan" 0 0 0 0 0 0 0 0 92.7718058228493 1303.20835113525 925.761580467224 707.297623157501 0 0 27.6276711374521 0 0 0
"korea" 0 0 0 0 0 0 0 0 0 46.3045239448547 95.1943099498749 0 0 0 0 0 0 0
"indonesia" 0 0 0 102.054722607136 174.081474542618 4902.01473236084 0 0 0 0 0 0 0 0 0 0 0 0
"madagascar" 0 0 0 362.259745597839 151.858240365982 2430.83524703979 0 0 0 0 0 0 0 0 0 0 0 0
"eastasia" 0 0 0 0 0 25.6711859256029 0 0 985.707879066467 10474.2908477783 2235.08977890015 0 0 -39.7821515798569 249.341711401939 0 0 0
"seasia" 0 0 0 9687.33978271484 16384.4184875488 13942.0404434204 0 0 0 0 96.4591205120087 3407.84811973572 0 0 0 0 0 0
"malasya" 0 0 0 0 0 189.324721693993 0 0 0 0 0 0 0 0 0 0 0 0
"myanmar" 0 0 0 5066.30992889404 8401.90505981445 1002.74813175201 0 0 0 0 1752.73072719574 1599.1222858429 0 0 0 0 0 0
"southasia" 0 0 0 1523.32842350006 7246.73461914062 484.310269355774 0 -0.353179930243641 1.82399689219892 1542.48297214508 81.6624611616135 0 0 0 0 0 0 0
"india" 0 605.025231838226 11024.67918396 16974.9813079834 3269.84739303589 896.217584609985 0 1032.42516517639 2724.55406188965 477.418810129166 334.454268217087 1211.39490604401 0 0 0 0 0 0
"canada" 0 0 0 0 0 0 0 -3001.10197067261 446311.950683594 143094.543457031 333.357572555542 0 0 1034.54542160034 15688.6682510376 5.5127227678895 0 0
"us" 0 0 0 0 0 0 -1569.87714767456 -6415.55213928223 -3569.35024261475 37040.7638549805 20760.7250213623 7064.44358825684 87.3298645019531 659.985661506653 30.6988917291164 0 0 0
"mexico" 0 -516.106843948364 -1491.94920063019 -291.617691516876 1157.03439712524 161.97082400322 -107.630781829357 -396.210849285126 -782.195210456848 109.953992068768 213.080689311028 316.508442163467 0 0 0 0 0 0
"colombia" 0 0 0 -0.237241853028536 -41.7694225907326 -3447.60704040527 0 0 0 0 -0.422596058342606 -430.159211158752 0 0 0 0 0 0
"latinamer" 0 153.32704782486 -6.33202772587538 461.873859167099 97.6239964365959 6901.74722671509 -237.622573971748 -248.60967695713 -314.3709897995 -447.358191013336 190.15271961689 1905.28845787048 3.90379130840302 88.4683728218079 494.837522506714 1643.15438270569 12.2472969815135 0
"paraguay" 0 0 0 0 0 2.5773923844099 0 0 0 0 0 289.430379867554 0 0 0 0 0 0
"peru" 8.24228301644325 33.8104367256165 26.287043467164 8.25889222323895 76.8926218152046 1197.39580154419 22.2683344036341 20.536869764328 33.6896479129791 48.4802424907684 313.001483678818 1590.176820755 0 0 0 0 0 0
"uruguay" 0 0 0 0 0 0 0 0 0 0 0 2296.24509811401 0 0 0 0 0 0
"venezuela" 0 -0.0230085788643919 0 -39.6350473165512 -154.115781188011 -371.467053890228 0 0 0 0 0 0 0 0 0 0 0 0
"eu27" 0 0 0 0 0 0 0 0 -16036.0012054443 -225663.482666016 -47653.2135009766 -9464.83135223389 0 -459.82301235199 -8277.77481079102 -263.089776039124 0 0
"uk" 0 0 0 0 0 0 0 0 0 3223.62542152405 5120.43523788452 580.365657806396 0 0 0 171.561017632484 0 0
"efta" 0 0 0 0 0 0 0 0 0 895.442485809326 0 0 0 705.049991607666 492.335945367813 10.5278324335814 0 0
"restofworld" 0 0 0 0 0 0 1427.63125896454 157.222047448158 5582.26776123047 54045.1698303223 3764.83583450317 468.477576971054 22.8896047919989 302.183538675308 963.86992931366 17.754815518856 0 0
"russia" 0 0 0 0 0 0 0 519.676923751831 44508.7432861328 13866.4083480835 465.312778949738 0 1652.88138389587 6935.48583984375 31091.9990539551 0 0 0
"mena" -518.643260002136 0 0 0 0 0 -351.013362407684 -2265.90490341187 424.914926290512 4847.80073165894 572.907388210297 0 0 0 -2.86878854967654 0 0 0
"angola" 0 0 115.523308515549 2528.1720161438 2702.95810699463 0 0 0 1.82168942410499 368.89186501503 0 0 0 0 0 0 0 0
"drc" 0 0 0 0 3194.84686851501 4314.7497177124 0 0 0 0 0 0 0 0 0 0 0 0
"nafr" 8.56520794332027 0 0 0 0 0 -31.3657149672508 -14.5568279549479 10.554688051343 3.31831187941134 0 0 0 0 0 0 0 0
"wafr" 0 0 839.422464370728 6789.34001922607 4066.61415100098 2881.56366348267 0 0 0 0 0 0 0 0 0 0 0 0
"cafr" 0 5.76685788109899 0 417.467296123505 3018.67985725403 7821.24423980713 0 0 0 0 0 0 0 0 0 0 0 0
"eafr" -0.610892137046903 -27.6328809559345 -67.3148334026337 1681.19335174561 1189.94522094727 3283.3890914917 0 0 0 0 902.30518579483 1393.98813247681 0 0 0 0 0 0
"safr" 0 0 -2961.43198013306 -1343.89019012451 0.0097451193141751 228.566348552704 0 -0.0240979316004086 -174.68336224556 156.404599547386 -65.8918470144272 0 0 0 0 0 0 0
"ivorycoast" 0 0 0 -1396.28207683563 -3199.84245300293 -6393.66054534912 0 0 0 0 0 0 0 0 0 0 0 0
"ghana" 0 0 0 43.8377894461155 1686.85662746429 2346.39644622803 0 0 0 0 0 0 0 0 0 0 0 0
"nigeria" 0 0 0 53.7690930068493 2426.79476737976 1840.1585817337 0 0 0 0 0 0 0 0 0 0 0 0
"mozambique" 0 0 -1013.25023174286 -4423.67029190063 -2633.94331932068 0 0 0 0 0 0 0 0 0 0 0 0 0
