"argentina" 0 0 0 0 0 0 1211.06672286987 3420.78495025635 3511.74306869507 3087.38708496094 0 5453.30429077148 17.5713170319796 136.663571000099 180.800572037697 0 0 0
"bolivia" 0 0 -126.090317964554 -24.9205864965916 -121.861033141613 321.114122867584 0 0 53.4851923584938 32.1849957108498 10.7797738164663 13.9463748782873 0 0 0 0 0 0
"brasil" 0 0 0 5896.08955383301 64445.2819824219 -5596.27532958984 0 0 0 0 0 1391.99280738831 0 0 0 0 0 0
"oceania" 0 0 0 1.32279610261321 -4.98787174001336 -185.716465115547 0 0 -0.357198179699481 -7.59972725063562 -4.46422817185521 -6.01748563349247 0 0 0 0 0 0
"newzealand" 0 0 0 0 0 0 0 0 0 0 -252.202063798904 -771.952331066132 0 0 0 -16.9110782444477 0 0
"china" 0 0 0 0 37.5898405909538 17.8155619651079 1.89095444511622 3.51782143115997 583.26780796051 146.106958389282 -453.271985054016 1032.3338508606 5.00874873250723 0.363762374036014 -46.5804152190685 0 0 0
"japan" 0 0 0 0 0 0 0 0 -23.9221807569265 -321.853876113892 -281.060546636581 -209.801852703094 0 0 -3.81908193230629 0 0 0
"korea" 0 0 0 0 0 0 0 0 0 1.58923480194062 3.74043546617031 0 0 0 0 0 0 0
"indonesia" 0 0 0 62.5651180744171 -3.46268783323467 -8652.50682830811 0 0 0 0 0 0 0 0 0 0 0 0
"madagascar" 0 0 0 66.0523697733879 29.6038184314966 564.088106155396 0 0 0 0 0 0 0 0 0 0 0 0
"eastasia" 0 0 0 0 0 18.7080036848783 0 0 -112.894669175148 -2400.67958831787 -513.543248176575 0 0 67.7032917737961 193.59090924263 0 0 0
"seasia" 0 0 0 -346.960008144379 251.364439725876 -355.678826570511 0 0 0 0 14.5001159980893 -80.7081758975983 0 0 0 0 0 0
"malasya" 0 0 0 0 0 -1943.598985672 0 0 0 0 0 0 0 0 0 0 0 0
"myanmar" 0 0 0 -126.40580534935 -361.857950687408 -51.8267601728439 0 0 0 0 -80.5017724633217 -76.7628625035286 0 0 0 0 0 0
"southasia" 0 0 0 -238.956987857819 -1213.50955963135 -78.9854675531387 0 0.272050267085433 -0.181187846465036 -303.3507168293 -15.4013689607382 0 0 0 0 0 0 0
"india" 0 -110.179126262665 -2397.71032333374 -3660.96973419189 -702.790260314941 -206.499099731445 0 -325.7215321064 -837.319195270538 -115.274488925934 -56.0045875608921 -268.568515777588 0 0 0 0 0 0
"canada" 0 0 0 0 0 0 0 2712.77046203613 -16157.0320129395 -5433.3553314209 -17.9109275341034 0 0 -38.847878575325 -485.923945903778 0.257319159572944 0 0
"us" 0 0 0 0 0 0 570.716500282288 5980.42583465576 942.786633968353 329.986095428467 470.659077167511 2944.52881813049 9.40614938735962 70.9944516420364 -0.792071572504938 0 0 0
"mexico" 0 220.906749367714 765.045523643494 413.276731967926 15.0248566642404 220.990419387817 31.3777700066566 147.631794214249 478.72206568718 195.584014058113 18.543366342783 -61.8232786655426 0 0 0 0 0 0
"colombia" 0 0 0 3.42588499188423 46.2340526282787 371.765464544296 0 0 0 0 0.997003051452339 -99.2239266633987 0 0 0 0 0 0
"latinamer" 0 5.22766634821892 77.0392864942551 491.301298141479 1098.50823879242 4580.66082000732 77.040508389473 135.692596435547 200.106710195541 256.189823150635 336.104869842529 670.198082923889 0.840107211843133 42.3174053430557 162.151709198952 236.317470669746 43.9579784870148 0
"paraguay" 0 0 0 0 0 -9350.4638671875 0 0 0 0 0 1659.20758247375 0 0 0 0 0 0
"peru" 13.6098265647888 74.337974190712 49.6866032481194 24.9411407858133 200.064837932587 3719.07711029053 10.5088390409946 10.5510801076889 68.4187412261963 94.7050154209137 782.245516777039 4682.42168426514 0 0 0 0 0 0
"uruguay" 0 0 0 0 0 0 0 0 0 0 0 -1026.35884284973 0 0 0 0 0 0
"venezuela" 0 0.12491227244027 0 45.8260625600815 227.100491523743 535.830438137054 0 0 0 0 0 0 0 0 0 0 0 0
"eu27" 0 0 0 0 0 0 0 0 -4959.3391418457 -79794.3420410156 -11369.2588806152 -2440.09757041931 0 -89.4259288907051 -2938.9705657959 -56.5823614597321 0 0
"uk" 0 0 0 0 0 0 0 0 0 940.333604812622 1701.28417015076 170.722484588623 0 0 0 48.8924533128738 0 0
"efta" 0 0 0 0 0 0 0 0 0 -16.7550947517157 0 0 0 198.791682720184 49.9485172331333 4.12056129425764 0 0
"restofworld" 0 0 0 0 0 0 657.650828361511 64.4736662507057 1591.37296676636 14025.4316329956 1046.86427116394 123.535245656967 9.02194622904062 108.616679906845 266.356974840164 5.90890552848577 0 0
"russia" 0 0 0 0 0 0 0 63.2136315107346 5574.36656951904 1772.30966091156 34.2427045106888 0 -91.9710546731949 -797.387301921844 -5242.24185943604 0 0 0
"mena" -10.1578906178474 0 0 0 0 0 32.9247303307056 245.94509601593 -330.590844154358 -771.630883216858 -92.3226922750473 0 0 0 -0.395177165046334 0 0 0
"angola" 0 0 49.8499199748039 1317.30496883392 1460.06834506989 0 0 0 -1.45299662835896 182.383149862289 0 0 0 0 0 0 0 0
"drc" 0 0 0 0 1071.67708873749 1386.52968406677 0 0 0 0 0 0 0 0 0 0 0 0
"nafr" 2.81984312459826 0 0 0 0 0 65.7768845558167 73.7919956445694 6.87985215336084 2.68599856644869 0 0 0 0 0 0 0 0
"wafr" 0 0 663.446545600891 4020.3857421875 2526.39245986938 419.956743717194 0 0 0 0 0 0 0 0 0 0 0 0
"cafr" 0 1.5124169876799 0 141.892746090889 922.028183937073 2473.38175773621 0 0 0 0 0 0 0 0 0 0 0 0
"eafr" 0.0913214025786147 3.87617666274309 26.0465070605278 314.816951751709 101.756125688553 94.080463051796 0 0 0 0 17.5310336053371 24.3532788008451 0 0 0 0 0 0
"safr" 0 0 800.899744033813 343.019127845764 0.467341800685972 7.8738983720541 0 0.0120519525808049 48.2211783528328 59.9197298288345 31.4721167087555 0 0 0 0 0 0 0
"ivorycoast" 0 0 0 -5776.86882019043 -12721.8151092529 -25613.5997772217 0 0 0 0 0 0 0 0 0 0 0 0
"ghana" 0 0 0 139.451324939728 4993.22700500488 7354.36344146729 0 0 0 0 0 0 0 0 0 0 0 0
"nigeria" 0 0 0 9.86169837415218 292.382895946503 203.72112095356 0 0 0 0 0 0 0 0 0 0 0 0
"mozambique" 0 0 384.361922740936 1115.25118350983 474.07740354538 0 0 0 0 0 0 0 0 0 0 0 0 0
