"argentina" 0 0 0 0 0 0 968.069791793823 2674.31592941284 2664.31164741516 2902.08959579468 0 5225.43668746948 6.20402116328478 73.9226415753365 121.612891554832 0 0 0
"bolivia" 0 0 17.8823415189981 -135.736256837845 -338.26208114624 -424.208968877792 0 0 2.17233970761299 -14.4596779718995 -0.46660122461617 -5.13720884919167 0 0 0 0 0 0
"brasil" 0 0 0 5294.01969909668 52025.0549316406 -6284.39617156982 0 0 0 0 0 767.560005187988 0 0 0 0 0 0
"oceania" 0 0 0 26.8932953476906 159.973010420799 1141.34526252747 0 0 17.0906912535429 506.898820400238 873.483300209045 2443.18652153015 0 0 0 0 0 0
"newzealand" 0 0 0 0 0 0 0 0 0 0 -7.01394537463784 100.609146058559 0 0 0 310.071468353271 0 0
"china" 0 0 0 0 53.309328854084 -206.447899341583 16.4721384644508 8.83521046489477 2637.27736473083 -5139.20068740845 -12591.0215377808 -637.597918510437 34.6698015928268 2.67643039114773 -1670.40824890137 0 0 0
"japan" 0 0 0 0 0 0 0 0 63.188225030899 887.723863124847 628.335356712341 481.269955635071 0 0 18.8665110617876 0 0 0
"korea" 0 0 0 0 0 0 0 0 0 26.7947819083929 56.031122803688 0 0 0 0 0 0 0
"indonesia" 0 0 0 100.263886153698 116.028554737568 -1283.49041938782 0 0 0 0 0 0 0 0 0 0 0 0
"madagascar" 0 0 0 -78.463077545166 -65.0223195552826 -635.78188419342 0 0 0 0 0 0 0 0 0 0 0 0
"eastasia" 0 0 0 0 0 16.785928979516 0 0 791.022837162018 8500.15354156494 1810.78684329987 0 0 -40.3881520032883 171.208083629608 0 0 0
"seasia" 0 0 0 6454.96416091919 10999.6690750122 9673.01368713379 0 0 0 0 60.8156099915504 2344.67315673828 0 0 0 0 0 0
"malasya" 0 0 0 0 0 -1172.48868942261 0 0 0 0 0 0 0 0 0 0 0 0
"myanmar" 0 0 0 4047.56164550781 6720.34454345703 813.650012016296 0 0 0 0 1403.23555469513 1288.58697414398 0 0 0 0 0 0
"southasia" 0 0 0 974.703788757324 4644.60754394531 301.176756620407 0 -0.25004378403537 1.19914161041379 1004.95445728302 53.3468276262283 0 0 0 0 0 0 0
"india" 0 381.109952926636 6901.92079544067 10261.1446380615 1977.67758369446 543.586671352386 0 608.0242395401 1659.52301025391 290.526747703552 194.12562251091 741.896748542786 0 0 0 0 0 0
"canada" 0 0 0 0 0 0 0 -2472.86605834961 340180.603027344 108456.169128418 253.99973988533 0 0 779.472649097443 11822.5231170654 4.05794754624367 0 0
"us" 0 0 0 0 0 0 -1478.08241844177 -5704.25415039062 -2844.68507766724 26079.2922973633 13511.9276046753 2439.06617164612 56.5784573554993 422.333419322968 20.1783254742622 0 0 0
"mexico" 0 -384.205788373947 -1050.50528049469 -228.344887495041 738.506972789764 91.838076710701 -87.9028737545013 -306.529879570007 -586.144030094147 -1.86898978427052 120.897673070431 199.775636196136 0 0 0 0 0 0
"colombia" 0 0 0 -0.594727927818894 -25.8013047277927 -1571.16174697876 0 0 0 0 -0.331132381688803 -174.374237656593 0 0 0 0 0 0
"latinamer" 0 88.9156609773636 -55.2661679685116 34.0107008814812 -393.743515014648 2687.1292591095 -224.092662334442 -291.123062372208 -379.388779401779 -466.431677341461 -17.6150277256966 804.525077342987 1.61607831250876 13.2140908390284 154.647335410118 820.971608161926 -34.1879725456238 0
"paraguay" 0 0 0 0 0 96.8133062124252 0 0 0 0 0 115.568533539772 0 0 0 0 0 0
"peru" -2.5144366081804 1.93134148139507 8.91485158354044 4.2966278269887 6.62922114133835 246.748387813568 -25.7833171635866 -11.6564584895968 -4.59200656041503 -9.67843271791935 47.2421385347843 644.370198249817 0 0 0 0 0 0
"uruguay" 0 0 0 0 0 0 0 0 0 0 0 -320.90950012207 0 0 0 0 0 0
"venezuela" 0 -0.0332779236487113 0 -24.2328848689795 -101.126790046692 -247.661247849464 0 0 0 0 0 0 0 0 0 0 0 0
"eu27" 0 0 0 0 0 0 0 0 -2685.30988693237 -53686.5158081055 -2822.28851318359 -883.821725845337 0 144.081935286522 -2083.47868919373 -1.47825852036476 0 0
"uk" 0 0 0 0 0 0 0 0 0 1076.90370082855 1441.63429737091 191.877126693726 0 0 0 59.6761181950569 0 0
"efta" 0 0 0 0 0 0 0 0 0 259.213387966156 0 0 0 206.727936863899 143.567830324173 3.08489985764027 0 0
"restofworld" 0 0 0 0 0 0 139.575377106667 31.7302793264389 2240.33665657043 25521.3756561279 1620.86772918701 218.883022665977 5.41865918785334 85.9094336628914 427.734017372131 5.99252711981535 0 0
"russia" 0 0 0 0 0 0 0 258.031576871872 22104.2976379395 6958.83893966675 240.384325385094 0 945.465743541718 4143.87035369873 19314.4588470459 0 0 0
"mena" -422.028988599777 0 0 0 0 0 -247.436448931694 -1652.53376960754 -1001.7569065094 2312.62254714966 283.828735351562 0 0 0 -3.9048963226378 0 0 0
"angola" 0 0 -19.6950510144234 -283.742994070053 -230.085626244545 0 0 0 -2.0084292627871 -63.4123161435127 0 0 0 0 0 0 0 0
"drc" 0 0 0 0 1083.58240127563 1797.50859737396 0 0 0 0 0 0 0 0 0 0 0 0
"nafr" 3.1144767999649 0 0 0 0 0 -65.8644735813141 -56.7664355039597 2.12898384779692 0.265891896560788 0 0 0 0 0 0 0 0
"wafr" 0 0 469.312340021133 4318.88294219971 2696.84720039368 1932.19482898712 0 0 0 0 0 0 0 0 0 0 0 0
"cafr" 0 2.38781608641148 0 145.869135856628 1315.28568267822 3454.91743087769 0 0 0 0 0 0 0 0 0 0 0 0
"eafr" -0.616328557953238 -26.2565910816193 -104.363225400448 201.871424913406 426.575422286987 1665.9140586853 0 0 0 0 466.507196426392 710.160493850708 0 0 0 0 0 0
"safr" 0 0 -2214.52951431274 -1233.38639736176 -1.26792711671442 117.220968008041 0 -0.0277136769000208 -149.35302734375 26.9483178853989 -130.538642406464 0 0 0 0 0 0 0
"ivorycoast" 0 0 0 -1316.730260849 -2996.42086029053 -6120.55444717407 0 0 0 0 0 0 0 0 0 0 0 0
"ghana" 0 0 0 19.8692046105862 743.84880065918 1088.30058574677 0 0 0 0 0 0 0 0 0 0 0 0
"nigeria" 0 0 0 7.29950796812773 1087.28218078613 871.632277965546 0 0 0 0 0 0 0 0 0 0 0 0
"mozambique" 0 0 1943.84050369263 6878.73458862305 3563.48705291748 0 0 0 0 0 0 0 0 0 0 0 0 0
