"argentina" 0 0 0 0 0 0 1133.62240791321 3427.97493934631 3550.70400238037 3978.07621955872 0 7615.807056427 45.0510084629059 249.549612402916 241.947501897812 0 0 0
"bolivia" 0 0 120.773039758205 -643.822968006134 -1727.41138935089 -2793.23697090149 0 0 -76.1514231562614 -96.5571328997612 -32.2117917239666 -61.2751469016075 0 0 0 0 0 0
"brasil" 0 0 0 4964.74170684814 33998.908996582 9418.49136352539 0 0 0 0 0 1893.15485954285 0 0 0 0 0 0
"oceania" 0 0 0 41.2772223353386 199.346318840981 1244.57597732544 0 0 24.268664419651 687.178254127502 1145.1461315155 3179.28314208984 0 0 0 0 0 0
"newzealand" 0 0 0 0 0 0 0 0 0 0 1854.22265529633 5638.52310180664 0 0 0 -45.3996509313583 0 0
"china" 0 0 0 0 245.901674032211 -0.0318798702210188 23.3241356909275 26.1716283857822 4813.71831893921 -1496.39701843262 -8657.23419189453 5529.64019775391 49.9978139996529 3.85294202715158 -1046.26250267029 0 0 0
"japan" 0 0 0 0 0 0 0 0 61.4591799676418 878.574550151825 571.907222270966 441.627085208893 0 0 21.4764606207609 0 0 0
"korea" 0 0 0 0 0 0 0 0 0 37.3534634709358 78.5973891615868 0 0 0 0 0 0 0
"indonesia" 0 0 0 137.2931599617 165.0220900774 -244.404390454292 0 0 0 0 0 0 0 0 0 0 0 0
"madagascar" 0 0 0 426.213383674622 195.748180150986 2989.32552337646 0 0 0 0 0 0 0 0 0 0 0 0
"eastasia" 0 0 0 0 0 35.3758186101913 0 0 790.391445159912 7387.98236846924 1564.64171409607 0 0 15.6702287495136 368.96875500679 0 0 0
"seasia" 0 0 0 8037.06836700439 14416.4600372314 11939.2290115356 0 0 0 0 95.3928828239441 2888.39030265808 0 0 0 0 0 0
"malasya" 0 0 0 0 0 -534.12139415741 0 0 0 0 0 0 0 0 0 0 0 0
"myanmar" 0 0 0 4709.46502685547 7679.35800552368 916.935324668884 0 0 0 0 1600.65364837646 1458.79769325256 0 0 0 0 0 0
"southasia" 0 0 0 989.732205867767 4664.72959518433 302.414387464523 0 -0.139376264996827 1.2259156210348 980.651021003723 51.6033545136452 0 0 0 0 0 0 0
"india" 0 402.082502841949 6892.37689971924 10561.4070892334 2031.33153915405 542.124271392822 0 589.755058288574 1477.31292247772 282.524943351746 226.721927523613 735.148131847382 0 0 0 0 0 0
"canada" 0 0 0 0 0 0 0 -57.1606867015362 398245.361328125 125968.719482422 292.990446090698 0 0 929.34513092041 14277.4457931519 5.49301318824291 0 0
"us" 0 0 0 0 0 0 -980.96752166748 189.563125371933 -2207.31329917908 34063.5414123535 18567.7890777588 8125.34523010254 86.2728357315063 648.079574108124 25.9163938462734 0 0 0
"mexico" 0 -202.987849712372 -361.872345209122 291.174471378326 1123.81589412689 469.621390104294 -61.18468567729 -175.555631518364 -108.743123710155 364.93381857872 225.579902529716 213.957592844963 0 0 0 0 0 0
"colombia" 0 0 0 2.919917460531 18.424529582262 -1553.91776561737 0 0 0 0 0.649962923489511 -327.382445335388 0 0 0 0 0 0
"latinamer" 0 128.796845674515 67.2679841518402 859.983623027802 1204.02264595032 10388.5259628296 -130.49778342247 -93.251645565033 -90.0313407182693 -137.396425008774 493.01290512085 2187.68501281738 3.85020510293543 104.712121188641 530.061960220337 1527.43768692017 44.219933450222 0
"paraguay" 0 0 0 0 0 -8911.05079650879 0 0 0 0 0 1938.67492675781 0 0 0 0 0 0
"peru" 22.1349354833364 96.9613417983055 62.2222721576691 26.8631502985954 248.243629932404 4349.39479827881 53.3900484442711 39.4922122359276 98.1496572494507 140.308275818825 968.522727489471 5227.97012329102 0 0 0 0 0 0
"uruguay" 0 0 0 0 0 0 0 0 0 0 0 2166.95618629456 0 0 0 0 0 0
"venezuela" 0 0.0675808332744054 0 4.16702637448907 48.3426712453365 102.429404854774 0 0 0 0 0 0 0 0 0 0 0 0
"eu27" 0 0 0 0 0 0 0 0 -15789.1731262207 -220198.333740234 -47689.1021728516 -9430.46188354492 0 -582.020342350006 -8011.14749908447 -267.420470714569 0 0
"uk" 0 0 0 0 0 0 0 0 0 3179.07047271729 5244.38095092773 573.67205619812 0 0 0 167.733564972878 0 0
"efta" 0 0 0 0 0 0 0 0 0 700.95294713974 0 0 0 661.394238471985 415.571421384811 10.4929944500327 0 0
"restofworld" 0 0 0 0 0 0 1494.6141242981 160.669803619385 5428.37238311768 51924.7665405273 3647.97973632812 450.874924659729 23.2514981180429 303.373634815216 932.782173156738 17.6542215049267 0 0
"russia" 0 0 0 0 0 0 0 524.468004703522 45146.3317871094 14224.8287200928 462.450921535492 0 1559.19408798218 6380.74398040771 27979.5665740967 0 0 0
"mena" -391.328454017639 0 0 0 0 0 -255.099236965179 -1580.93357086182 649.207174777985 3638.10014724731 425.365030765533 0 0 0 -1.42242352012545 0 0 0
"angola" 0 0 144.450306892395 3179.65579032898 3389.61148262024 0 0 0 2.16852314770222 468.483239412308 0 0 0 0 0 0 0 0
"drc" 0 0 0 0 2767.41313934326 3550.71783065796 0 0 0 0 0 0 0 0 0 0 0 0
"nafr" 8.21744557470083 0 0 0 0 0 -10.7957404106855 13.2383108139038 11.8688112124801 3.8775559514761 0 0 0 0 0 0 0 0
"wafr" 0 0 1156.1393737793 8558.41541290283 5258.52966308594 2730.10730743408 0 0 0 0 0 0 0 0 0 0 0 0
"cafr" 0 5.35403937101364 0 405.305296182632 2930.64498901367 7653.65505218506 0 0 0 0 0 0 0 0 0 0 0 0
"eafr" -0.477591442177072 -20.5795262008905 -36.9374789297581 1655.12478351593 1077.67963409424 2723.14190864563 0 0 0 0 743.000745773315 1118.88754367828 0 0 0 0 0 0
"safr" 0 0 -1930.06598949432 -900.089144706726 0.43761299457401 202.412322163582 0 -0.0160134259203915 -121.292226016521 164.324924349785 -33.8999964296818 0 0 0 0 0 0 0
"ivorycoast" 0 0 0 -5696.19417190552 -12571.6905593872 -25042.1772003174 0 0 0 0 0 0 0 0 0 0 0 0
"ghana" 0 0 0 143.542036414146 5117.27666854858 7533.05578231812 0 0 0 0 0 0 0 0 0 0 0 0
"nigeria" 0 0 0 47.4233776330948 2047.37520217896 1539.43526744843 0 0 0 0 0 0 0 0 0 0 0 0
"mozambique" 0 0 -1125.67114830017 -4818.6731338501 -2831.37655258179 0 0 0 0 0 0 0 0 0 0 0 0 0
