"argentina" 0 0 0 0 0 0 805.146396160126 2183.00652503967 2153.50818634033 1769.07026767731 0 2855.70406913757 0.94969873316586 43.7940061092377 90.8767133951187 0 0 0
"bolivia" 0 0 492.305368185043 -1650.6530046463 -4283.85734558105 -8785.89630126953 0 0 -366.747736930847 -410.099685192108 -148.942545056343 -264.037668704987 0 0 0 0 0 0
"brasil" 0 0 0 4002.54583358765 49807.1670532227 -8052.58750915527 0 0 0 0 0 614.901304244995 0 0 0 0 0 0
"oceania" 0 0 0 -0.0853737510624342 26.2034628540277 353.489845991135 0 0 0.843846879433841 50.3253117203712 107.532352209091 307.149708271027 0 0 0 0 0 0
"newzealand" 0 0 0 0 0 0 0 0 0 0 1125.26571750641 3340.94190597534 0 0 0 -268.995761871338 0 0
"china" 0 0 0 0 -1.89625937491655 9.1140978038311 0.0664128456264734 1.38954538851976 48.0180084705353 432.477056980133 715.330004692078 107.553005218506 -1.23121531214565 0.141518990858458 121.134541928768 0 0 0
"japan" 0 0 0 0 0 0 0 0 2.24199844524264 35.7162654399872 13.591343536973 10.3765204548836 0 0 1.37732923030853 0 0 0
"korea" 0 0 0 0 0 0 0 0 0 -233.082488179207 -424.050837755203 0 0 0 0 0 0 0
"indonesia" 0 0 0 30.6501239538193 8.84075835347176 -3606.46414756775 0 0 0 0 0 0 0 0 0 0 0 0
"madagascar" 0 0 0 -20.7942239940166 -31.4381793141365 -193.702429533005 0 0 0 0 0 0 0 0 0 0 0 0
"eastasia" 0 0 0 0 0 9.81893390417099 0 0 18.9425088465214 -138.285577297211 -27.9280617833138 0 0 22.6946212351322 85.7476592063904 0 0 0
"seasia" 0 0 0 1587.37683296204 2681.17189407349 2033.80727767944 0 0 0 0 18.2042811065912 537.925720214844 0 0 0 0 0 0
"malasya" 0 0 0 0 0 -1253.42035293579 0 0 0 0 0 0 0 0 0 0 0 0
"myanmar" 0 0 0 357.205808162689 570.329248905182 57.2776049375534 0 0 0 0 113.963782787323 104.707591235638 0 0 0 0 0 0
"southasia" 0 0 0 364.843428134918 1686.98215484619 129.106640815735 0 0.0627718618488871 0.492410152219236 316.230714321136 17.7764538675547 0 0 0 0 0 0 0
"india" 0 119.541898369789 2209.87987518311 3550.39834976196 694.229006767273 190.250605344772 0 156.071946024895 518.35823059082 100.767210125923 68.9573436975479 267.680704593658 0 0 0 0 0 0
"canada" 0 0 0 0 0 0 0 -714.594662189484 40669.2276000977 14169.3572998047 30.8820214122534 0 0 87.5940024852753 1203.10854911804 0.29109773458913 0 0
"us" 0 0 0 0 0 0 -242.156282067299 -2360.35871505737 -912.64408826828 4445.4402923584 3211.03572845459 1617.99693107605 11.5669667720795 85.7476517558098 5.23788947612047 0 0 0
"mexico" 0 -126.247897744179 -482.953757047653 -253.711313009262 4.96243964880705 -140.362143516541 -20.5574240535498 -96.9790369272232 -282.736539840698 -116.975970566273 -8.8491840288043 40.786936879158 0 0 0 0 0 0
"colombia" 0 0 0 0.139616648084484 12.8325838595629 1040.63773155212 0 0 0 0 0.135893933475018 127.227514982224 0 0 0 0 0 0
"latinamer" 0 33.950574696064 0.236076943110675 92.8642824292183 -25.0481069087982 1237.99824714661 -42.3636361956596 -36.1288115382195 -46.2258495390415 -78.4474983811378 33.517062664032 422.439575195312 0.96531369490549 25.9451828896999 131.810396909714 391.646265983582 9.34746209532022 0
"paraguay" 0 0 0 0 0 -444.735109806061 0 0 0 0 0 82.6916098594666 0 0 0 0 0 0
"peru" 1.22421234846115 7.29989632964134 12.6546137034893 2.91043426841497 7.63335963711143 39.8754328489304 -5.40150376036763 1.65430572815239 4.00508008897305 2.79932143166661 66.5668696165085 432.525366544724 0 0 0 0 0 0
"uruguay" 0 0 0 0 0 0 0 0 0 0 0 -1046.61726951599 0 0 0 0 0 0
"venezuela" 0 0.0336505290761124 0 1.49480369873345 24.6574878692627 59.234693646431 0 0 0 0 0 0 0 0 0 0 0 0
"eu27" 0 0 0 0 0 0 0 0 -4942.1272277832 -81037.2161865234 -10773.5929489136 -2363.06095123291 0 30.7437125593424 -3031.48651123047 -49.4383908808231 0 0
"uk" 0 0 0 0 0 0 0 0 0 957.962393760681 1483.37864875793 172.088921070099 0 0 0 51.7328754067421 0 0
"efta" 0 0 0 0 0 0 0 0 0 160.089984536171 0 0 0 229.072853922844 117.313861846924 3.95494699478149 0 0
"restofworld" 0 0 0 0 0 0 532.18013048172 56.7338392138481 1752.39062309265 16699.4934082031 1177.13022232056 145.44665813446 8.04572924971581 102.308437228203 303.702622652054 5.75630040839314 0 0
"russia" 0 0 0 0 0 0 0 68.7813013792038 5767.19808578491 1680.38856983185 48.1986962258816 0 54.3666630983353 6.37583434581757 -877.608776092529 0 0 0
"mena" -178.077757358551 0 0 0 0 0 -83.8128998875618 -585.292816162109 -765.601515769958 510.733962059021 65.1918202638626 0 0 0 -2.35482398420572 0 0 0
"angola" 0 0 22.7643251419067 708.177208900452 816.638708114624 0 0 0 -1.77260278724134 89.9369120597839 0 0 0 0 0 0 0 0
"drc" 0 0 0 0 1525.81882476807 2209.36560630798 0 0 0 0 0 0 0 0 0 0 0 0
"nafr" 3.1894501298666 0 0 0 0 0 35.5466455221176 36.6807617247105 5.285969004035 1.96634465828538 0 0 0 0 0 0 0 0
"wafr" 0 0 346.400558948517 2273.24080467224 1345.0448513031 608.007192611694 0 0 0 0 0 0 0 0 0 0 0 0
"cafr" 0 1.95647589862347 0 157.640680670738 1037.77527809143 2721.25458717346 0 0 0 0 0 0 0 0 0 0 0 0
"eafr" -0.0648904388071969 -4.33829659596086 -11.2689863890409 284.004867076874 201.122015714645 683.150231838226 0 0 0 0 184.900596737862 315.584719181061 0 0 0 0 0 0
"safr" 0 0 -371.36298418045 -178.173333406448 -0.0527812517248094 39.758987724781 0 0.00171141618920956 -15.6061854213476 49.1427555680275 -9.67472977936268 0 0 0 0 0 0 0
"ivorycoast" 0 0 0 -1229.41839694977 -2820.01256942749 -5855.53073883057 0 0 0 0 0 0 0 0 0 0 0 0
"ghana" 0 0 0 9.48941987007856 353.738933801651 555.321633815765 0 0 0 0 0 0 0 0 0 0 0 0
"nigeria" 0 0 0 15.673253685236 680.344104766846 512.869298458099 0 0 0 0 0 0 0 0 0 0 0 0
"mozambique" 0 0 560.981094837189 1706.9445848465 760.599076747894 0 0 0 0 0 0 0 0 0 0 0 0 0
