"argentina" 0 0 0 0 0 0 852.427005767822 2323.17209243774 2297.86610603333 1895.62559127808 0 3079.86259460449 2.54836678504944 53.0224293470383 100.305415689945 0 0 0
"bolivia" 0 0 491.347223520279 -1644.60921287537 -4266.69311523438 -8756.89125061035 0 0 -365.797430276871 -409.171849489212 -148.490250110626 -263.231515884399 0 0 0 0 0 0
"brasil" 0 0 0 4305.20725250244 51430.965423584 -7004.14657592773 0 0 0 0 0 777.236700057983 0 0 0 0 0 0
"oceania" 0 0 0 -0.632538576610386 21.0922043770552 306.061238050461 0 0 0.34575373865664 34.540168941021 81.2128037214279 234.787046909332 0 0 0 0 0 0
"newzealand" 0 0 0 0 0 0 0 0 0 0 -325.008153915405 -976.846516132355 0 0 0 34.0019762516022 0 0
"china" 0 0 0 0 -6.02111918851733 3.37146036326885 -0.0668162610963918 0.951988273300231 1.69695168733597 315.087854862213 559.532284736633 -46.5362779796124 -1.45351944956928 0.113186622911599 96.9832167029381 0 0 0
"japan" 0 0 0 0 0 0 0 0 3.91480745747685 58.3447329699993 32.3336981236935 24.7137788683176 0 0 1.72095373272896 0 0 0
"korea" 0 0 0 0 0 0 0 0 0 -244.903087615967 -446.583360433578 0 0 0 0 0 0 0
"indonesia" 0 0 0 33.80136936903 12.7501785755157 -3613.5458946228 0 0 0 0 0 0 0 0 0 0 0 0
"madagascar" 0 0 0 -21.5902216732502 -31.4019992947578 -201.678544282913 0 0 0 0 0 0 0 0 0 0 0 0
"eastasia" 0 0 0 0 0 8.68743285536766 0 0 17.9013144224882 -73.7206786870956 -11.2175354734063 0 0 19.1055834293365 72.5577101111412 0 0 0
"seasia" 0 0 0 1514.48929309845 2576.00903511047 1936.57457828522 0 0 0 0 17.8315080702305 513.598263263702 0 0 0 0 0 0
"malasya" 0 0 0 0 0 -1310.85991859436 0 0 0 0 0 0 0 0 0 0 0 0
"myanmar" 0 0 0 350.750505924225 557.752788066864 55.8194145560265 0 0 0 0 111.262910068035 102.351553738117 0 0 0 0 0 0
"southasia" 0 0 0 343.456834554672 1590.22831916809 121.62259221077 0 0.0595703750150278 0.460730923805386 296.360433101654 16.7172811925411 0 0 0 0 0 0 0
"india" 0 110.050037503242 2046.91243171692 3279.45232391357 644.177973270416 177.178233861923 0 142.112508416176 481.372833251953 93.2843834161758 62.8286078572273 250.340104103088 0 0 0 0 0 0
"canada" 0 0 0 0 0 0 0 -621.196389198303 36272.9797363281 12872.3993301392 27.8421156108379 0 0 80.5275291204453 1102.055311203 0.28596370248124 0 0
"us" 0 0 0 0 0 0 -223.198935389519 -2193.66455078125 -808.703362941742 4006.75106048584 2909.752368927 1417.63997077942 10.3635657578707 78.1193524599075 4.77517396211624 0 0 0
"mexico" 0 -93.522697687149 -358.23455452919 -165.229335427284 52.9870614409447 -87.5267088413239 -15.7715268433094 -75.1649737358093 -194.867938756943 -56.1860948801041 7.24475923925638 40.6269282102585 0 0 0 0 0 0
"colombia" 0 0 0 0.125959355500527 13.0400117486715 1080.08253574371 0 0 0 0 0.136282003950328 133.441984653473 0 0 0 0 0 0
"latinamer" 0 31.3786529004574 2.06675450317562 91.973103582859 -15.4544422402978 1143.24641227722 -34.8630025982857 -25.9480755776167 -32.9566448926926 -63.0097240209579 33.638633787632 399.51103925705 0.925758678931743 26.0374397039413 128.942966461182 369.387328624725 10.8647551387548 0
"paraguay" 0 0 0 0 0 -434.159934520721 0 0 0 0 0 83.9250609278679 0 0 0 0 0 0
"peru" 1.14914798177779 6.89781038090587 12.4784968793392 2.78656790032983 6.42001209780574 16.7972389608622 -5.5561731569469 1.58092123456299 3.60892154276371 2.21158657222986 62.3133666813374 407.808899879456 0 0 0 0 0 0
"uruguay" 0 0 0 0 0 0 0 0 0 0 0 -988.919496536255 0 0 0 0 0 0
"venezuela" 0 0.0264943591901101 0 0.640921469312161 19.1277395933867 44.7627045214176 0 0 0 0 0 0 0 0 0 0 0 0
"eu27" 0 0 0 0 0 0 0 0 -5187.8833770752 -84631.7901611328 -11432.8575134277 -2485.59331893921 0 11.7096062749624 -3161.63349151611 -53.1992353498936 0 0
"uk" 0 0 0 0 0 0 0 0 0 974.4713306427 1564.3527507782 175.441473722458 0 0 0 52.201122045517 0 0
"efta" 0 0 0 0 0 0 0 0 0 158.244982361794 0 0 0 235.356599092484 118.454940617085 4.08890983089805 0 0
"restofworld" 0 0 0 0 0 0 565.739154815674 59.2554993927479 1764.02533054352 16603.9352416992 1179.50356006622 144.802182912827 8.36851634085178 105.525448918343 303.850322961807 5.89116709306836 0 0
"russia" 0 0 0 0 0 0 0 56.8529218435287 4775.84743499756 1361.37187480927 37.1970236301422 0 10.9065175056458 -186.907947063446 -1796.70262336731 0 0 0
"mena" -157.0775359869 0 0 0 0 0 -72.0761194825172 -507.18104839325 -702.316164970398 426.974445581436 54.4835850596428 0 0 0 -2.15861992910504 0 0 0
"angola" 0 0 14.6861001849174 540.977835655212 642.768323421478 0 0 0 -2.01660324819386 63.9486461877823 0 0 0 0 0 0 0 0
"drc" 0 0 0 0 1524.78051185608 2195.03831863403 0 0 0 0 0 0 0 0 0 0 0 0
"nafr" 3.17510170862079 0 0 0 0 0 43.1759431958199 43.9903400838375 5.49236871302128 2.08809599280357 0 0 0 0 0 0 0 0
"wafr" 0 0 326.232731342316 2143.38254928589 1265.5838727951 569.110572338104 0 0 0 0 0 0 0 0 0 0 0 0
"cafr" 0 1.84818613342941 0 147.76249229908 958.028197288513 2506.69431686401 0 0 0 0 0 0 0 0 0 0 0 0
"eafr" -0.0577490936848335 -3.9743916131556 -9.47896484285593 290.847986936569 199.191898107529 661.380052566528 0 0 0 0 178.48527431488 304.650336503983 0 0 0 0 0 0
"safr" 0 0 -326.173305511475 -145.297005772591 -0.0358892284566537 36.0985137522221 0 0.00284181578535936 -11.0146151855588 49.0427277982235 -6.05639955028892 0 0 0 0 0 0 0
"ivorycoast" 0 0 0 -1227.00309753418 -2814.80550765991 -5843.34278106689 0 0 0 0 0 0 0 0 0 0 0 0
"ghana" 0 0 0 8.85110720992088 330.89554309845 518.799662590027 0 0 0 0 0 0 0 0 0 0 0 0
"nigeria" 0 0 0 15.0319049134851 663.139045238495 500.374436378479 0 0 0 0 0 0 0 0 0 0 0 0
"mozambique" 0 0 497.747838497162 1520.17307281494 677.624523639679 0 0 0 0 0 0 0 0 0 0 0 0 0
