"argentina" 0 0 0 0 0 0 -5576.19476318359 -15372.2734451294 -18657.299041748 -19478.5442352295 0 -34906.9023132324 11.2755671143532 -266.521722078323 -626.060843467712 0 0 0
"bolivia" 0 0 579.209089279175 -2282.53126144409 -6071.0768699646 -11467.4816131592 0 0 -433.349251747131 -477.790117263794 -178.34010720253 -317.431926727295 0 0 0 0 0 0
"brasil" 0 0 0 -7000.77438354492 -80341.6137695312 78033.5998535156 0 0 0 0 0 6986.06300354004 0 0 0 0 0 0
"oceania" 0 0 0 32.702948898077 50.3549352288246 26.5468619763851 0 0 14.4141409546137 307.771921157837 416.852533817291 1101.84717178345 0 0 0 0 0 0
"newzealand" 0 0 0 0 0 0 0 0 0 0 2703.44495773315 8269.88792419434 0 0 0 62.3928792774677 0 0
"china" 0 0 0 0 430.452287197113 374.932706356049 18.0866196751595 42.3255860805511 5664.60800170898 6347.57089614868 4508.48293304443 13216.157913208 43.8372790813446 3.74591676518321 866.395473480225 0 0 0
"japan" 0 0 0 0 0 0 0 0 -24.5963558554649 -307.080566883087 -340.410619974136 -253.63951921463 0 0 0.477365334518254 0 0 0
"korea" 0 0 0 0 0 0 0 0 0 -203.034996986389 -359.772652387619 0 0 0 0 0 0 0
"indonesia" 0 0 0 150.740474462509 136.283367872238 -3298.65789413452 0 0 0 0 0 0 0 0 0 0 0 0
"madagascar" 0 0 0 571.050524711609 268.195360898972 4082.81993865967 0 0 0 0 0 0 0 0 0 0 0 0
"eastasia" 0 0 0 0 0 40.2236692607403 0 0 -239.872455596924 -4785.72940826416 -1015.72227478027 0 0 138.801142573357 388.938069343567 0 0 0
"seasia" 0 0 0 883.208215236664 3724.47824478149 804.209887981415 0 0 0 0 69.324679672718 313.110172748566 0 0 0 0 0 0
"malasya" 0 0 0 0 0 299.057841300964 0 0 0 0 0 0 0 0 0 0 0 0
"myanmar" 0 0 0 -450.291633605957 -1951.72953605652 -427.474856376648 0 0 0 0 -533.189177513123 -449.209779500961 0 0 0 0 0 0
"southasia" 0 0 0 -275.303602218628 -1433.04443359375 -50.0852316617966 0 0.557896564714611 -0.360700068995357 -532.422482967377 -25.9550251066685 0 0 0 0 0 0 0
"india" 0 -19.9277438223362 -886.370062828064 -890.816688537598 -94.1339731216431 -35.4148298501968 0 -126.827359199524 -562.771201133728 -59.0369924902916 17.530919983983 -53.5187721252441 0 0 0 0 0 0
"canada" 0 0 0 0 0 0 0 3101.41372680664 -102807.563781738 -31914.0357971191 -72.528287768364 0 0 -212.144553661346 -3010.40744781494 -0.882227439433336 0 0
"us" 0 0 0 0 0 0 1821.12550735474 12508.5382461548 3454.59699630737 -1579.59508895874 5167.37079620361 11296.6537475586 33.9221768081188 305.484563112259 5.26362890377641 0 0 0
"mexico" 0 352.010548114777 1446.20609283447 868.841052055359 191.604122519493 369.023144245148 55.043064057827 246.930480003357 1289.4651889801 633.765280246735 127.220168709755 -65.2604997158051 0 0 0 0 0 0
"colombia" 0 0 0 4.62417211383581 93.2999700307846 3245.69511413574 0 0 0 0 1.53290922753513 175.350099802017 0 0 0 0 0 0
"latinamer" 0 48.5919117927551 274.889171123505 1728.77359390259 3325.89054107666 14171.7548370361 302.857875823975 580.41787147522 802.968502044678 922.072410583496 1093.12832355499 2604.28285598755 4.15831571444869 194.90846991539 759.801983833313 1212.10539340973 187.174022197723 0
"paraguay" 0 0 0 0 0 -9026.88503265381 0 0 0 0 0 1951.27940177917 0 0 0 0 0 0
"peru" 32.6620154082775 111.404754221439 64.7890865802765 26.040218770504 270.709812641144 4493.69239807129 109.440132975578 65.7355040311813 127.242341637611 178.633540868759 1106.87804222107 5293.97344589233 0 0 0 0 0 0
"uruguay" 0 0 0 0 0 0 0 0 0 0 0 4306.08701705933 0 0 0 0 0 0
"venezuela" 0 0.248244788963348 0 77.0876556634903 335.959941148758 907.884657382965 0 0 0 0 0 0 0 0 0 0 0 0
"eu27" 0 0 0 0 0 0 0 0 -18687.8280639648 -266370.208740234 -55571.5179443359 -11050.0116348267 0 -716.821074485779 -9812.21103668213 -311.53529882431 0 0
"uk" 0 0 0 0 0 0 0 0 0 3271.00396156311 6408.65993499756 596.909463405609 0 0 0 164.465099573135 0 0
"efta" 0 0 0 0 0 0 0 0 0 -32.4056595563889 0 0 0 617.283701896667 162.392392754555 12.6288160681725 0 0
"restofworld" 0 0 0 0 0 0 2561.72513961792 226.721331477165 4153.80477905273 28225.6050109863 2569.37074661255 255.32990694046 33.255398273468 366.371095180511 606.342315673828 20.640654489398 0 0
"russia" 0 0 0 0 0 0 0 111.741781234741 12158.0247879028 4083.20045471191 13.7497577816248 0 -589.760899543762 -3731.26816749573 -22618.2823181152 0 0 0
"mena" 635.693609714508 0 0 0 0 0 318.187206983566 2458.98962020874 4405.17807006836 -433.20295214653 -122.279144823551 0 0 0 9.37748141586781 0 0 0
"angola" 0 0 333.687484264374 8222.62573242188 8519.18888092041 0 0 0 -0.857066363096237 1340.16692638397 0 0 0 0 0 0 0 0
"drc" 0 0 0 0 4048.56061935425 4588.698387146 0 0 0 0 0 0 0 0 0 0 0 0
"nafr" 6.5204631537199 0 0 0 0 0 276.200830936432 197.590202093124 15.421275049448 5.97278494387865 0 0 0 0 0 0 0 0
"wafr" 0 0 1132.13872909546 6559.47637557983 3910.22539138794 695.878982543945 0 0 0 0 0 0 0 0 0 0 0 0
"cafr" 0 5.80342672765255 0 514.433085918427 3133.01086425781 8365.38505554199 0 0 0 0 0 0 0 0 0 0 0 0
"eafr" 0.42991031659767 16.5151171386242 124.35482442379 1879.68313694 732.749104499817 1099.62451457977 0 0 0 0 269.790470600128 447.641730308533 0 0 0 0 0 0
"safr" 0 0 2418.04957389832 1843.0198431015 4.21910360455513 73.872447013855 0 0.0776955712353811 210.761368274689 388.348698616028 321.297943592072 0 0 0 0 0 0 0
"ivorycoast" 0 0 0 -5714.80369567871 -12609.9796295166 -25164.8445129395 0 0 0 0 0 0 0 0 0 0 0 0
"ghana" 0 0 0 148.583725094795 5171.19407653809 7482.13195800781 0 0 0 0 0 0 0 0 0 0 0 0
"nigeria" 0 0 0 38.465216755867 1280.31349182129 921.873331069946 0 0 0 0 0 0 0 0 0 0 0 0
"mozambique" 0 0 921.594798564911 2360.59904098511 854.971647262573 0 0 0 0 0 0 0 0 0 0 0 0 0
