"argentina" 0 0 0 0 0 0 -5567.36373901367 -15513.955116272 -18712.6350402832 -19581.3522338867 0 -35191.3223266602 -10.8385579660535 -359.984040260315 -681.769371032715 0 0 0
"bolivia" 0 0 531.209349632263 -2159.35230255127 -5754.00352478027 -10996.8013763428 0 0 -421.373248100281 -465.512216091156 -177.362352609634 -315.161198377609 0 0 0 0 0 0
"brasil" 0 0 0 -9212.40425109863 -88380.37109375 64013.0157470703 0 0 0 0 0 5216.79925918579 0 0 0 0 0 0
"oceania" 0 0 0 23.2732202857733 -11.003602296114 -607.947945594788 0 0 8.06635431945324 117.055036127567 100.719854235649 234.505414962769 0 0 0 0 0 0
"newzealand" 0 0 0 0 0 0 0 0 0 0 1219.07329559326 3780.96437454224 0 0 0 172.840997576714 0 0
"china" 0 0 0 0 348.011314868927 254.54980134964 15.2349676936865 33.9786112308502 4838.4575843811 3851.03702545166 986.49263381958 10261.1865997314 40.2391478419304 3.25909536331892 331.056118011475 0 0 0
"japan" 0 0 0 0 0 0 0 0 -55.6032285094261 -744.318723678589 -655.571818351746 -492.177039384842 0 0 -8.42627976089716 0 0 0
"korea" 0 0 0 0 0 0 0 0 0 26.6579203307629 59.7447082400322 0 0 0 0 0 0 0
"indonesia" 0 0 0 146.790519356728 73.3102113008499 -9650.94470977783 0 0 0 0 0 0 0 0 0 0 0 0
"madagascar" 0 0 0 169.402718544006 83.7975963950157 1449.67937469482 0 0 0 0 0 0 0 0 0 0 0 0
"eastasia" 0 0 0 0 0 34.5354899764061 0 0 -378.512531518936 -6248.94094467163 -1324.61357116699 0 0 140.361070632935 340.522289276123 0 0 0
"seasia" 0 0 0 -2451.99966430664 -1608.57808589935 -3436.0408782959 0 0 0 0 35.5810262262821 -759.045004844666 0 0 0 0 0 0
"malasya" 0 0 0 0 0 -962.709188461304 0 0 0 0 0 0 0 0 0 0 0 0
"myanmar" 0 0 0 -1401.74829959869 -3547.48129844666 -604.482769966125 0 0 0 0 -865.593552589417 -745.847105979919 0 0 0 0 0 0
"southasia" 0 0 0 -910.516917705536 -4442.69561767578 -265.546441078186 0 0.69637899287045 -1.04649330023676 -1149.35719966888 -58.401882648468 0 0 0 0 0 0 0
"india" 0 -268.765211105347 -5601.33743286133 -8572.64232635498 -1581.29894733429 -446.096569299698 0 -622.955441474915 -1845.71695327759 -276.911348104477 -136.827901005745 -603.71333360672 0 0 0 0 0 0
"canada" 0 0 0 0 0 0 0 4141.63827896118 -224924.835205078 -72651.2756347656 -170.028328895569 0 0 -519.641637802124 -7625.74195861816 -2.54852185025811 0 0
"us" 0 0 0 0 0 0 2188.2529258728 15923.6469268799 4968.4009552002 -13387.3567581177 -2024.54972267151 7576.82847976685 4.85517410561442 89.4716531038284 -6.26346282660961 0 0 0
"mexico" 0 516.321957111359 1986.59431934357 963.198661804199 -280.751883983612 307.33448266983 77.9815018177032 354.366153478622 1546.16189002991 521.17258310318 26.1460058391094 -198.797583580017 0 0 0 0 0 0
"colombia" 0 0 0 4.39546490088105 90.0318399071693 3228.01637649536 0 0 0 0 1.47894280962646 184.925526380539 0 0 0 0 0 0
"latinamer" 0 -19.2944407463074 243.365183472633 1400.057554245 3079.66566085815 10775.8150100708 339.613795280457 573.573231697083 789.643168449402 970.333755016327 954.209327697754 1596.10199928284 1.90492393448949 125.179022550583 435.683608055115 377.820253372192 149.254620075226 0
"paraguay" 0 0 0 0 0 -9155.42030334473 0 0 0 0 0 1817.11149215698 0 0 0 0 0 0
"peru" 21.985437721014 83.9849784970284 50.2537079155445 24.007361382246 213.494062423706 3775.9063243866 55.6708015501499 30.3389206528664 90.8267572522163 123.018004000187 883.990049362183 4684.32855606079 0 0 0 0 0 0
"uruguay" 0 0 0 0 0 0 0 0 0 0 0 2545.2926158905 0 0 0 0 0 0
"venezuela" 0 0.265530601609498 0 100.289985537529 425.258338451385 1130.46538829803 0 0 0 0 0 0 0 0 0 0 0 0
"eu27" 0 0 0 0 0 0 0 0 -6154.67929840088 -105376.113891602 -13099.0266799927 -2915.93170166016 0 -63.6208727955818 -3968.00804138184 -57.1283437311649 0 0
"uk" 0 0 0 0 0 0 0 0 0 1165.92836380005 2908.3571434021 216.916367411613 0 0 0 53.8423955440521 0 0
"efta" 0 0 0 0 0 0 0 0 0 -674.508333206177 0 0 0 136.087507009506 -182.872444391251 5.57642197236419 0 0
"restofworld" 0 0 0 0 0 0 1409.14785861969 111.786708235741 917.220234870911 -224.214494228363 492.004126310349 7.32338521629572 17.4681916832924 166.019335389137 75.2299353480339 9.76787321269512 0 0
"russia" 0 0 0 0 0 0 0 -140.490710735321 -9255.66959381104 -2447.69382476807 -206.591233611107 0 -1318.2520866394 -6688.7001991272 -35438.5032653809 0 0 0
"mena" 835.070610046387 0 0 0 0 0 471.876919269562 3440.16742706299 3633.51821899414 -3043.80393028259 -424.01534318924 0 0 0 9.89582110196352 0 0 0
"angola" 0 0 233.125060796738 6203.43255996704 6424.15761947632 0 0 0 -4.38235327601433 1028.6910533905 0 0 0 0 0 0 0 0
"drc" 0 0 0 0 1980.12042045593 2068.65453720093 0 0 0 0 0 0 0 0 0 0 0 0
"nafr" 1.34102732408792 0 0 0 0 0 265.114337205887 182.117745280266 8.38301237672567 3.56283551082015 0 0 0 0 0 0 0 0
"wafr" 0 0 807.251572608948 4397.35984802246 2757.33041763306 -237.461686134338 0 0 0 0 0 0 0 0 0 0 0 0
"cafr" 0 2.56430776789784 0 257.486969232559 1637.19892501831 4609.95864868164 0 0 0 0 0 0 0 0 0 0 0 0
"eafr" 0.512448023073375 22.4628895521164 114.993289113045 642.527759075165 28.0994959175587 -611.928343772888 0 0 0 0 -193.353414535522 -299.52284693718 0 0 0 0 0 0
"safr" 0 0 3412.68229484558 2146.81839942932 3.44325508922338 -32.451543956995 0 0.0785783922765404 255.448818206787 281.964123249054 290.867149829865 0 0 0 0 0 0 0
"ivorycoast" 0 0 0 -5763.35144042969 -12698.2173919678 -25517.3397064209 0 0 0 0 0 0 0 0 0 0 0 0
"ghana" 0 0 0 145.450055599213 5079.16641235352 7352.35595703125 0 0 0 0 0 0 0 0 0 0 0 0
"nigeria" 0 0 0 -9.92555730044842 -187.06089258194 -144.952312111855 0 0 0 0 0 0 0 0 0 0 0 0
"mozambique" 0 0 75.7527649402618 -347.05126285553 -426.771700382233 0 0 0 0 0 0 0 0 0 0 0 0 0
