"argentina" 0 0 0 0 0 0 652.010083198547 1969.26021575928 1955.38330078125 1779.92713451385 0 3134.0765953064 27.849018573761 150.849506258965 143.143624067307 0 0 0
"bolivia" 0 0 532.640933990479 -1813.76349925995 -4723.92177581787 -9428.50685119629 0 0 -381.632566452026 -426.067858934402 -152.680635452271 -271.189779043198 0 0 0 0 0 0
"brasil" 0 0 0 2837.78882026672 21278.4042358398 9554.17251586914 0 0 0 0 0 1622.41840362549 0 0 0 0 0 0
"oceania" 0 0 0 13.0309853702784 78.538179397583 774.934053421021 0 0 8.14142264425755 244.565024971962 411.171793937683 1134.08017158508 0 0 0 0 0 0
"newzealand" 0 0 0 0 0 0 0 0 0 0 1307.93130397797 3962.91303634644 0 0 0 -72.7495104074478 0 0
"china" 0 0 0 0 114.890150725842 154.647454619408 4.12430102005601 12.7277746796608 1329.7963142395 3257.96222686768 4262.91418075562 4093.42288970947 6.20826473459601 0.866712012793869 669.777035713196 0 0 0
"japan" 0 0 0 0 0 0 0 0 33.4624163806438 474.277496337891 330.120712518692 250.989586114883 0 0 10.4369977489114 0 0 0
"korea" 0 0 0 0 0 0 0 0 0 -220.419675111771 -398.433357477188 0 0 0 0 0 0 0
"indonesia" 0 0 0 37.6735106110573 73.1014013290405 2530.59601783752 0 0 0 0 0 0 0 0 0 0 0 0
"madagascar" 0 0 0 430.905193090439 185.93892455101 2866.0089969635 0 0 0 0 0 0 0 0 0 0 0 0
"eastasia" 0 0 0 0 0 16.4379775524139 0 0 196.212947368622 1763.90528678894 384.419798851013 0 0 18.5122899711132 139.880269765854 0 0 0
"seasia" 0 0 0 4501.35135650635 7532.01675415039 5823.84204864502 0 0 0 0 51.4339283108711 1484.79950428009 0 0 0 0 0 0
"malasya" 0 0 0 0 0 13.7799400836229 0 0 0 0 0 0 0 0 0 0 0 0
"myanmar" 0 0 0 1240.82934856415 2041.67485237122 220.891192555428 0 0 0 0 421.187698841095 376.022130250931 0 0 0 0 0 0
"southasia" 0 0 0 879.513025283813 4130.55276870728 300.669699907303 0 -0.0456834095530212 1.06697715818882 821.891844272614 44.3863868713379 0 0 0 0 0 0 0
"india" 0 329.93870973587 6131.2403678894 9934.69619750977 1924.10790920258 527.473926544189 0 566.229403018951 1554.58641052246 279.798209667206 200.364097952843 716.752290725708 0 0 0 0 0 0
"canada" 0 0 0 0 0 0 0 -1046.46015167236 136443.420410156 46220.1385498047 105.894759297371 0 0 331.253558397293 4902.099609375 1.7233993858099 0 0
"us" 0 0 0 0 0 0 -298.238813877106 -2833.4698677063 -1505.32710552216 14223.7749099731 9738.11721801758 5900.91419219971 39.9786494672298 307.207524776459 14.9199739098549 0 0 0
"mexico" 0 -207.331895828247 -732.913136482239 -182.659894227982 495.369106531143 8.42734798789024 -32.6948873698711 -152.623549103737 -342.754364013672 87.0465934276581 107.235953211784 156.472861766815 0 0 0 0 0 0
"colombia" 0 0 0 0.479528098367155 -2.75824964046478 -776.968538761139 0 0 0 0 0.0458767244708724 -119.757488369942 0 0 0 0 0 0
"latinamer" 0 92.9083749651909 51.9397780299187 511.254906654358 471.584260463715 5206.22825622559 -40.9347116947174 26.379706338048 44.3624779582024 -29.7617726027966 237.255588173866 1467.41712093353 3.17236431874335 101.193562150002 465.573072433472 1170.75383663177 58.5776604712009 0
"paraguay" 0 0 0 0 0 -522.385716438293 0 0 0 0 0 262.768357992172 0 0 0 0 0 0
"peru" 11.7142330855131 38.2208190858364 29.6949930489063 6.6818268969655 75.2636417746544 945.91224193573 41.6374802589417 33.3276465535164 41.2101671099663 59.328954666853 323.355853557587 1336.40015125275 0 0 0 0 0 0
"uruguay" 0 0 0 0 0 0 0 0 0 0 0 875.884592533112 0 0 0 0 0 0
"venezuela" 0 0.0301316285913344 0 -17.2295942902565 -51.417350769043 -112.614400684834 0 0 0 0 0 0 0 0 0 0 0 0
"eu27" 0 0 0 0 0 0 0 0 -18310.8367919922 -254368.606567383 -55324.5506286621 -10909.7681045532 0 -588.824212551117 -9325.02174377441 -311.71703338623 0 0
"uk" 0 0 0 0 0 0 0 0 0 3122.54023551941 5253.41367721558 564.119696617126 0 0 0 164.153769612312 0 0
"efta" 0 0 0 0 0 0 0 0 0 788.567125797272 0 0 0 733.532667160034 465.086877346039 11.5539375692606 0 0
"restofworld" 0 0 0 0 0 0 1851.73058509827 184.346958994865 5066.05863571167 44720.6115722656 3293.94483566284 391.007035970688 25.754576548934 320.549011230469 834.454238414764 17.5852701067924 0 0
"russia" 0 0 0 0 0 0 0 306.007742881775 26130.2013397217 7921.85497283936 250.691056251526 0 676.369369029999 2425.36520957947 9135.28347015381 0 0 0
"mena" -235.006242990494 0 0 0 0 0 -166.954785585403 -1058.59887599945 833.61828327179 2941.25413894653 339.238911867142 0 0 0 -0.861171691212803 0 0 0
"angola" 0 0 142.269968986511 3185.68682670593 3399.71041679382 0 0 0 1.67463789694011 470.743864774704 0 0 0 0 0 0 0 0
"drc" 0 0 0 0 3626.76286697388 4701.68924331665 0 0 0 0 0 0 0 0 0 0 0 0
"nafr" 8.61832872033119 0 0 0 0 0 77.6251330971718 85.761159658432 13.8776246458292 5.12303272262216 0 0 0 0 0 0 0 0
"wafr" 0 0 674.164056777954 4457.34310150146 2535.63189506531 1472.94914722443 0 0 0 0 0 0 0 0 0 0 0 0
"cafr" 0 5.15333842486143 0 411.754280328751 2585.69550514221 6662.17803955078 0 0 0 0 0 0 0 0 0 0 0 0
"eafr" -0.0380900273739826 -4.77424822747707 30.3287226706743 1786.04125976562 963.844299316406 2265.70868492126 0 0 0 0 609.170794487 980.998635292053 0 0 0 0 0 0
"safr" 0 0 -957.265079021454 -223.868697881699 1.15553173236549 136.874347925186 0 0.00775999797042459 -30.6059904396534 172.385141253471 54.8377074301243 0 0 0 0 0 0 0
"ivorycoast" 0 0 0 -1305.25374412537 -3015.20705223083 -6114.15576934814 0 0 0 0 0 0 0 0 0 0 0 0
"ghana" 0 0 0 31.9060645997524 1250.87511539459 1751.35719776154 0 0 0 0 0 0 0 0 0 0 0 0
"nigeria" 0 0 0 61.0836893320084 2019.5689201355 1483.04843902588 0 0 0 0 0 0 0 0 0 0 0 0
"mozambique" 0 0 1346.6511964798 4214.81513977051 1943.08638572693 0 0 0 0 0 0 0 0 0 0 0 0 0
